RDN18	1	191	435	92	40	50	110
RDN18	2	40	65	23	10	9	26
RDN18	3	13	70	11	4	5	18
RDN18	4	13	36	19	3	9	14
RDN18	5	6	3	14	3	1	1
RDN18	6	21	8	7	4	3	8
RDN18	7	14	19	13	2	3	10
RDN18	8	9	11	6	0	9	13
RDN18	9	3	6	6	6	5	10
RDN18	10	18	18	10	13	14	17
RDN18	11	78	30	91	52	34	112
RDN18	12	10	5	3	1	5	14
RDN18	13	8	11	16	9	3	18
RDN18	14	1	1	4	2	0	8
RDN18	15	21	8	11	2	3	13
RDN18	16	7	1	3	2	1	10
RDN18	17	17	4	19	5	0	63
RDN18	18	19	12	16	3	5	92
RDN18	19	1	3	1	1	2	15
RDN18	20	66	33	22	15	10	453
RDN18	21	10	6	11	2	1	50
RDN18	22	4	5	5	5	5	17
RDN18	23	20	50	12	29	20	84
RDN18	24	8	6	6	4	7	58
RDN18	25	27	111	44	136	218	965
RDN18	26	20	25	14	15	22	102
RDN18	27	38	63	47	21	25	160
RDN18	28	62	11	78	13	0	42
RDN18	29	13	4	8	3	3	4
RDN18	30	4	4	5	4	2	9
RDN18	31	2	8	8	2	5	16
RDN18	32	7	1	7	2	0	4
RDN18	33	15	9	15	3	3	9
RDN18	34	5	8	7	5	1	16
RDN18	35	4	4	6	1	1	12
RDN18	36	11	57	11	15	14	137
RDN18	37	31	44	24	10	16	298
RDN18	38	14	13	12	0	3	57
RDN18	39	16	14	16	38	45	89
RDN18	40	12	14	21	23	57	128
RDN18	41	16	5	16	8	10	63
RDN18	42	66	186	55	74	129	239
RDN18	43	19	32	14	34	25	85
RDN18	44	16	26	13	7	7	66
RDN18	45	23	27	18	12	9	63
RDN18	46	13	12	4	10	12	23
RDN18	47	7	14	19	6	8	35
RDN18	48	4	20	12	21	22	106
RDN18	49	4	20	16	9	4	727
RDN18	50	10	20	3	18	18	217
RDN18	51	16	9	10	17	17	49
RDN18	52	25	45	18	44	63	134
RDN18	53	5	7	7	8	8	240
RDN18	54	71	98	66	60	113	2978
RDN18	55	55	8	63	15	13	66
RDN18	56	39	24	59	20	8	72
RDN18	57	58	82	51	30	31	113
RDN18	58	12	24	19	19	25	115
RDN18	59	7	24	31	18	17	254
RDN18	60	95	127	75	102	97	1291
RDN18	61	17	45	38	36	73	159
RDN18	62	47	29	32	28	34	86
RDN18	63	51	34	34	40	27	205
RDN18	64	55	103	54	45	56	760
RDN18	65	51	44	79	230	532	825
RDN18	66	47	30	28	15	33	99
RDN18	67	51	30	57	328	639	890
RDN18	68	14	23	15	12	23	37
RDN18	69	59	31	68	16	16	271
RDN18	70	58	47	23	19	34	145
RDN18	71	126	239	133	754	1166	1740
RDN18	72	62	90	42	82	150	250
RDN18	73	46	65	35	21	43	64
RDN18	74	53	37	51	18	41	111
RDN18	75	41	66	46	30	47	139
RDN18	76	18	18	24	68	150	209
RDN18	77	71	138	48	61	93	243
RDN18	78	10	15	6	13	12	71
RDN18	79	53	43	28	24	41	111
RDN18	80	80	87	83	213	431	502
RDN18	81	37	52	36	11	17	27
RDN18	82	53	79	35	29	29	53
RDN18	83	21	32	16	11	14	23
RDN18	84	65	84	34	200	342	444
RDN18	85	94	145	74	146	226	314
RDN18	86	6	20	7	6	9	21
RDN18	87	18	14	13	4	5	16
RDN18	88	76	28	41	13	13	31
RDN18	89	36	31	34	14	4	39
RDN18	90	104	225	81	42	74	131
RDN18	91	38	29	15	12	9	25
RDN18	92	111	354	76	297	487	708
RDN18	93	5	7	10	5	13	12
RDN18	94	30	24	36	10	9	24
RDN18	95	28	11	28	6	4	16
RDN18	96	19	2	17	4	4	6
RDN18	97	334	70	165	40	27	155
RDN18	98	30	4	19	7	3	43
RDN18	99	317	525	243	301	309	1252
RDN18	100	307	94	144	143	130	463
RDN18	101	45	40	35	27	32	471
RDN18	102	35	45	26	57	35	174
RDN18	103	15	18	27	99	138	222
RDN18	104	48	79	65	429	480	765
RDN18	105	17	16	23	44	63	96
RDN18	106	10	17	30	11	4	99
RDN18	107	15	5	15	12	6	106
RDN18	108	56	12	52	38	29	88
RDN18	109	21	25	30	32	22	67
RDN18	110	14	6	24	6	8	66
RDN18	111	202	355	127	125	120	433
RDN18	112	200	212	105	216	263	356
RDN18	113	57	29	25	9	11	43
RDN18	114	111	136	58	47	42	93
RDN18	115	122	77	103	31	28	47
RDN18	116	189	102	80	29	44	72
RDN18	117	175	138	77	53	48	193
RDN18	118	442	708	232	225	252	827
RDN18	119	112	81	60	51	70	120
RDN18	120	229	213	131	65	81	112
RDN18	121	91	103	99	33	26	49
RDN18	122	143	103	123	33	26	61
RDN18	123	213	670	189	148	206	278
RDN18	124	386	272	355	346	454	704
RDN18	125	417	277	261	107	116	455
RDN18	126	104	136	97	70	98	153
RDN18	127	68	61	68	20	38	63
RDN18	128	98	128	74	62	57	104
RDN18	129	60	63	61	145	226	305
RDN18	130	83	119	92	91	111	255
RDN18	131	147	111	110	128	156	240
RDN18	132	119	113	86	86	129	157
RDN18	133	200	202	133	110	180	184
RDN18	134	475	955	512	1375	1964	2283
RDN18	135	43	28	98	375	496	486
RDN18	136	111	92	153	870	1206	1084
RDN18	137	425	1506	503	1305	1357	3224
RDN18	138	142	166	105	174	262	1130
RDN18	139	142	368	124	710	684	1077
RDN18	140	88	112	89	94	129	106
RDN18	141	54	34	59	36	19	38
RDN18	142	276	289	212	132	150	172
RDN18	143	387	465	251	214	258	301
RDN18	144	1099	3651	925	2308	2627	5477
RDN18	145	98	225	83	292	425	565
RDN18	146	331	551	244	244	343	605
RDN18	147	337	859	296	1909	2240	2289
RDN18	148	268	266	230	459	605	748
RDN18	149	75	108	48	63	86	130
RDN18	150	52	108	41	59	84	98
RDN18	151	376	214	173	124	181	253
RDN18	152	91	77	32	56	56	103
RDN18	153	256	297	139	202	270	428
RDN18	154	887	975	413	598	952	4151
RDN18	155	477	537	259	276	574	1738
RDN18	156	173	314	128	309	867	1113
RDN18	157	192	138	158	98	313	313
RDN18	158	111	100	113	60	119	176
RDN18	159	41	14	21	34	49	71
RDN18	160	107	46	86	36	67	143
RDN18	161	163	65	149	52	80	363
RDN18	162	5	1	6	0	4	23
RDN18	163	49	38	49	20	53	55
RDN18	164	38	16	36	13	19	50
RDN18	165	18	9	21	8	12	27
RDN18	166	67	40	58	38	43	174
RDN18	167	42	35	27	22	22	91
RDN18	168	9	25	13	38	51	83
RDN18	169	10	15	9	20	36	59
RDN18	170	27	114	30	72	76	345
RDN18	171	16	10	9	8	12	133
RDN18	172	21	112	11	37	52	406
RDN18	173	9	8	10	21	22	60
RDN18	174	12	11	13	2	8	22
RDN18	175	28	10	24	20	19	38
RDN18	176	31	123	35	94	109	384
RDN18	177	70	475	51	102	164	517
RDN18	178	24	60	17	65	111	217
RDN18	179	37	102	37	283	261	636
RDN18	180	7	11	12	89	129	294
RDN18	181	44	73	55	555	1007	1727
RDN18	182	33	8	26	28	42	97
RDN18	183	11	4	11	5	7	24
RDN18	184	15	47	15	9	24	58
RDN18	185	8	1	4	1	2	10
RDN18	186	2	1	6	3	1	4
RDN18	187	4	25	10	18	22	40
RDN18	188	12	3	7	27	17	50
RDN18	189	9	3	12	6	4	18
RDN18	190	17	23	8	16	18	51
RDN18	191	13	38	10	14	15	48
RDN18	192	18	46	24	10	24	57
RDN18	193	14	20	11	8	16	33
RDN18	194	22	17	23	5	6	24
RDN18	195	7	11	9	4	13	34
RDN18	196	14	51	10	17	41	65
RDN18	197	35	40	41	37	98	221
RDN18	198	18	18	46	78	173	438
RDN18	199	13	32	16	14	26	62
RDN18	200	11	6	22	1	3	17
RDN18	201	72	123	50	40	61	183
RDN18	202	12	15	8	4	8	30
RDN18	203	13	14	10	4	7	23
RDN18	204	35	61	29	23	16	77
RDN18	205	95	378	90	83	115	1610
RDN18	206	36	40	23	13	9	67
RDN18	207	77	74	61	25	25	93
RDN18	208	31	55	23	16	15	62
RDN18	209	89	388	62	61	119	640
RDN18	210	17	27	15	29	40	107
RDN18	211	47	130	28	20	34	142
RDN18	212	143	442	61	38	125	348
RDN18	213	48	81	36	21	41	133
RDN18	214	203	1265	76	142	363	738
RDN18	215	131	230	107	340	728	1290
RDN18	216	71	144	59	84	180	290
RDN18	217	51	148	42	74	139	247
RDN18	218	32	61	22	38	57	91
RDN18	219	34	111	54	39	74	155
RDN18	220	57	51	44	29	47	105
RDN18	221	67	234	66	143	340	506
RDN18	222	53	142	35	79	162	221
RDN18	223	60	124	42	25	59	597
RDN18	224	55	43	21	7	25	135
RDN18	225	76	294	61	116	264	382
RDN18	226	8	11	15	7	12	36
RDN18	227	30	27	32	9	13	26
RDN18	228	79	180	89	44	58	95
RDN18	229	53	14	62	17	8	57
RDN18	230	159	17	161	49	4	115
RDN18	231	51	92	41	18	45	83
RDN18	232	47	24	44	24	39	94
RDN18	233	42	5	33	12	3	24
RDN18	234	84	120	86	23	27	46
RDN18	235	49	168	60	27	40	43
RDN18	236	84	31	60	34	32	84
RDN18	237	740	202	494	225	290	702
RDN18	238	577	208	510	177	120	477
RDN18	239	154	66	147	66	40	208
RDN18	240	302	164	192	78	105	250
RDN18	241	213	119	139	48	71	153
RDN18	242	71	29	66	10	9	34
RDN18	243	226	685	180	142	305	442
RDN18	244	150	72	144	53	93	181
RDN18	245	208	167	179	30	43	111
RDN18	246	419	855	211	109	248	370
RDN18	247	182	119	163	54	78	197
RDN18	248	422	784	246	176	308	578
RDN18	249	535	129	461	91	50	413
RDN18	250	1028	1996	638	474	1039	5585
RDN18	251	1136	662	978	1085	2217	4284
RDN18	252	667	507	410	190	239	878
RDN18	253	1059	1224	714	862	1768	2305
RDN18	254	172	105	130	110	164	486
RDN18	255	1025	578	629	192	223	1136
RDN18	256	780	748	571	479	907	1296
RDN18	257	553	270	431	151	216	429
RDN18	258	628	347	345	178	270	554
RDN18	259	406	215	255	77	88	189
RDN18	260	305	204	219	75	89	168
RDN18	261	483	507	279	130	169	406
RDN18	262	194	91	139	47	46	153
RDN18	263	775	614	408	119	199	402
RDN18	264	230	128	147	38	41	84
RDN18	265	759	683	485	588	936	1584
RDN18	266	274	171	227	487	891	1385
RDN18	267	102	88	93	98	216	262
RDN18	268	153	213	127	26	34	98
RDN18	269	100	56	81	39	29	349
RDN18	270	320	536	141	193	330	2683
RDN18	271	94	51	54	40	60	151
RDN18	272	62	5	22	6	4	22
RDN18	273	136	98	88	15	15	51
RDN18	274	75	99	42	45	28	155
RDN18	275	61	66	34	18	23	81
RDN18	276	62	118	33	22	55	136
RDN18	277	46	38	35	20	41	54
RDN18	278	37	26	23	6	13	25
RDN18	279	97	94	67	29	36	60
RDN18	280	81	56	47	19	31	60
RDN18	281	80	152	38	67	155	163
RDN18	282	31	23	18	6	13	25
RDN18	283	33	11	31	5	6	19
RDN18	284	229	204	138	51	67	126
RDN18	285	104	36	70	18	20	105
RDN18	286	51	66	56	24	43	55
RDN18	287	150	381	67	65	115	165
RDN18	288	252	146	174	55	67	156
RDN18	289	226	49	120	37	29	58
RDN18	290	219	108	161	53	40	106
RDN18	291	532	277	278	110	98	308
RDN18	292	345	654	177	183	315	600
RDN18	293	779	457	370	138	233	2124
RDN18	294	339	447	185	141	220	1814
RDN18	295	575	283	324	208	286	585
RDN18	296	564	961	318	307	502	939
RDN18	297	2881	3853	910	470	1198	4929
RDN18	298	577	768	200	171	288	961
RDN18	299	737	545	451	236	342	638
RDN18	300	2945	5979	1331	1548	2680	4814
RDN18	301	647	387	481	210	281	556
RDN18	302	470	316	313	105	160	243
RDN18	303	729	577	383	155	216	427
RDN18	304	282	190	225	94	133	276
RDN18	305	109	40	66	19	23	58
RDN18	306	95	22	70	21	10	41
RDN18	307	393	219	328	209	308	443
RDN18	308	211	64	188	72	94	304
RDN18	309	496	160	452	168	107	440
RDN18	310	339	108	256	86	102	984
RDN18	311	1877	2453	1305	1398	1799	16369
RDN18	312	2732	2593	2003	4005	6384	12263
RDN18	313	849	424	402	319	686	6411
RDN18	314	1331	619	700	426	571	6371
RDN18	315	2525	2542	1906	2640	3374	4996
RDN18	316	1524	593	1326	638	738	1784
RDN18	317	539	224	364	204	238	680
RDN18	318	656	299	438	182	232	584
RDN18	319	1959	1433	1172	938	1438	2914
RDN18	320	1091	281	781	265	354	3245
RDN18	321	432	118	217	62	115	317
RDN18	322	891	552	516	235	388	1020
RDN18	323	603	132	432	68	133	307
RDN18	324	351	70	277	32	26	79
RDN18	325	354	182	265	50	77	223
RDN18	326	301	170	240	55	109	857
RDN18	327	895	317	634	156	164	2704
RDN18	328	1198	269	783	103	177	350
RDN18	329	554	116	316	47	63	104
RDN18	330	1946	2298	1042	546	894	1773
RDN18	331	1740	717	1249	400	704	1557
RDN18	332	2713	879	1957	424	601	1711
RDN18	333	859	635	659	269	507	599
RDN18	334	285	108	164	55	83	148
RDN18	335	72	15	61	8	8	26
RDN18	336	745	210	495	112	82	261
RDN18	337	1011	204	671	166	148	392
RDN18	338	156	16	179	48	14	104
RDN18	339	72	15	65	11	7	46
RDN18	340	350	309	303	119	224	1425
RDN18	341	141	90	160	55	122	426
RDN18	342	160	23	86	29	18	504
RDN18	343	122	71	85	43	63	292
RDN18	344	149	61	106	19	20	81
RDN18	345	234	22	150	26	12	57
RDN18	346	592	141	445	122	79	244
RDN18	347	446	133	311	106	103	337
RDN18	348	285	89	174	56	67	272
RDN18	349	1167	890	594	539	672	1683
RDN18	350	1253	306	393	156	222	2161
RDN18	351	827	239	310	144	200	1999
RDN18	352	1597	1705	1952	12552	22449	37067
RDN18	353	87	35	59	132	206	387
RDN18	354	1093	150	559	148	121	411
RDN18	355	408	73	281	79	80	218
RDN18	356	2008	414	1136	334	287	951
RDN18	357	638	231	320	120	134	1271
RDN18	358	1077	484	604	254	257	2505
RDN18	359	1522	1819	1377	4927	7946	14902
RDN18	360	199	70	163	72	97	381
RDN18	361	128	23	94	25	24	108
RDN18	362	493	102	349	76	83	265
RDN18	363	689	138	546	111	105	334
RDN18	364	2322	661	1721	437	428	1240
RDN18	365	3125	1430	1947	852	910	2846
RDN18	366	1661	2252	1500	2374	2916	7291
RDN18	367	1213	806	1133	592	818	4373
RDN18	368	2158	1036	1890	725	691	5800
RDN18	369	10405	524	10430	4252	2724	12428
RDN18	370	1289	261	1272	570	576	1804
RDN18	371	1798	584	1516	398	401	1292
RDN18	372	995	641	846	254	382	851
RDN18	373	18192	17559	15035	6474	6577	20468
RDN18	374	1224	1808	852	529	718	1988
RDN18	375	396	166	340	77	73	528
RDN18	376	416	232	365	103	114	479
RDN18	377	1793	1803	1461	699	982	2418
RDN18	378	294	94	261	100	108	400
RDN18	379	330	250	306	101	146	553
RDN18	380	363	233	317	148	312	2301
RDN18	381	183	72	194	65	80	1560
RDN18	382	219	90	161	81	110	316
RDN18	383	530	265	439	206	375	718
RDN18	384	1321	777	831	513	1181	1921
RDN18	385	775	319	636	424	1308	1727
RDN18	386	1880	992	1552	1654	5097	6973
RDN18	387	1791	388	1065	284	345	984
RDN18	388	4718	848	2937	358	274	784
RDN18	389	1034	134	736	61	70	161
RDN18	390	318	66	219	41	37	135
RDN18	391	359	89	349	62	51	151
RDN18	392	412	89	283	46	52	255
RDN18	393	334	125	233	42	69	213
RDN18	394	200	72	128	35	35	127
RDN18	395	608	201	384	82	77	266
RDN18	396	1041	719	594	182	280	613
RDN18	397	3536	1715	2122	511	720	1634
RDN18	398	1610	787	892	168	298	596
RDN18	399	675	254	540	207	346	723
RDN18	400	2988	2312	1972	1496	2521	4581
RDN18	401	150	47	157	45	42	134
RDN18	402	760	136	432	107	49	328
RDN18	403	620	85	452	101	141	303
RDN18	404	120	46	111	32	62	110
RDN18	405	93	15	63	21	32	63
RDN18	406	604	413	518	458	1088	1631
RDN18	407	73	41	57	41	65	124
RDN18	408	85	26	72	32	50	190
RDN18	409	382	404	292	230	355	1581
RDN18	410	34	23	28	20	17	106
RDN18	411	106	88	64	50	90	404
RDN18	412	375	181	433	1294	2167	3696
RDN18	413	110	64	91	56	67	188
RDN18	414	103	25	115	27	45	201
RDN18	415	161	102	89	66	96	430
RDN18	416	1188	884	991	1961	2941	5946
RDN18	417	681	314	740	829	1115	2595
RDN18	418	162	111	143	72	86	165
RDN18	419	1159	1074	786	553	583	1287
RDN18	420	9929	2286	6684	2298	1237	5079
RDN18	421	343	147	275	147	203	500
RDN18	422	526	288	378	145	196	360
RDN18	423	585	104	384	116	91	728
RDN18	424	483	191	242	110	133	989
RDN18	425	143	129	136	85	130	307
RDN18	426	312	113	173	75	147	1885
RDN18	427	94	51	54	26	37	487
RDN18	428	245	68	174	70	91	242
RDN18	429	103	31	83	41	23	106
RDN18	430	962	130	612	175	70	392
RDN18	431	2602	524	1252	458	241	1063
RDN18	432	1098	200	660	215	134	586
RDN18	433	1456	956	825	548	641	1481
RDN18	434	392	178	223	149	184	1393
RDN18	435	5201	4098	2497	1700	2193	9798
RDN18	436	30159	8524	17403	11750	4865	34995
RDN18	437	2004	1719	1311	2029	2692	5138
RDN18	438	503	234	323	427	554	1456
RDN18	439	149	41	94	41	35	145
RDN18	440	409	315	314	121	136	585
RDN18	441	210	56	157	80	43	159
RDN18	442	500	67	429	123	70	357
RDN18	443	853	261	718	247	239	1965
RDN18	444	191	77	145	41	54	284
RDN18	445	217	135	144	206	307	617
RDN18	446	555	265	303	287	327	655
RDN18	447	151	64	109	29	26	90
RDN18	448	100	50	67	24	29	75
RDN18	449	279	147	174	68	58	564
RDN18	450	508	210	281	121	119	420
RDN18	451	709	730	506	540	670	1069
RDN18	452	525	293	341	432	599	975
RDN18	453	329	453	151	266	352	527
RDN18	454	100	42	64	17	37	161
RDN18	455	280	139	86	99	224	701
RDN18	456	178	95	107	40	63	129
RDN18	457	86	24	67	15	13	31
RDN18	458	138	28	103	27	15	36
RDN18	459	2125	789	1105	389	388	726
RDN18	460	193	54	156	40	31	78
RDN18	461	314	62	208	50	25	79
RDN18	462	1377	559	800	267	277	1554
RDN18	463	302	73	187	66	57	416
RDN18	464	284	109	190	66	121	211
RDN18	465	165	42	153	26	31	101
RDN18	466	313	51	192	35	32	98
RDN18	467	907	1886	583	834	939	1797
RDN18	468	707	255	433	254	297	2529
RDN18	469	689	353	407	343	400	2611
RDN18	470	1019	1447	736	1697	2096	3591
RDN18	471	1007	588	702	493	676	1936
RDN18	472	2048	1113	1305	662	700	3559
RDN18	473	1156	701	782	619	876	1726
RDN18	474	2937	3381	1999	2496	3660	7177
RDN18	475	547	275	335	198	330	1269
RDN18	476	1393	533	1005	298	306	2225
RDN18	477	2069	3358	1420	1966	3480	4790
RDN18	478	299	157	279	90	146	499
RDN18	479	331	345	270	336	494	845
RDN18	480	512	656	320	310	417	804
RDN18	481	574	187	586	353	542	1073
RDN18	482	535	865	494	626	902	7006
RDN18	483	123	42	160	104	106	1687
RDN18	484	68	76	84	43	78	1399
RDN18	485	58	20	84	33	30	86
RDN18	486	35	13	28	7	15	32
RDN18	487	104	66	150	40	53	78
RDN18	488	215	69	201	86	41	126
RDN18	489	151	30	142	73	36	153
RDN18	490	165	145	188	255	119	1622
RDN18	491	638	926	741	2512	2550	3884
RDN18	492	529	604	617	4309	2710	6402
RDN18	493	1711	4581	1579	13713	13147	12390
RDN18	494	197	127	155	337	340	446
RDN18	495	137	88	111	155	164	248
RDN18	496	113	45	94	32	28	87
RDN18	497	695	191	695	298	197	505
RDN18	498	3087	512	1839	1012	526	2185
RDN18	499	901	385	633	449	383	823
RDN18	500	4541	355	1572	854	415	2552
RDN18	501	226	50	135	60	78	386
RDN18	502	242	141	138	148	128	548
RDN18	503	1672	578	727	631	494	22173
RDN18	504	958	356	512	733	635	5382
RDN18	505	2809	3707	2501	13713	15329	22006
RDN18	506	938	880	699	2443	2314	4437
RDN18	507	276	133	257	210	312	570
RDN18	508	225	105	169	63	112	124
RDN18	509	306	202	256	149	261	297
RDN18	510	391	217	332	184	250	456
RDN18	511	1642	1892	1415	3575	5173	6481
RDN18	512	129	67	157	98	132	220
RDN18	513	514	125	493	156	190	311
RDN18	514	1254	695	1202	528	954	1190
RDN18	515	356	83	385	556	518	1161
RDN18	516	610	226	575	150	158	689
RDN18	517	1458	1846	1002	1226	1699	8309
RDN18	518	851	580	592	213	679	3395
RDN18	519	118	56	102	26	49	329
RDN18	520	869	1179	771	997	1342	2043
RDN18	521	364	98	423	119	130	234
RDN18	522	251	83	217	51	52	121
RDN18	523	421	241	444	77	144	321
RDN18	524	1874	1072	1362	404	335	1414
RDN18	525	782	448	739	303	408	693
RDN18	526	509	621	413	362	644	845
RDN18	527	40	12	44	24	52	79
RDN18	528	494	294	311	138	232	759
RDN18	529	254	71	376	334	565	892
RDN18	530	235	54	175	44	52	81
RDN18	531	343	113	215	47	61	170
RDN18	532	135	35	78	12	17	81
RDN18	533	561	176	398	67	104	481
RDN18	534	3592	1892	3327	8335	16511	25387
RDN18	535	303	77	249	41	61	201
RDN18	536	114	54	101	14	17	39
RDN18	537	644	371	462	95	232	316
RDN18	538	614	219	509	102	120	210
RDN18	539	200	85	161	20	21	54
RDN18	540	1425	488	1129	160	292	685
RDN18	541	9799	6942	9714	3822	3749	9622
RDN18	542	501	172	512	139	180	996
RDN18	543	273	63	280	27	33	128
RDN18	544	466	123	621	340	451	916
RDN18	545	358	120	404	48	113	77
RDN18	546	171	35	144	15	15	23
RDN18	547	175	25	248	22	26	40
RDN18	548	124	41	109	4	29	23
RDN18	549	86	31	131	19	16	37
RDN18	550	140	6	162	22	14	48
RDN18	551	440	64	510	73	15	168
RDN18	552	305	90	354	52	33	105
RDN18	553	45	10	42	6	4	69
RDN18	554	214	57	118	47	30	305
RDN18	555	127	23	74	3	15	22
RDN18	556	104	23	120	13	10	31
RDN18	557	154	39	115	18	16	35
RDN18	558	89	15	36	8	2	26
RDN18	559	19	6	17	6	3	10
RDN18	560	107	25	110	6	3	10
RDN18	561	36	6	37	4	5	8
RDN18	562	15	5	24	0	0	12
RDN18	563	14	12	16	0	4	5
RDN18	564	37	12	13	2	11	19
RDN18	565	4	1	12	1	0	16
RDN18	566	12	2	7	4	1	31
RDN18	567	14	10	35	7	16	54
RDN18	568	21	8	5	0	5	65
RDN18	569	1	1	0	0	0	8
RDN18	570	31	22	38	9	8	17
RDN18	571	20	10	22	9	25	20
RDN18	572	14	5	11	2	3	16
RDN18	573	2	4	3	1	3	1
RDN18	574	7	4	4	4	2	24
RDN18	575	23	17	51	7	7	26
RDN18	576	26	18	24	14	11	46
RDN18	577	130	47	103	63	17	202
RDN18	578	776	160	641	287	73	663
RDN18	579	89	117	58	342	343	706
RDN18	580	25	32	29	27	18	59
RDN18	581	23	28	15	20	15	52
RDN18	582	20	22	19	17	26	51
RDN18	583	17	1	22	10	1	66
RDN18	584	15	11	31	6	8	95
RDN18	585	4	2	4	7	5	10
RDN18	586	10	1	14	6	4	18
RDN18	587	61	1	42	9	3	62
RDN18	588	25	3	20	9	3	34
RDN18	589	143	33	126	46	16	577
RDN18	590	49	9	16	7	2	80
RDN18	591	115	141	108	257	252	417
RDN18	592	42	27	27	21	14	213
RDN18	593	27	23	49	7	9	58
RDN18	594	70	36	104	39	41	49
RDN18	595	37	6	40	13	10	37
RDN18	596	24	24	27	16	12	123
RDN18	597	48	29	43	14	21	233
RDN18	598	76	133	62	53	55	529
RDN18	599	143	94	166	67	84	96
RDN18	600	365	462	308	226	278	1197
RDN18	601	237	232	215	121	148	345
RDN18	602	224	127	126	61	61	384
RDN18	603	77	76	46	35	43	108
RDN18	604	545	705	395	234	285	338
RDN18	605	638	576	459	158	194	206
RDN18	606	454	283	357	63	70	99
RDN18	607	483	513	327	92	114	184
RDN18	608	140	86	128	29	13	54
RDN18	609	210	156	131	32	42	87
RDN18	610	203	207	91	26	54	102
RDN18	611	40	35	24	4	11	21
RDN18	612	16	19	13	5	13	19
RDN18	613	19	18	33	4	5	73
RDN18	614	30	25	20	3	11	111
RDN18	615	81	35	63	11	20	52
RDN18	616	32	33	34	9	11	28
RDN18	617	43	42	59	30	24	77
RDN18	618	208	77	209	71	82	322
RDN18	619	321	119	354	83	81	170
RDN18	620	75	52	127	15	32	44
RDN18	621	41	23	44	6	10	15
RDN18	622	44	27	55	9	10	14
RDN18	623	6	2	17	1	5	4
RDN18	624	9	5	10	2	0	8
RDN18	625	58	40	86	28	8	67
RDN18	626	28	13	36	3	0	32
RDN18	627	60	8	71	7	0	32
RDN18	628	77	42	91	22	15	265
RDN18	629	129	103	164	47	37	1032
RDN18	630	48	13	32	7	5	31
RDN18	631	74	32	51	24	20	70
RDN18	632	71	50	61	15	16	117
RDN18	633	30	24	8	3	4	21
RDN18	634	66	72	42	5	17	58
RDN18	635	234	162	141	74	125	260
RDN18	636	232	94	167	49	75	243
RDN18	637	61	41	57	16	13	114
RDN18	638	20	35	37	9	3	36
RDN18	639	29	14	18	4	3	18
RDN18	640	14	15	16	2	0	13
RDN18	641	18	10	12	1	2	13
RDN18	642	4	4	12	4	4	5
RDN18	643	0	2	6	4	6	9
RDN18	644	3	2	6	1	1	5
RDN18	645	18	19	20	14	12	77
RDN18	646	68	70	83	43	17	137
RDN18	647	230	730	162	143	236	387
RDN18	648	210	537	135	142	214	405
RDN18	649	129	136	134	69	99	234
RDN18	650	108	62	97	38	69	108
RDN18	651	222	321	185	133	192	336
RDN18	652	152	129	127	83	85	242
RDN18	653	198	77	214	42	35	263
RDN18	654	218	137	194	47	72	185
RDN18	655	190	148	193	35	56	117
RDN18	656	257	103	231	60	39	164
RDN18	657	98	78	54	10	16	98
RDN18	658	31	12	32	15	4	70
RDN18	659	71	19	49	18	25	83
RDN18	660	292	281	296	89	190	310
RDN18	661	252	99	255	68	81	180
RDN18	662	354	173	294	99	197	307
RDN18	663	316	243	417	137	342	379
RDN18	664	249	89	201	36	150	193
RDN18	665	115	39	119	38	82	106
RDN18	666	254	122	235	88	166	262
RDN18	667	49	8	25	4	7	15
RDN18	668	56	35	35	5	5	44
RDN18	669	192	80	136	31	26	79
RDN18	670	296	9	275	59	4	174
RDN18	671	86	70	71	18	18	52
RDN18	672	67	129	43	33	78	301
RDN18	673	18	10	15	8	7	28
RDN18	674	24	13	41	11	32	41
RDN18	675	43	19	44	10	15	28
RDN18	676	40	12	39	9	13	27
RDN18	677	233	496	162	83	207	394
RDN18	678	140	113	115	28	55	155
RDN18	679	48	51	45	6	20	31
RDN18	680	130	129	119	30	71	141
RDN18	681	92	102	85	16	49	75
RDN18	682	62	6	46	18	5	60
RDN18	683	94	32	98	28	6	171
RDN18	684	209	197	226	56	77	186
RDN18	685	53	5	56	13	2	38
RDN18	686	55	22	47	12	1	37
RDN18	687	88	25	99	20	9	40
RDN18	688	41	10	42	13	1	32
RDN18	689	59	35	48	14	9	49
RDN18	690	91	63	87	31	17	69
RDN18	691	173	70	158	49	72	208
RDN18	692	40	33	26	19	32	104
RDN18	693	14	15	19	6	5	25
RDN18	694	30	41	25	10	31	84
RDN18	695	42	32	55	17	40	232
RDN18	696	34	9	22	4	11	43
RDN18	697	80	105	69	87	233	485
RDN18	698	64	70	54	25	17	59
RDN18	699	40	44	31	4	12	53
RDN18	700	12	5	3	2	3	17
RDN18	701	175	75	117	15	7	83
RDN18	702	219	91	160	19	45	136
RDN18	703	327	212	262	57	93	2323
RDN18	704	95	80	81	11	48	1231
RDN18	705	36	51	68	5	25	292
RDN18	706	238	313	339	1593	3913	6657
RDN18	707	50	29	82	87	227	500
RDN18	708	79	46	45	22	37	154
RDN18	709	47	66	40	23	41	98
RDN18	710	20	12	29	1	11	38
RDN18	711	129	121	138	46	76	165
RDN18	712	38	31	29	7	20	33
RDN18	713	22	12	26	12	18	22
RDN18	714	84	167	65	30	80	188
RDN18	715	13	72	22	7	17	45
RDN18	716	20	35	13	15	18	48
RDN18	717	94	133	75	61	100	211
RDN18	718	40	38	45	39	43	89
RDN18	719	59	92	82	77	134	179
RDN18	720	21	12	22	9	4	37
RDN18	721	193	107	202	50	91	140
RDN18	722	8	17	16	8	10	16
RDN18	723	85	61	69	21	39	72
RDN18	724	98	102	67	37	91	146
RDN18	725	21	35	18	18	27	67
RDN18	726	51	46	27	14	30	63
RDN18	727	5	6	8	2	10	22
RDN18	728	27	24	16	13	12	30
RDN18	729	63	88	65	48	126	179
RDN18	730	44	44	57	54	66	338
RDN18	731	25	36	13	21	34	70
RDN18	732	127	432	89	120	396	365
RDN18	733	204	704	445	7236	12817	12948
RDN18	734	134	274	297	2882	5516	5965
RDN18	735	26	61	21	37	92	614
RDN18	736	160	252	91	170	351	3184
RDN18	737	26	24	23	20	55	84
RDN18	738	500	94	255	84	108	190
RDN18	739	723	1257	354	1085	2198	3229
RDN18	740	486	328	510	2555	6997	10660
RDN18	741	338	531	410	1368	4270	5867
RDN18	742	177	311	162	109	256	551
RDN18	743	32	38	37	18	55	120
RDN18	744	179	284	167	77	175	429
RDN18	745	542	1330	415	388	717	2540
RDN18	746	182	239	178	166	244	476
RDN18	747	224	281	118	91	154	382
RDN18	748	274	364	215	119	208	467
RDN18	749	376	330	277	124	191	327
RDN18	750	181	145	150	117	158	410
RDN18	751	393	416	276	231	410	748
RDN18	752	405	464	247	213	370	715
RDN18	753	848	1538	412	281	646	981
RDN18	754	1430	1596	605	726	1652	2652
RDN18	755	997	833	589	552	1007	1680
RDN18	756	2279	3877	1518	3378	5688	9146
RDN18	757	415	595	287	443	751	1238
RDN18	758	829	656	441	294	461	2009
RDN18	759	1651	1087	947	601	730	2031
RDN18	760	999	741	706	644	840	1219
RDN18	761	719	537	395	514	520	819
RDN18	762	976	894	532	635	841	1370
RDN18	763	428	200	285	122	139	403
RDN18	764	192	109	90	44	57	119
RDN18	765	779	719	459	231	386	764
RDN18	766	1351	2446	662	830	1669	3472
RDN18	767	1021	1129	524	365	1040	6704
RDN18	768	359	276	170	140	256	750
RDN18	769	775	683	541	614	1160	1575
RDN18	770	981	451	584	535	927	1183
RDN18	771	440	277	416	1180	2574	2639
RDN18	772	970	383	548	255	518	3041
RDN18	773	581	218	268	135	199	1147
RDN18	774	104	26	89	34	60	104
RDN18	775	1519	636	908	286	291	633
RDN18	776	440	71	403	96	52	225
RDN18	777	1074	218	753	263	120	776
RDN18	778	361	173	191	102	104	834
RDN18	779	366	514	222	261	352	1631
RDN18	780	155	77	115	245	434	804
RDN18	781	216	57	126	42	41	115
RDN18	782	48	12	28	11	2	24
RDN18	783	222	18	160	47	13	135
RDN18	784	248	111	178	149	74	601
RDN18	785	85	8	57	22	5	53
RDN18	786	349	62	224	62	56	203
RDN18	787	250	98	148	79	64	213
RDN18	788	706	604	589	1770	1882	2969
RDN18	789	173	60	184	424	530	767
RDN18	790	5686	5970	3524	3183	4157	13202
RDN18	791	5909	1679	3758	2360	2818	5218
RDN18	792	7406	5903	4349	3422	4258	9966
RDN18	793	2892	1300	1939	1547	1822	2753
RDN18	794	901	234	579	164	167	463
RDN18	795	10738	2001	6898	1416	1417	3886
RDN18	796	9674	3375	6024	1879	2279	5119
RDN18	797	2104	588	1413	320	879	8076
RDN18	798	2752	1969	1964	953	2616	21362
RDN18	799	1886	520	1467	446	529	1057
RDN18	800	1040	210	829	140	115	293
RDN18	801	4299	2551	3463	1158	1501	2693
RDN18	802	2107	1234	1644	854	923	1693
RDN18	803	4349	6340	5196	39302	55366	80755
RDN18	804	13566	9098	10486	6088	9156	25366
RDN18	805	6548	3298	5078	2271	2769	7180
RDN18	806	3156	4424	2852	9299	14274	19376
RDN18	807	2885	1495	2811	2122	3478	6023
RDN18	808	8030	3237	6862	1823	2939	11963
RDN18	809	8968	11145	7784	7166	13424	18808
RDN18	810	4757	4596	4079	3640	5222	7662
RDN18	811	5275	8176	5826	29829	42798	51278
RDN18	812	2007	1568	4311	27897	48149	53476
RDN18	813	7838	6716	7093	4902	8057	21302
RDN18	814	1123	692	1377	1045	1535	1701
RDN18	815	339	229	382	148	221	369
RDN18	816	4491	17992	4148	10710	18318	19118
RDN18	817	2628	867	2573	1281	1441	2360
RDN18	818	6432	4847	5970	2409	2634	5398
RDN18	819	5049	5117	4282	4374	5291	7827
RDN18	820	1418	2453	1301	2496	3291	3646
RDN18	821	2391	2365	2043	1279	2142	2387
RDN18	822	3675	2136	3304	1291	1834	2621
RDN18	823	2448	1961	1840	695	1110	1277
RDN18	824	9953	2775	6096	2381	2002	5432
RDN18	825	3227	1291	2012	1235	1693	3060
RDN18	826	455	289	462	365	387	1230
RDN18	827	2567	894	1791	729	806	2280
RDN18	828	16881	14082	10434	10740	13958	134430
RDN18	829	6956	5629	4871	3439	5268	7283
RDN18	830	1948	1603	1526	890	1833	2615
RDN18	831	14869	7953	8489	6509	12891	17675
RDN18	832	4058	2674	2747	1663	3481	6085
RDN18	833	2789	2455	1665	904	2798	4022
RDN18	834	1089	1265	862	399	1280	1611
RDN18	835	1628	525	1323	270	575	897
RDN18	836	1349	166	989	160	143	416
RDN18	837	1560	471	1381	282	540	742
RDN18	838	1288	166	871	188	188	436
RDN18	839	6364	566	4199	1115	722	2999
RDN18	840	1458	518	1228	466	907	1275
RDN18	841	532	181	442	223	347	519
RDN18	842	771	237	671	309	595	978
RDN18	843	3331	821	2956	1068	1776	6563
RDN18	844	238	45	212	74	114	284
RDN18	845	103	11	112	20	6	47
RDN18	846	2485	436	1595	699	317	2212
RDN18	847	2317	147	1631	422	180	1519
RDN18	848	101	15	81	21	11	212
RDN18	849	499	140	330	215	128	2380
RDN18	850	4875	547	2754	1743	566	6331
RDN18	851	258	41	212	85	38	278
RDN18	852	737	127	396	190	87	634
RDN18	853	990	528	767	414	333	3074
RDN18	854	581	89	368	221	130	1014
RDN18	855	1295	870	1074	1757	1682	4156
RDN18	856	556	108	452	329	264	700
RDN18	857	839	59	537	188	77	371
RDN18	858	1045	710	914	552	622	1622
RDN18	859	871	299	776	991	1122	3063
RDN18	860	915	363	566	249	263	997
RDN18	861	1009	315	695	228	247	1248
RDN18	862	1530	1030	999	729	958	2082
RDN18	863	253	109	162	74	68	520
RDN18	864	143	28	87	31	27	250
RDN18	865	612	219	425	157	177	586
RDN18	866	71	16	39	16	16	61
RDN18	867	88	21	45	17	6	24
RDN18	868	705	320	393	202	116	619
RDN18	869	510	45	340	86	34	279
RDN18	870	137	20	83	35	7	88
RDN18	871	262	39	116	43	16	110
RDN18	872	523	301	235	172	143	475
RDN18	873	93	26	64	25	32	77
RDN18	874	141	26	75	38	37	122
RDN18	875	250	74	143	66	69	205
RDN18	876	721	88	390	137	78	327
RDN18	877	1619	160	924	343	29	675
RDN18	878	8436	613	4405	1561	222	2601
RDN18	879	1171	88	653	217	29	389
RDN18	880	841	516	398	444	338	5289
RDN18	881	183	131	143	252	290	1046
RDN18	882	296	95	190	79	70	736
RDN18	883	933	226	425	233	144	2481
RDN18	884	521	152	271	151	95	410
RDN18	885	1624	557	834	364	209	1842
RDN18	886	1954	1353	966	728	480	3799
RDN18	887	365	108	217	141	65	376
RDN18	888	495	290	237	193	195	558
RDN18	889	1365	349	440	203	268	2867
RDN18	890	472	83	219	110	72	781
RDN18	891	530	296	327	516	446	1718
RDN18	892	391	143	235	126	112	344
RDN18	893	123	15	75	20	8	44
RDN18	894	132	41	80	26	34	64
RDN18	895	174	246	110	106	124	297
RDN18	896	104	25	47	24	26	324
RDN18	897	124	51	71	25	44	382
RDN18	898	46	18	46	23	9	52
RDN18	899	192	156	142	85	112	301
RDN18	900	93	45	141	66	69	170
RDN18	901	460	181	399	153	95	369
RDN18	902	677	127	447	180	46	471
RDN18	903	498	373	450	211	216	478
RDN18	904	682	364	439	357	335	964
RDN18	905	1741	385	1133	584	391	1402
RDN18	906	1116	319	675	898	810	2335
RDN18	907	2246	466	1318	633	481	1422
RDN18	908	1575	324	863	313	179	736
RDN18	909	685	208	448	202	160	400
RDN18	910	769	231	480	196	148	563
RDN18	911	1009	147	669	151	81	333
RDN18	912	596	58	456	109	36	185
RDN18	913	1419	168	979	182	98	306
RDN18	914	8280	4088	4671	4353	2053	10183
RDN18	915	2575	404	1443	500	268	1354
RDN18	916	1211	272	708	241	139	692
RDN18	917	1658	302	1042	236	158	705
RDN18	918	3935	2781	2484	1777	1507	10896
RDN18	919	2069	617	1522	515	572	1596
RDN18	920	901	150	701	109	92	289
RDN18	921	401	81	373	59	53	137
RDN18	922	1663	1000	1381	508	700	1407
RDN18	923	350	68	290	187	131	534
RDN18	924	1007	157	831	201	154	448
RDN18	925	1823	1192	1322	972	924	2478
RDN18	926	688	345	592	362	363	856
RDN18	927	234	71	160	81	47	273
RDN18	928	2089	957	1671	611	591	4017
RDN18	929	3779	2504	4690	20959	23641	42254
RDN18	930	199	114	232	105	125	340
RDN18	931	631	239	477	219	166	708
RDN18	932	2796	2100	2337	1616	1254	13369
RDN18	933	655	546	535	364	372	1088
RDN18	934	286	83	300	198	47	634
RDN18	935	1043	444	902	248	169	635
RDN18	936	435	317	507	239	214	891
RDN18	937	614	1111	480	401	593	896
RDN18	938	1183	950	948	1112	663	2018
RDN18	939	1741	1896	1442	3698	3232	6281
RDN18	940	976	630	795	1631	1249	2813
RDN18	941	920	764	822	1384	1073	2590
RDN18	942	818	382	649	542	412	3651
RDN18	943	2185	2244	1518	5449	4553	21022
RDN18	944	1881	1886	1511	4739	2742	7578
RDN18	945	1431	1241	956	2163	1546	3187
RDN18	946	616	126	405	377	127	638
RDN18	947	1409	714	905	911	672	1874
RDN18	948	2618	3270	1429	3268	4247	12326
RDN18	949	419	348	291	348	474	6853
RDN18	950	561	402	370	335	374	6409
RDN18	951	1377	1017	1477	1896	2487	4685
RDN18	952	144	66	147	84	88	223
RDN18	953	94	22	121	31	18	114
RDN18	954	3543	4279	5036	4181	2339	10019
RDN18	955	359	96	519	118	101	399
RDN18	956	403	201	602	132	104	384
RDN18	957	968	233	1204	300	185	834
RDN18	958	291	77	274	84	61	281
RDN18	959	213	39	201	102	51	258
RDN18	960	309	210	276	121	133	395
RDN18	961	70	28	100	28	28	254
RDN18	962	176	359	178	170	243	2102
RDN18	963	124	103	99	67	69	218
RDN18	964	215	208	145	58	69	490
RDN18	965	170	88	115	34	39	232
RDN18	966	246	386	189	316	407	1016
RDN18	967	116	167	75	108	140	325
RDN18	968	26	21	20	10	20	172
RDN18	969	93	162	68	40	69	827
RDN18	970	463	260	557	1178	1794	4400
RDN18	971	67	66	68	40	49	134
RDN18	972	136	101	128	40	37	110
RDN18	973	9304	7128	7752	2811	2658	8479
RDN18	974	3756	545	4469	461	143	800
RDN18	975	176	160	147	46	46	159
RDN18	976	71	68	57	11	23	60
RDN18	977	402	292	356	186	202	580
RDN18	978	458	321	350	169	307	600
RDN18	979	327	214	388	117	119	321
RDN18	980	345	299	306	75	76	183
RDN18	981	144	135	94	31	50	160
RDN18	982	767	621	415	121	213	1314
RDN18	983	175	158	172	56	91	225
RDN18	984	105	31	94	14	14	37
RDN18	985	1032	310	1247	115	92	297
RDN18	986	161	65	186	17	13	33
RDN18	987	1751	2647	1756	620	546	1549
RDN18	988	1081	1481	874	570	857	1473
RDN18	989	105	125	63	31	50	166
RDN18	990	52	109	45	27	30	82
RDN18	991	367	812	241	172	314	510
RDN18	992	822	788	450	732	1158	2179
RDN18	993	193	160	194	300	418	942
RDN18	994	875	2037	480	503	858	1378
RDN18	995	492	296	281	168	238	453
RDN18	996	103	37	71	17	18	37
RDN18	997	668	1755	399	587	1237	1576
RDN18	998	215	396	157	533	823	1172
RDN18	999	463	208	212	72	151	953
RDN18	1000	580	520	195	116	223	1301
RDN18	1001	929	447	518	263	414	752
RDN18	1002	738	1344	401	327	604	945
RDN18	1003	126	57	76	103	126	342
RDN18	1004	1018	1196	451	453	701	3455
RDN18	1005	773	663	445	488	840	1703
RDN18	1006	47	22	33	12	19	62
RDN18	1007	1403	511	947	236	110	227
RDN18	1008	1090	1337	691	351	590	1145
RDN18	1009	389	139	189	59	64	261
RDN18	1010	198	166	91	32	50	114
RDN18	1011	1705	1225	1024	294	391	2437
RDN18	1012	653	203	365	102	51	316
RDN18	1013	468	121	249	61	74	169
RDN18	1014	1892	1095	1131	375	293	760
RDN18	1015	381	154	243	77	66	169
RDN18	1016	575	413	344	155	191	465
RDN18	1017	692	295	351	96	64	348
RDN18	1018	434	166	231	76	54	199
RDN18	1019	262	303	162	257	426	806
RDN18	1020	292	191	203	176	270	1105
RDN18	1021	374	161	196	56	51	762
RDN18	1022	268	497	117	125	167	1252
RDN18	1023	643	517	382	176	223	904
RDN18	1024	195	126	150	33	39	145
RDN18	1025	576	403	366	148	215	436
RDN18	1026	463	458	228	207	392	716
RDN18	1027	157	59	82	27	32	135
RDN18	1028	215	89	131	37	31	225
RDN18	1029	576	275	287	116	116	789
RDN18	1030	88	34	45	46	48	141
RDN18	1031	148	37	118	20	12	41
RDN18	1032	835	286	465	111	164	812
RDN18	1033	86	17	42	9	4	61
RDN18	1034	425	111	284	60	22	192
RDN18	1035	1477	1664	846	370	542	1059
RDN18	1036	720	533	434	201	294	1206
RDN18	1037	568	448	347	113	160	2869
RDN18	1038	717	287	372	137	106	1356
RDN18	1039	433	123	272	155	184	425
RDN18	1040	1134	247	627	154	138	280
RDN18	1041	291	88	208	36	31	73
RDN18	1042	830	1774	496	418	817	1048
RDN18	1043	373	466	271	442	824	1351
RDN18	1044	69	20	41	17	7	101
RDN18	1045	298	228	213	65	41	167
RDN18	1046	615	137	400	74	49	147
RDN18	1047	1703	367	1017	241	95	421
RDN18	1048	3874	2126	2386	615	410	1017
RDN18	1049	1438	856	1103	250	198	467
RDN18	1050	5201	2515	3653	875	698	1269
RDN18	1051	4642	917	3521	709	346	1012
RDN18	1052	6078	1579	4879	926	567	1359
RDN18	1053	10989	1527	7515	1280	650	1909
RDN18	1054	4809	1015	3153	674	408	1147
RDN18	1055	3175	833	2001	461	383	849
RDN18	1056	2841	976	1807	509	522	871
RDN18	1057	2137	855	1411	451	623	961
RDN18	1058	1258	865	908	380	702	927
RDN18	1059	1243	1049	696	286	495	919
RDN18	1060	1328	906	857	357	566	1165
RDN18	1061	3541	3981	3316	13644	27872	33228
RDN18	1062	241	78	235	288	526	761
RDN18	1063	179	54	111	39	31	79
RDN18	1064	489	630	307	142	256	353
RDN18	1065	262	118	177	118	181	258
RDN18	1066	43	35	33	16	20	86
RDN18	1067	387	104	273	62	59	2047
RDN18	1068	360	210	238	90	91	1874
RDN18	1069	262	115	163	61	53	153
RDN18	1070	546	293	380	103	135	348
RDN18	1071	185	48	107	17	20	66
RDN18	1072	717	161	553	74	72	272
RDN18	1073	916	497	541	141	235	332
RDN18	1074	151	46	90	16	16	160
RDN18	1075	2642	1021	1827	688	689	5010
RDN18	1076	325	71	337	74	89	188
RDN18	1077	660	204	620	99	113	326
RDN18	1078	268	78	144	35	35	78
RDN18	1079	800	236	539	119	134	295
RDN18	1080	3860	2758	3202	1534	2257	8780
RDN18	1081	336	75	300	97	138	410
RDN18	1082	223	74	221	37	65	114
RDN18	1083	2536	937	2368	527	868	1234
RDN18	1084	1896	1096	1767	380	1583	959
RDN18	1085	3922	1725	3791	927	1862	1803
RDN18	1086	1163	272	1044	349	549	796
RDN18	1087	4050	3722	3604	2493	3772	5256
RDN18	1088	3971	3048	3522	2545	3428	6615
RDN18	1089	3445	1663	2465	530	1092	9026
RDN18	1090	251	90	202	51	63	482
RDN18	1091	3279	1423	3719	4176	5423	11129
RDN18	1092	928	398	922	256	249	603
RDN18	1093	1024	308	1096	193	177	526
RDN18	1094	2771	1001	2690	434	344	940
RDN18	1095	1011	406	953	336	322	830
RDN18	1096	477	246	454	155	146	336
RDN18	1097	391	286	330	117	131	317
RDN18	1098	160	69	146	46	37	106
RDN18	1099	556	125	408	84	82	241
RDN18	1100	1202	471	932	200	210	485
RDN18	1101	457	89	366	68	36	103
RDN18	1102	5411	548	4984	632	210	1205
RDN18	1103	685	224	537	176	116	346
RDN18	1104	380	225	290	352	276	617
RDN18	1105	159	69	123	44	38	125
RDN18	1106	310	86	225	49	49	141
RDN18	1107	197	93	223	29	58	105
RDN18	1108	803	142	765	97	65	230
RDN18	1109	4718	890	4729	716	224	1398
RDN18	1110	1339	198	1665	238	44	442
RDN18	1111	10314	915	13088	1850	321	3636
RDN18	1112	11095	1310	11117	2212	698	6240
RDN18	1113	675	351	779	375	431	1748
RDN18	1114	811	312	939	224	211	4392
RDN18	1115	1275	1208	1152	712	735	9756
RDN18	1116	2927	499	3944	3214	3972	10661
RDN18	1117	105	18	97	18	19	74
RDN18	1118	176	44	159	48	61	120
RDN18	1119	480	124	481	132	60	424
RDN18	1120	286	14	239	38	10	148
RDN18	1121	165	65	96	49	70	175
RDN18	1122	84	26	65	22	19	402
RDN18	1123	172	85	132	64	100	740
RDN18	1124	167	46	188	92	87	408
RDN18	1125	1739	110	1752	266	43	765
RDN18	1126	22012	745	23404	3356	304	7541
RDN18	1127	4996	130	8043	572	48	1135
RDN18	1128	326	20	372	42	12	106
RDN18	1129	382	175	282	59	58	186
RDN18	1130	190	77	140	28	30	94
RDN18	1131	526	164	552	244	255	757
RDN18	1132	675	377	642	529	540	1640
RDN18	1133	228	42	264	75	52	212
RDN18	1134	1590	248	1547	302	173	1444
RDN18	1135	1041	433	853	223	212	1467
RDN18	1136	332	158	319	57	84	296
RDN18	1137	423	178	326	114	171	389
RDN18	1138	743	302	635	345	540	1421
RDN18	1139	1693	341	2990	6566	7453	24893
RDN18	1140	675	143	590	104	88	305
RDN18	1141	1025	157	723	80	81	320
RDN18	1142	565	320	492	311	372	909
RDN18	1143	849	298	765	158	187	613
RDN18	1144	122	40	73	13	24	84
RDN18	1145	61	27	48	10	12	23
RDN18	1146	193	399	175	67	137	244
RDN18	1147	107	24	67	27	19	99
RDN18	1148	56	17	56	10	14	64
RDN18	1149	151	43	104	24	32	89
RDN18	1150	183	190	130	41	101	164
RDN18	1151	342	181	226	85	161	361
RDN18	1152	70	21	84	12	11	57
RDN18	1153	445	103	376	41	50	152
RDN18	1154	62	29	32	12	14	24
RDN18	1155	149	36	88	11	10	28
RDN18	1156	193	112	163	70	79	352
RDN18	1157	32	61	42	32	52	114
RDN18	1158	19	2	7	6	3	33
RDN18	1159	56	68	57	33	46	204
RDN18	1160	70	42	56	34	60	142
RDN18	1161	24	17	21	7	10	60
RDN18	1162	79	82	68	39	50	310
RDN18	1163	224	67	155	47	48	164
RDN18	1164	345	154	230	38	67	125
RDN18	1165	627	372	413	148	189	292
RDN18	1166	138	104	129	49	81	147
RDN18	1167	253	73	207	27	38	101
RDN18	1168	175	79	140	36	31	154
RDN18	1169	178	88	168	39	37	72
RDN18	1170	103	38	75	9	20	23
RDN18	1171	138	45	171	62	87	175
RDN18	1172	153	48	131	20	30	68
RDN18	1173	64	24	43	21	14	43
RDN18	1174	81	39	66	15	14	55
RDN18	1175	121	144	105	32	52	66
RDN18	1176	30	3	22	4	6	7
RDN18	1177	112	14	78	12	3	30
RDN18	1178	1572	201	1452	143	83	264
RDN18	1179	588	68	534	52	24	101
RDN18	1180	708	140	462	96	64	333
RDN18	1181	688	438	492	137	206	612
RDN18	1182	819	367	514	176	189	689
RDN18	1183	1361	1448	1115	1110	1582	1824
RDN18	1184	645	335	452	212	281	390
RDN18	1185	582	385	423	159	191	363
RDN18	1186	158	51	149	65	31	108
RDN18	1187	439	120	361	138	70	407
RDN18	1188	2122	2993	1525	1057	1328	2040
RDN18	1189	9262	3132	7587	2230	1451	5122
RDN18	1190	113951	68595	72783	29178	30507	55135
RDN18	1191	739712	193546	451456	67778	79245	106579
RDN18	1192	4587	1410	2190	762	1092	1782
RDN18	1193	4240	2982	4166	25680	37239	41482
RDN18	1194	574	186	302	135	170	349
RDN18	1195	2360	1910	1204	980	1657	4901
RDN18	1196	238	68	119	54	83	202
RDN18	1197	99	30	71	19	17	53
RDN18	1198	1316	253	684	124	197	334
RDN18	1199	441	198	291	75	135	203
RDN18	1200	534	382	426	114	250	349
RDN18	1201	446	250	337	143	113	267
RDN18	1202	1441	719	1144	681	635	1312
RDN18	1203	359	204	448	580	587	1174
RDN18	1204	201	91	167	112	134	208
RDN18	1205	697	277	320	92	167	228
RDN18	1206	69	8	26	12	8	41
RDN18	1207	429	242	266	158	196	789
RDN18	1208	142	74	177	122	134	391
RDN18	1209	26	17	51	17	14	79
RDN18	1210	230	69	183	67	44	369
RDN18	1211	186	19	150	37	22	100
RDN18	1212	437	61	391	92	16	200
RDN18	1213	3133	917	2442	1621	261	4082
RDN18	1214	68	26	36	36	22	133
RDN18	1215	125	64	138	83	76	1216
RDN18	1216	24	6	21	14	10	77
RDN18	1217	79	38	99	97	94	226
RDN18	1218	294	408	252	378	417	705
RDN18	1219	206	43	140	209	184	1202
RDN18	1220	397	428	344	530	487	3672
RDN18	1221	364	156	274	180	160	2407
RDN18	1222	420	118	318	135	113	1416
RDN18	1223	1256	1533	1198	2973	2413	4851
RDN18	1224	443	327	339	370	326	3199
RDN18	1225	395	240	315	339	310	1308
RDN18	1226	736	442	777	1843	1879	4496
RDN18	1227	471	263	504	600	711	1638
RDN18	1228	634	326	578	194	193	321
RDN18	1229	2450	2430	2040	1556	1885	2755
RDN18	1230	1174	748	931	474	503	1128
RDN18	1231	198	103	125	57	95	255
RDN18	1232	228	131	184	42	62	92
RDN18	1233	1048	1609	868	592	930	1223
RDN18	1234	217	65	235	45	64	862
RDN18	1235	318	80	326	78	93	1120
RDN18	1236	309	99	347	53	76	86
RDN18	1237	1468	1146	1404	441	940	908
RDN18	1238	1274	481	1304	252	591	523
RDN18	1239	213	66	269	86	152	144
RDN18	1240	163	117	195	74	124	139
RDN18	1241	914	502	613	240	559	456
RDN18	1242	84	49	83	35	46	55
RDN18	1243	694	371	540	127	285	291
RDN18	1244	110	35	76	20	23	47
RDN18	1245	248	55	239	151	145	418
RDN18	1246	742	224	832	1031	1316	3078
RDN18	1247	529	220	500	193	268	316
RDN18	1248	151	43	136	35	33	59
RDN18	1249	711	228	557	93	93	157
RDN18	1250	677	300	569	114	140	206
RDN18	1251	2101	761	1999	388	404	597
RDN18	1252	578	243	509	60	95	130
RDN18	1253	145	42	169	18	11	25
RDN18	1254	807	282	782	88	66	118
RDN18	1255	17447	7783	13796	1490	1822	2217
RDN18	1256	6034	2030	4729	500	577	799
RDN18	1257	1402	590	1050	153	174	265
RDN18	1258	1352	570	1077	75	142	221
RDN18	1259	489	152	443	38	45	82
RDN18	1260	218	71	169	17	35	27
RDN18	1261	119	41	198	7	10	16
RDN18	1262	510	53	489	41	18	108
RDN18	1263	235	36	203	11	5	19
RDN18	1264	75	13	102	11	3	25
RDN18	1265	195	65	278	25	30	71
RDN18	1266	205	47	256	38	20	149
RDN18	1267	146	44	130	26	46	72
RDN18	1268	401	83	356	54	28	145
RDN18	1269	1082	83	835	78	8	193
RDN18	1270	301	24	238	38	7	75
RDN18	1271	2231	760	2612	406	188	1001
RDN18	1272	267	86	285	34	45	109
RDN18	1273	32	12	29	5	5	77
RDN18	1274	117	121	81	140	264	1252
RDN18	1275	42	17	49	20	11	61
RDN18	1276	25	6	26	7	4	9
RDN18	1277	33	7	41	11	3	25
RDN18	1278	206	30	306	46	21	93
RDN18	1279	49	12	93	14	6	32
RDN18	1280	35	3	33	6	4	13
RDN18	1281	1082	141	1210	152	31	355
RDN18	1282	275	74	166	51	81	245
RDN18	1283	90	77	76	35	57	189
RDN18	1284	47	24	28	15	19	58
RDN18	1285	297	120	165	61	78	497
RDN18	1286	425	179	302	87	67	755
RDN18	1287	115	60	84	33	37	99
RDN18	1288	86	61	68	21	12	77
RDN18	1289	97	34	83	16	15	48
RDN18	1290	133	33	126	24	13	39
RDN18	1291	134	69	94	22	29	135
RDN18	1292	233	62	176	42	29	145
RDN18	1293	61	26	74	21	12	26
RDN18	1294	287	103	182	60	68	138
RDN18	1295	294	89	172	39	62	135
RDN18	1296	115	44	138	26	17	94
RDN18	1297	746	97	708	154	34	278
RDN18	1298	141	25	193	35	14	92
RDN18	1299	403	551	288	201	274	627
RDN18	1300	128	89	136	84	63	192
RDN18	1301	165	155	159	74	58	175
RDN18	1302	283	25	218	61	13	160
RDN18	1303	125	67	79	17	18	62
RDN18	1304	85	93	80	24	31	117
RDN18	1305	79	14	54	19	8	35
RDN18	1306	122	41	85	26	10	54
RDN18	1307	194	58	159	41	15	61
RDN18	1308	147	35	97	29	6	46
RDN18	1309	276	64	149	49	26	117
RDN18	1310	340	324	206	99	84	707
RDN18	1311	117	39	70	26	26	93
RDN18	1312	238	367	171	162	297	621
RDN18	1313	121	83	65	34	42	99
RDN18	1314	125	24	62	22	10	37
RDN18	1315	148	53	128	30	29	55
RDN18	1316	155	47	95	37	32	115
RDN18	1317	70	27	58	27	22	89
RDN18	1318	501	895	279	356	617	1213
RDN18	1319	87	80	55	55	60	220
RDN18	1320	488	182	257	105	50	310
RDN18	1321	273	338	231	191	285	541
RDN18	1322	187	59	133	32	40	93
RDN18	1323	97	24	64	12	7	36
RDN18	1324	224	159	128	52	75	173
RDN18	1325	402	523	281	623	1386	2377
RDN18	1326	84	29	62	21	27	99
RDN18	1327	212	70	128	46	38	121
RDN18	1328	198	65	128	28	31	76
RDN18	1329	59	4	59	6	5	33
RDN18	1330	411	366	437	155	175	371
RDN18	1331	169	33	245	36	58	83
RDN18	1332	278	41	334	69	36	116
RDN18	1333	396	294	274	124	148	498
RDN18	1334	130	95	72	22	31	108
RDN18	1335	211	67	164	31	20	153
RDN18	1336	234	152	168	119	181	487
RDN18	1337	171	80	118	61	53	250
RDN18	1338	33	13	30	9	12	35
RDN18	1339	240	84	129	40	49	433
RDN18	1340	567	407	420	221	224	4588
RDN18	1341	133	46	121	43	32	250
RDN18	1342	379	214	358	112	138	4484
RDN18	1343	973	548	788	364	300	4668
RDN18	1344	444	148	390	125	83	458
RDN18	1345	799	676	622	397	451	1588
RDN18	1346	964	281	757	285	462	3001
RDN18	1347	1103	290	820	150	84	5361
RDN18	1348	317	112	249	29	58	181
RDN18	1349	211	91	144	25	26	255
RDN18	1350	155	39	158	23	11	62
RDN18	1351	166	27	128	19	3	88
RDN18	1352	384	99	313	71	43	163
RDN18	1353	115	51	107	24	23	60
RDN18	1354	37	39	42	14	15	50
RDN18	1355	42	30	48	12	5	104
RDN18	1356	170	68	143	23	26	433
RDN18	1357	162	60	137	28	34	71
RDN18	1358	130	41	148	51	32	361
RDN18	1359	375	350	314	312	441	2973
RDN18	1360	395	190	334	347	309	1224
RDN18	1361	295	81	212	73	79	223
RDN18	1362	270	105	225	72	63	200
RDN18	1363	330	126	271	47	48	79
RDN18	1364	58	24	65	7	6	20
RDN18	1365	50	13	61	11	7	28
RDN18	1366	715	45	657	71	42	97
RDN18	1367	340	62	354	53	36	109
RDN18	1368	585	209	480	117	102	398
RDN18	1369	388	123	282	46	59	358
RDN18	1370	704	552	538	138	183	842
RDN18	1371	322	119	354	320	638	1182
RDN18	1372	48	24	39	11	9	59
RDN18	1373	45	16	42	18	14	211
RDN18	1374	98	48	95	21	24	620
RDN18	1375	28	4	40	3	3	27
RDN18	1376	2294	31	1352	122	45	182
RDN18	1377	771	41	518	77	42	186
RDN18	1378	145	26	140	41	32	118
RDN18	1379	383	86	308	76	56	343
RDN18	1380	581	124	477	70	62	747
RDN18	1381	1287	290	1132	147	132	2098
RDN18	1382	610	141	470	38	56	158
RDN18	1383	277	80	237	31	63	126
RDN18	1384	721	105	579	133	133	438
RDN18	1385	183	29	164	8	15	36
RDN18	1386	1355	97	1634	150	53	203
RDN18	1387	2267	1051	2760	563	487	1488
RDN18	1388	845	213	915	164	202	803
RDN18	1389	115	19	134	13	4	209
RDN18	1390	999	581	724	245	237	6727
RDN18	1391	175	77	107	62	95	303
RDN18	1392	100	26	81	9	20	63
RDN18	1393	88	13	98	6	6	40
RDN18	1394	481	108	611	73	53	118
RDN18	1395	751	156	1038	213	214	560
RDN18	1396	457	150	424	111	87	280
RDN18	1397	459	481	415	243	336	687
RDN18	1398	681	254	435	171	227	1284
RDN18	1399	391	158	266	129	133	718
RDN18	1400	125	51	130	80	124	298
RDN18	1401	130	29	132	24	27	68
RDN18	1402	248	87	334	52	73	350
RDN18	1403	124	27	126	29	29	283
RDN18	1404	44	9	69	10	13	39
RDN18	1405	742	529	530	191	361	614
RDN18	1406	532	100	406	72	110	302
RDN18	1407	289	58	320	26	55	88
RDN18	1408	168	47	183	19	51	91
RDN18	1409	2225	947	2371	434	448	1143
RDN18	1410	1225	376	1144	247	359	741
RDN18	1411	1156	255	1342	191	212	516
RDN18	1412	4516	1375	5325	620	720	1764
RDN18	1413	1649	980	1344	260	438	1047
RDN18	1414	481	128	296	54	78	216
RDN18	1415	247	98	255	31	72	163
RDN18	1416	442	176	344	65	137	222
RDN18	1417	731	150	781	95	101	303
RDN18	1418	935	210	1409	111	121	336
RDN18	1419	2452	877	3005	407	734	10628
RDN18	1420	275	144	287	70	99	1161
RDN18	1421	1862	1864	1545	4361	7666	14361
RDN18	1422	966	418	657	233	384	1203
RDN18	1423	2366	1009	1546	290	529	2550
RDN18	1424	2882	2307	1848	1480	2633	5734
RDN18	1425	169	54	116	24	64	323
RDN18	1426	633	413	517	135	294	3097
RDN18	1427	394	49	387	105	163	479
RDN18	1428	2310	246	2966	328	120	624
RDN18	1429	1677	302	2008	193	128	548
RDN18	1430	644	127	448	82	85	370
RDN18	1431	275	73	226	44	21	197
RDN18	1432	530	145	349	69	67	230
RDN18	1433	205	40	167	22	23	116
RDN18	1434	293	42	219	42	19	147
RDN18	1435	549	358	507	197	261	623
RDN18	1436	67	15	49	9	19	42
RDN18	1437	59	5	51	13	5	24
RDN18	1438	442	46	597	92	9	83
RDN18	1439	529	38	880	108	5	113
RDN18	1440	137	25	139	23	14	47
RDN18	1441	141	23	124	20	12	71
RDN18	1442	298	148	245	71	51	542
RDN18	1443	153	48	123	20	18	122
RDN18	1444	178	30	129	22	16	41
RDN18	1445	718	693	522	158	174	514
RDN18	1446	307	66	230	30	31	148
RDN18	1447	91	36	93	9	7	49
RDN18	1448	476	177	561	89	41	224
RDN18	1449	150	101	149	32	23	112
RDN18	1450	172	117	104	60	66	154
RDN18	1451	45	51	61	16	14	83
RDN18	1452	41	23	46	10	6	24
RDN18	1453	20	4	28	4	2	13
RDN18	1454	51	24	57	8	7	15
RDN18	1455	235	32	202	51	3	87
RDN18	1456	290	51	369	72	13	89
RDN18	1457	43	49	49	13	4	34
RDN18	1458	62	39	64	17	8	148
RDN18	1459	107	523	117	67	169	2875
RDN18	1460	331	49	264	84	13	267
RDN18	1461	1082	66	951	258	16	738
RDN18	1462	839	37	762	199	6	539
RDN18	1463	141	48	106	34	13	179
RDN18	1464	121	35	132	20	5	58
RDN18	1465	191	118	192	38	27	179
RDN18	1466	57	11	48	9	2	46
RDN18	1467	167	181	170	42	42	568
RDN18	1468	510	795	322	191	140	2392
RDN18	1469	214	134	178	36	63	1954
RDN18	1470	215	232	181	41	100	2903
RDN18	1471	187	119	176	31	31	204
RDN18	1472	60	46	61	14	5	71
RDN18	1473	62	40	73	17	5	44
RDN18	1474	350	672	261	92	138	473
RDN18	1475	39	16	46	6	3	77
RDN18	1476	39	28	36	8	6	29
RDN18	1477	52	26	73	8	8	13
RDN18	1478	121	25	119	29	9	35
RDN18	1479	56	17	97	23	6	49
RDN18	1480	309	77	338	57	19	387
RDN18	1481	79	10	82	11	4	192
RDN18	1482	194	84	181	37	25	848
RDN18	1483	258	85	279	53	81	248
RDN18	1484	45	5	66	8	4	66
RDN18	1485	145	94	146	30	23	102
RDN18	1486	34	16	43	8	5	27
RDN18	1487	280	81	349	37	21	104
RDN18	1488	886	230	1242	285	217	1023
RDN18	1489	433	411	454	222	248	1881
RDN18	1490	356	401	247	108	124	1574
RDN18	1491	180	62	127	17	19	407
RDN18	1492	592	464	494	350	545	2150
RDN18	1493	145	58	136	40	54	310
RDN18	1494	149	96	121	18	17	186
RDN18	1495	69	69	62	8	7	73
RDN18	1496	130	44	110	7	12	54
RDN18	1497	71	15	62	6	3	16
RDN18	1498	191	21	163	36	7	87
RDN18	1499	429	246	323	60	26	497
RDN18	1500	288	112	272	51	14	310
RDN18	1501	235	125	182	146	139	334
RDN18	1502	2010	973	1471	1075	1396	2728
RDN18	1503	1071	99	1059	331	147	1003
RDN18	1504	1848	1162	1475	692	1203	2103
RDN18	1505	277	56	216	65	59	216
RDN18	1506	539	151	537	99	37	135
RDN18	1507	346	138	314	51	45	146
RDN18	1508	79	69	144	25	42	85
RDN18	1509	113	40	134	18	13	51
RDN18	1510	188	32	126	21	16	63
RDN18	1511	215	86	194	42	19	99
RDN18	1512	318	77	216	49	34	148
RDN18	1513	407	234	404	90	66	1374
RDN18	1514	58	39	90	10	13	141
RDN18	1515	372	461	324	184	390	661
RDN18	1516	209	133	198	94	149	328
RDN18	1517	98	72	89	32	44	88
RDN18	1518	111	92	69	27	36	103
RDN18	1519	86	39	68	15	9	44
RDN18	1520	379	128	330	76	67	216
RDN18	1521	256	210	172	68	108	268
RDN18	1522	1171	772	761	229	251	683
RDN18	1523	101	105	75	12	33	78
RDN18	1524	303	271	234	128	235	560
RDN18	1525	200	180	144	68	134	356
RDN18	1526	30	13	13	5	6	21
RDN18	1527	39	26	22	7	7	23
RDN18	1528	73	58	50	29	41	245
RDN18	1529	59	14	23	14	11	73
RDN18	1530	596	32	262	43	16	41
RDN18	1531	1538	310	679	130	110	434
RDN18	1532	186	83	90	17	15	136
RDN18	1533	101	33	58	9	7	35
RDN18	1534	367	184	202	61	42	232
RDN18	1535	388	232	278	60	65	233
RDN18	1536	541	687	320	166	289	1193
RDN18	1537	828	696	450	134	191	757
RDN18	1538	303	105	188	39	38	129
RDN18	1539	383	194	243	41	45	144
RDN18	1540	826	382	675	147	122	247
RDN18	1541	921	550	616	206	224	418
RDN18	1542	483	1948	345	377	613	1178
RDN18	1543	897	961	556	394	649	2682
RDN18	1544	1787	1449	1199	327	431	4177
RDN18	1545	237	60	154	31	33	57
RDN18	1546	548	269	455	150	163	378
RDN18	1547	332	200	325	100	135	285
RDN18	1548	213	76	186	62	35	1847
RDN18	1549	492	190	440	152	115	2413
RDN18	1550	400	205	377	128	114	309
RDN18	1551	261	63	267	46	25	69
RDN18	1552	299	79	220	37	38	94
RDN18	1553	1018	702	839	258	243	2143
RDN18	1554	1529	572	1131	272	224	1580
RDN18	1555	1126	1546	887	1164	1375	3006
RDN18	1556	1193	905	954	815	1143	2398
RDN18	1557	713	268	660	165	151	528
RDN18	1558	1882	1989	1447	1053	1185	4821
RDN18	1559	317	135	273	121	133	312
RDN18	1560	440	118	380	69	80	140
RDN18	1561	197	59	139	26	23	59
RDN18	1562	202	75	190	38	39	77
RDN18	1563	245	186	217	72	111	186
RDN18	1564	303	147	301	78	67	213
RDN18	1565	403	129	318	71	79	319
RDN18	1566	2668	2941	1712	789	1115	2275
RDN18	1567	1563	693	901	200	531	3342
RDN18	1568	1756	962	1094	306	681	4624
RDN18	1569	2859	5708	2028	2319	3770	5929
RDN18	1570	862	363	675	137	211	455
RDN18	1571	614	180	602	91	81	238
RDN18	1572	19072	8572	19173	4793	2785	6916
RDN18	1573	5934	1093	8434	936	418	1077
RDN18	1574	8677	6731	8875	1998	2928	4529
RDN18	1575	6466	3858	5608	1705	2086	3437
RDN18	1576	1904	2049	1561	1512	2060	3382
RDN18	1577	1238	704	1005	431	541	879
RDN18	1578	2274	1788	1825	670	953	1510
RDN18	1579	2142	1417	1741	723	1114	2822
RDN18	1580	419	335	296	163	248	627
RDN18	1581	2364	1140	1648	450	675	2014
RDN18	1582	9762	5287	7621	2109	2966	18692
RDN18	1583	1405	959	960	368	538	1292
RDN18	1584	8677	8001	6510	1932	3652	30630
RDN18	1585	6764	4426	4376	1361	1931	12226
RDN18	1586	2520	989	1695	348	598	1027
RDN18	1587	1057	744	742	246	242	496
RDN18	1588	751	321	753	90	106	303
RDN18	1589	713	1001	511	318	370	607
RDN18	1590	247	168	204	62	99	1570
RDN18	1591	1450	1115	1010	428	633	3513
RDN18	1592	648	350	523	109	143	245
RDN18	1593	420	182	334	177	208	436
RDN18	1594	2192	3141	1496	1012	1320	2345
RDN18	1595	647	249	431	178	221	812
RDN18	1596	5375	5464	3337	3011	5052	13366
RDN18	1597	4978	7881	3069	3959	6221	8210
RDN18	1598	490	328	390	178	297	1092
RDN18	1599	1730	759	823	421	724	2999
RDN18	1600	1132	597	888	358	444	789
RDN18	1601	660	609	551	202	262	564
RDN18	1602	319	196	195	74	81	192
RDN18	1603	276	65	215	48	22	145
RDN18	1604	1447	332	791	94	93	219
RDN18	1605	260	103	196	18	12	153
RDN18	1606	428	139	379	41	54	119
RDN18	1607	1320	254	1123	103	56	195
RDN18	1608	210	48	245	24	23	61
RDN18	1609	190	28	182	24	21	47
RDN18	1610	2177	1212	1873	449	816	1072
RDN18	1611	402	127	314	66	93	146
RDN18	1612	223	73	273	39	69	67
RDN18	1613	2108	1055	2050	556	936	2152
RDN18	1614	149	41	133	16	44	78
RDN18	1615	80	17	135	25	24	58
RDN18	1616	137	11	129	39	16	79
RDN18	1617	43	2	38	10	4	50
RDN18	1618	39	1	32	6	1	12
RDN18	1619	43	1	60	12	1	45
RDN18	1620	127	1	126	44	1	125
RDN18	1621	24	1	17	7	0	20
RDN18	1622	199	2	230	63	1	136
RDN18	1623	122	5	141	31	3	79
RDN18	1624	211	3	177	50	3	134
RDN18	1625	121	12	94	16	4	45
RDN18	1626	220	24	236	62	11	151
RDN18	1627	176	19	206	27	3	90
RDN18	1628	90	20	76	15	6	157
RDN18	1629	285	55	306	42	23	521
RDN18	1630	194	54	180	83	43	728
RDN18	1631	127	5	114	20	11	157
RDN18	1632	809	66	771	261	43	1416
RDN18	1633	74	3	51	8	7	96
RDN18	1634	89	12	76	65	13	334
RDN18	1635	110	3	141	39	2	132
RDN18	1636	73	6	74	22	0	71
RDN18	1637	55	4	55	18	0	50
RDN18	1638	70	5	93	34	2	66
RDN18	1639	2428	104	3018	916	42	1378
RDN18	1640	143	1	139	34	2	94
RDN18	1641	152	5	162	54	1	134
RDN18	1642	236	17	133	33	2	55
RDN18	1643	57	2	68	14	1	26
RDN18	1644	313	12	245	87	12	221
RDN18	1645	462	4	346	149	1	345
RDN18	1646	621	28	462	160	32	537
RDN18	1647	417	64	300	90	48	1023
RDN18	1648	178	22	108	45	10	85
RDN18	1649	158	17	99	26	6	256
RDN18	1650	179	16	113	33	11	518
RDN18	1651	181	31	106	34	37	194
RDN18	1652	176	6	125	28	17	154
RDN18	1653	100	18	65	15	10	45
RDN18	1654	457	254	360	188	143	473
RDN18	1655	551	109	389	115	33	302
RDN18	1656	285	24	207	50	11	94
RDN18	1657	389	101	244	61	32	118
RDN18	1658	149	25	112	25	10	41
RDN18	1659	748	322	563	158	120	407
RDN18	1660	120	9	103	42	0	114
RDN18	1661	129	19	92	11	1	30
RDN18	1662	119	12	127	21	2	25
RDN18	1663	92	28	85	11	4	35
RDN18	1664	56	13	22	20	1	24
RDN18	1665	96	38	74	13	12	69
RDN18	1666	211	65	107	20	16	332
RDN18	1667	107	28	98	15	2	27
RDN18	1668	32	13	22	5	2	29
RDN18	1669	20	9	24	6	10	46
RDN18	1670	77	29	60	20	25	77
RDN18	1671	26	3	26	1	2	9
RDN18	1672	40	7	49	8	2	27
RDN18	1673	42	1	69	5	2	19
RDN18	1674	73	7	60	15	5	38
RDN18	1675	100	38	76	22	17	98
RDN18	1676	100	23	80	17	6	623
RDN18	1677	30	4	34	15	0	142
RDN18	1678	106	12	129	8	2	32
RDN18	1679	22	3	18	3	2	11
RDN18	1680	180	48	138	55	43	161
RDN18	1681	115	26	132	172	119	827
RDN18	1682	50	22	53	11	4	26
RDN18	1683	36	8	33	7	7	43
RDN18	1684	167	57	156	20	27	67
RDN18	1685	354	177	479	90	141	360
RDN18	1686	257	89	305	56	121	265
RDN18	1687	394	80	474	106	152	887
RDN18	1688	585	116	695	159	257	1364
RDN18	1689	582	104	600	89	71	262
RDN18	1690	467	106	397	100	110	191
RDN18	1691	274	130	229	85	100	152
RDN18	1692	732	414	617	201	191	343
RDN18	1693	2536	900	1884	413	320	545
RDN18	1694	261	159	215	68	75	106
RDN18	1695	113	52	102	21	24	33
RDN18	1696	316	52	277	56	45	109
RDN18	1697	500	61	678	152	131	356
RDN18	1698	392	165	731	196	249	537
RDN18	1699	89	24	64	35	28	265
RDN18	1700	125	27	138	57	51	372
RDN18	1701	323	112	261	363	241	892
RDN18	1702	12	3	30	16	14	43
RDN18	1703	59	24	53	30	24	91
RDN18	1704	90	70	73	64	63	190
RDN18	1705	9	2	10	5	4	25
RDN18	1706	70	61	87	51	63	442
RDN18	1707	60	19	40	40	41	167
RDN18	1708	128	101	145	85	120	123
RDN18	1709	248	285	222	191	237	318
RDN18	1710	73	50	83	40	41	137
RDN18	1711	362	159	380	169	267	491
RDN18	1712	281	109	207	145	145	350
RDN18	1713	125	49	128	46	48	94
RDN18	1714	111	70	73	46	35	86
RDN18	1715	47	18	49	7	9	55
RDN18	1716	14	6	23	5	5	15
RDN18	1717	58	13	68	14	10	39
RDN18	1718	176	20	120	29	14	125
RDN18	1719	53	13	51	12	16	41
RDN18	1720	200	18	75	95	33	340
RDN18	1721	311	108	389	1984	1264	5154
RDN18	1722	77	2	65	210	28	639
RDN18	1723	28	7	40	33	20	70
RDN18	1724	23	9	7	11	6	24
RDN18	1725	2	3	0	0	4	7
RDN18	1726	26	7	16	9	5	24
RDN18	1727	101	128	36	153	118	515
RDN18	1728	16	2	14	12	13	239
RDN18	1729	7	0	0	2	2	15
RDN18	1730	93	25	42	131	124	357
RDN18	1731	215	34	167	1305	1155	3734
RDN18	1732	12	3	7	4	5	17
RDN18	1733	4	0	5	1	1	11
RDN18	1734	13	1	9	0	1	9
RDN18	1735	0	0	0	0	0	1
RDN18	1736	0	0	2	0	0	4
RDN18	1737	9	9	12	5	4	33
RDN18	1738	3	0	4	0	0	7
RDN18	1739	31	5	37	14	4	165
RDN18	1740	33	8	15	4	8	14
RDN18	1741	11	5	8	2	6	5
RDN18	1742	34	12	12	3	2	26
RDN18	1743	19	10	9	5	6	45
RDN18	1744	0	2	0	0	6	4
RDN18	1745	6	4	0	2	6	13
RDN18	1746	0	1	5	0	1	5
RDN18	1747	5	0	0	0	0	0
RDN18	1748	0	0	2	2	1	4
RDN18	1749	7	3	3	25	26	47
RDN18	1750	1	2	0	1	3	1
RDN18	1751	1	1	6	2	2	7
RDN18	1752	1	3	0	3	2	3
RDN18	1753	0	0	0	2	0	4
RDN18	1754	0	1	2	5	1	10
RDN18	1755	0	0	0	2	2	3
RDN18	1756	0	0	0	0	0	0
RDN18	1757	0	0	0	0	0	1
RDN18	1758	0	0	0	0	0	0
RDN18	1759	0	0	0	0	0	0
RDN18	1760	0	0	0	0	0	0
RDN18	1761	0	1	0	0	0	1
RDN18	1762	0	0	0	0	0	1
RDN18	1763	0	0	2	1	0	0
RDN18	1764	0	0	2	0	0	0
RDN18	1765	0	0	0	0	0	0
RDN18	1766	0	0	0	0	0	0
RDN18	1767	0	0	0	0	0	0
RDN18	1768	0	0	0	0	0	0
RDN18	1769	0	0	0	0	0	0
RDN18	1770	0	0	0	0	0	0
RDN18	1771	0	0	0	0	0	0
RDN18	1772	0	0	0	0	0	0
RDN18	1773	0	0	0	0	0	0
RDN18	1774	0	0	0	0	0	0
RDN18	1775	0	0	0	0	0	0
RDN18	1776	0	0	0	0	0	0
RDN18	1777	0	0	0	0	0	0
RDN18	1778	0	0	0	0	0	0
RDN18	1779	0	0	0	0	0	0
RDN18	1780	0	0	0	0	0	0
RDN18	1781	0	0	0	0	0	0
RDN18	1782	0	0	0	0	0	0
RDN18	1783	0	0	0	0	0	0
RDN18	1784	0	0	0	0	0	0
RDN18	1785	0	0	0	0	0	0
RDN18	1786	0	0	0	0	0	0
RDN18	1787	0	0	0	0	0	0
RDN18	1788	0	0	0	0	0	0
RDN18	1789	0	0	0	0	0	0
RDN18	1790	0	0	0	0	0	0
RDN18	1791	0	0	0	0	0	0
RDN18	1792	0	0	0	0	0	0
RDN18	1793	0	0	0	0	0	0
RDN18	1794	0	0	0	0	0	0
RDN18	1795	0	0	0	0	0	0
RDN18	1796	0	0	0	0	0	0
RDN18	1797	0	0	0	0	0	0
RDN18	1798	0	0	0	0	0	0
RDN18	1799	0	0	0	0	0	0
RDN18	1800	0	0	0	0	0	0