RDN58	1	356	216	174	71	35	100
RDN58	2	122	101	58	48	41	76
RDN58	3	53	19	35	16	6	13
RDN58	4	183	66	132	38	23	41
RDN58	5	261	65	146	42	32	76
RDN58	6	490	314	284	171	148	243
RDN58	7	43	6	40	9	9	36
RDN58	8	182	58	145	44	27	211
RDN58	9	1228	932	903	531	499	920
RDN58	10	143	52	106	30	21	327
RDN58	11	91	29	84	21	11	78
RDN58	12	255	205	125	112	97	231
RDN58	13	27	8	24	5	4	6
RDN58	14	27	10	35	5	3	10
RDN58	15	9	2	14	8	0	3
RDN58	16	164	80	91	39	48	114
RDN58	17	47	2	27	8	12	21
RDN58	18	128	1	56	19	4	47
RDN58	19	39	6	48	8	2	32
RDN58	20	27	8	34	8	4	31
RDN58	21	42	10	21	1	2	6
RDN58	22	80	5	89	20	5	40
RDN58	23	236	4	197	64	8	115
RDN58	24	24	5	18	8	3	7
RDN58	25	112	7	84	19	2	28
RDN58	26	15	0	16	2	0	18
RDN58	27	9	0	21	2	1	5
RDN58	28	21	2	12	4	1	11
RDN58	29	6	0	13	4	0	3
RDN58	30	49	8	51	9	1	30
RDN58	31	5	2	15	2	0	21
RDN58	32	51	15	37	14	6	271
RDN58	33	86	17	85	42	14	85
RDN58	34	7	6	11	1	2	4
RDN58	35	12	3	20	5	1	8
RDN58	36	160	95	119	60	33	101
RDN58	37	38	8	60	19	4	29
RDN58	38	34	8	50	16	0	10
RDN58	39	158	64	140	67	32	104
RDN58	40	315	53	275	87	23	148
RDN58	41	38	17	16	7	1	17
RDN58	42	76	18	76	33	4	44
RDN58	43	91	58	100	190	98	368
RDN58	44	19	3	17	15	5	16
RDN58	45	61	15	66	28	4	71
RDN58	46	27	10	35	9	11	231
RDN58	47	35	2	39	6	2	77
RDN58	48	179	33	135	41	10	62
RDN58	49	104	9	128	25	4	69
RDN58	50	174	63	241	112	15	125
RDN58	51	116	49	145	74	18	119
RDN58	52	103	20	124	70	32	129
RDN58	53	148	79	177	1057	528	1775
RDN58	54	25	4	65	58	17	146
RDN58	55	45	5	58	15	2	25
RDN58	56	26	10	63	10	3	26
RDN58	57	44	7	50	34	9	57
RDN58	58	57	36	50	39	7	87
RDN58	59	52	2	31	36	15	162
RDN58	60	153	108	171	223	40	1560
RDN58	61	23	10	37	10	3	76
RDN58	62	15	16	34	15	6	56
RDN58	63	125	94	187	99	26	1069
RDN58	64	177	41	202	88	21	365
RDN58	65	192	263	181	279	196	501
RDN58	66	81	35	88	33	18	76
RDN58	67	74	70	104	34	23	93
RDN58	68	15	29	55	21	6	39
RDN58	69	115	130	172	98	38	152
RDN58	70	61	73	98	38	23	88
RDN58	71	233	395	309	2800	590	3426
RDN58	72	99	71	82	221	47	362
RDN58	73	73	56	47	35	8	57
RDN58	74	81	63	37	44	20	64
RDN58	75	41	16	37	18	10	148
RDN58	76	28	16	40	27	16	141
RDN58	77	88	97	121	69	55	152
RDN58	78	177	138	158	100	73	165
RDN58	79	446	572	276	511	368	753
RDN58	80	119	115	81	95	50	135
RDN58	81	124	102	82	54	36	98
RDN58	82	176	240	111	221	167	281
RDN58	83	99	51	59	34	30	62
RDN58	84	123	83	51	25	40	95
RDN58	85	44	23	42	8	13	20
RDN58	86	53	50	52	14	17	27
RDN58	87	27	16	52	4	4	8
RDN58	88	82	73	76	97	74	150
RDN58	89	121	82	198	111	79	175
RDN58	90	11	6	18	3	5	10
RDN58	91	21	16	22	20	9	71
RDN58	92	53	33	112	37	38	67
RDN58	93	7	0	5	7	1	3
RDN58	94	17	3	15	3	1	6
RDN58	95	12	1	17	0	0	4
RDN58	96	33	32	53	60	19	80
RDN58	97	58	5	114	68	19	110
RDN58	98	23	2	21	30	1	53
RDN58	99	14	5	43	70	7	63
RDN58	100	43	11	38	13	3	24
RDN58	101	10	2	26	8	1	6
RDN58	102	4	0	8	1	0	2
RDN58	103	26	12	64	16	4	25
RDN58	104	31	29	54	43	7	104
RDN58	105	37	33	45	10	3	29
RDN58	106	23	57	26	8	11	32
RDN58	107	35	19	38	11	3	63
RDN58	108	280	246	182	119	84	2575
RDN58	109	53	27	32	18	8	221
RDN58	110	238	256	197	283	109	1842
RDN58	111	83	36	63	15	5	70
RDN58	112	40	12	31	6	0	16
RDN58	113	101	18	33	10	6	17
RDN58	114	4	2	3	0	0	1
RDN58	115	26	4	7	1	1	1
RDN58	116	4	0	17	1	1	2
RDN58	117	6	2	5	2	0	1
RDN58	118	24	15	12	3	1	7
RDN58	119	55	38	55	3	4	9
RDN58	120	19	21	12	2	2	2
RDN58	121	9	2	3	0	1	1
RDN58	122	2	0	16	0	1	2
RDN58	123	1	2	2	2	4	6
RDN58	124	55	18	37	14	13	40
RDN58	125	160	62	185	40	86	150
RDN58	126	50	6	64	11	17	35
RDN58	127	25	12	73	35	21	33
RDN58	128	9	5	8	3	4	10
RDN58	129	0	0	11	0	2	1
RDN58	130	0	0	6	0	0	0
RDN58	131	0	0	2	0	0	0
RDN58	132	0	0	0	0	0	0
RDN58	133	0	0	0	0	0	0
RDN58	134	0	0	0	0	0	0
RDN58	135	0	0	0	0	0	0
RDN58	136	0	0	0	0	0	0
RDN58	137	0	0	0	0	0	0
RDN58	138	0	0	0	0	0	0
RDN58	139	0	0	0	0	0	0
RDN58	140	0	0	0	0	0	0
RDN58	141	0	0	0	0	0	0
RDN58	142	0	0	0	0	0	0
RDN58	143	0	0	0	0	0	0
RDN58	144	0	0	0	0	0	0
RDN58	145	0	0	0	0	0	0
RDN58	146	0	0	0	0	0	0
RDN58	147	0	0	0	0	0	0
RDN58	148	0	0	0	0	0	0
RDN58	149	0	0	0	0	0	0
RDN58	150	0	0	0	0	0	0
RDN58	151	0	0	0	0	0	0
RDN58	152	0	0	0	0	0	0
RDN58	153	0	0	0	0	0	0
RDN58	154	0	0	0	0	0	0
RDN58	155	0	0	0	0	0	0
RDN58	156	0	0	0	0	0	0
RDN58	157	0	0	0	0	0	0
RDN58	158	0	0	0	0	0	0
							
							
							
							
							
							
							
							
							
							
							
							
							
							
							
							
							
							
							
							
							
							
							
							
							
							
							
							
							
							
							
							
							
							
							
							
							
							
							
							
							
							
							
							
							
							
							
							
							
							
							
							
							
							
							
							
							
							
							
							
							
							
							
							
							
							
							
							
							
							
							
							
							
							
							
							
							
							
							
							
							
							
							
							
							
							
							
							
							
							
							
							
							
							
							
							
							
							
							
							
							
							
							
							
							
							
							
							
							
							
							
							
							
							
							
							
							
							
							
							
							
							
							
							
							
							
							
							
							
							
							
							
							
							
							
							
							
							
							
							
							
							
							
							
							
							
							
							
							
							
							
							
							
							
							
							
							
							
							
							
							
							
							
							
							
							
							
							
							
							
							
							
							
							
							
							
							
							
							
							
							
							
							
							
							
							
							
							
							
							
							
							
							
							
							
							
							
							
							
							
							
							
							
							
							
							
							
							
							
							
							
							
							
							
							
							
							
							
							
							
							
							
							
							
							
							
							
							
							
							
							
							
							
							
							
							
							
							
							
							
							
							
							
							
							
							
							
							
							
							
							
							
							
							
							
							
							
							
							
							
							
							
							
							
							
							
							
							
							
							
							
							
							
							
							
							
							
							
							
							
							
							
							
							
							
							
							
							
							
							
							
							
							
							
							
							
							
							
							
							
							
							
							
							
							
							
							
							
							
							
							
							
							
							
							
							
							
							
							
							
							
							
							
							
							
							
							
							
							
							
							
							
							
							
							
							
							
							
							
							
							
							
							
							
							
							
							
							
							
							
							
							
							
							
							
							
							
							
							
							
							
							
							
							
							
							
							
							
							
							
							
							
							
							
							
							
							
							
							
							
							
							
							
							
							
							
							
							
							
							
							
							
							
							
							
							
							
							
							
							
							
							
							
							
							
							
							
							
							
							
							
							
							
							
							
							
							
							
							
							
							
							
							
							
							
							
							
							
							
							
							
							
							
							
							
							
							
							
							
							
							
							
							
							
							
							
							
							
							
							
							
							
							
							
							
							
							
							
							
							
							
							
							
							
							
							
							
							
							
							
							
							
							
							
							
							
							
							
							
							
							
							
							
							
							
							
							
							
							
							
							
							
							
							
							
							
							
							
							
							
							
							
							
							
							
							
							
							
							
							
							
							
							
							
							
							
							
							
							
							
							
							
							
							
							
							
							
							
							
							
							
							
							
							
							
							
							
							
							
							
							
							
							
							
							
							
							
							
							
							
							
							
							
							
							
							
							
							
							
							
							
							
							
							
							
							
							
							
							
							
							
							
							
							
							
							
							
							
							
							
							
							
							
							
							
							
							
							
							
							
							
							
							
							
							
							
							
							
							
							
							
							
							
							
							
							
							
							
							
							
							
							
							
							
							
							
							
							
							
							
							
							
							
							
							
							
							
							
							
							
							
							
							
							
							
							
							
							
							
							
							
							
							
							
							
							
							
							
							
							
							
							
							
							
							
							
							
							
							
							
							
							
							
							
							
							
							
							
							
							
							
							
							
							
							
							
							
							
							
							
							
							
							
							
							
							
							
							
							
							
							
							
							
							
							
							
							
							
							
							
							
							
							
							
							
							
							
							
							
							
							
							
							
							
							
							
							
							
							
							
							
							
							
							
							
							
							
							
							
							
							
							
							
							
							
							
							
							
							
							
							
							
							
							
							
							
							
							
							
							
							
							
							
							
							
							
							
							
							
							
							
							
							
							
							
							
							
							
							
							
							
							
							
							
							
							
							
							
							
							
							
							
							
							
							
							
							
							
							
							
							
							
							
							
							
							
							
							
							
							
							
							
							
							
							
							
							
							
							
							
							
							
							
							
							
							
							
							
							
							
							
							
							
							
							
							
							
							
							
							
							
							
							
							
							
							
							
							
							
							
							
							
							
							
							
							
							
							
							
							
							
							
							
							
							
							
							
							
							
							
							
							
							
							
							
							
							
							
							
							
							
							
							
							
							
							
							
							
							
							
							
							
							
							
							
							
							
							
							
							
							
							
							
							
							
							
							
							
							
							
							
							
							
							
							
							
							
							
							
							
							
							
							
							
							
							
							
							
							
							
							
							
							
							
							
							
							
							
							
							
							
							
							
							
							
							
							
							
							
							
							
							
							
							
							
							
							
							
							
							
							
							
							
							
							
							
							
							
							
							
							
							
							
							
							
							
							
							
							
							
							
							
							
							
							
							
							
							
							
							
							
							
							
							
							
							
							
							
							
							
							
							
							
							
							
							
							
							
							
							
							
							
							
							
							
							
							
							
							
							
							
							
							
							
							
							
							
							
							
							
							
							
							
							
							
							
							
							
							
							
							
							
							
							
							
							
							
							
							
							
							
							
							
							
							
							
							
							
							
							
							
							
							
							
							
							
							
							
							
							
							
							
							
							
							
							
							
							
							
							
							
							
							
							
							
							
							
							
							
							
							
							
							
							
							
							
							
							
							
							
							
							
							
							
							
							
							
							
							
							
							
							
							
							
							
							
							
							
							
							
							
							
							
							
							
							
							
							
							
							
							
							
							
							
							
							
							
							
							
							
							
							
							
							
							
							
							
							
							
							
							
							
							
							
							
							
							
							
							
							
							
							
							
							
							
							
							
							
							
							
							
							
							
							
							
							
							
							
							
							
							
							
							
							
							
							
							
							
							
							
							
							
							
							
							
							
							
							
							
							
							
							
							
							
							
							
							
							
							
							
							
							
							
							
							
							
							
							
							
							
							
							
							
							
							
							
							
							
							
							
							
							
							
							
							
							
							
							
							
							
							
							
							
							
							
							
							
							
							
							
							
							
							
							
							
							
							
							
							
							
							
							
							
							
							
							
							
							
							
							
							
							
							
							
							
							
							
							
							
							
							
							
							
							
							
							
							
							
							
							
							
							
							
							
							
							
							
							
							
							
							
							
							
							
							
							
							
							
							
							
							
							
							
							
							
							
							
							
							
							
							
							
							
							
							
							
							
							
							
							
							
							
							
							
							
							
							
							
							
							
							
							
							
							
							
							
							
							
							
							
							
							
							
							
							
							
							
							
							
							
							
							
							
							
							
							
							
							
							
							
							
							
							
							
							
							
							
							
							
							
							
							
							
							
							
							
							
							
							
							
							
							
							
							
							
							
							
							
							
							
							
							
							
							
							
							
							
							
							
							
							
							
							
							
							
							
							
							
							
							
							
							
							
							
							
							
							
							
							
							
							
							
							
							
							
							
							
							
							
							
							
							
							
							
							
							
							
							
							
							
							
							
							
							
							
							
							
							
							
							
							
							
							
							
							
							
							
							
							
							
							
							
							
							
							
							
							
							
							
							
							
							
							
							
							
							
							
							
							
							
							
							
							
							
							
							
							
							
							
							
							
							
							
							
							
							
							
							
							
							
							
							
							
							
							
							
							
							
							
							
							
							
							
							
							
							
							
							
							
							
							
							
							
							
							
							
							
							
							
							
							
							
							
							
							
							
							
							
							
							
							
							
							
							
							
							
							
							
							
							
							
							
							
							
							
							
							
							
							
							
							
							
							
							
							
							
							
							
							
							
							
							
							
							
							
							
							
							
							
							
							
							
							
							
							
							
							
							
							
							
							
							
							
							
							
							
							
							
							
							
							
							
							
							
							
							
							
							
							
							
							
							
							
							
							
							
							
							
							
							
							
							
							
							
							
							
							
							
							
							
							
							
							
							
							
							
							
							
							
							
							
							