	nucleotide	CELF1	FUS	HuR	PTBP1	RBFOX2	TARDBP	SHAPE_reactivity_ex_vivo_1	SHAPE_reactivity_ex_vivo_2	SHAPE_reactivity_in_cell_1	SHAPE_reactivity_in_cell_2	deltaSHAPE_rep1	deltaSHAPE_rep2	dStruct	dStruct_scaled	unmodified	ex_vivo	in_vivo	both	scaled_unmodified	scaled_ex_vivo	scaled_in_vivo	scaled_both	base_paired_to
179	A	0	0	0	0	0	0	0.027552102030700003	0.109179373809	0.5362258064850001	0.917882739126	0.0	-1.40304178178	0.0	0.0	0.000263098351722384	4.48940153739617e-22	0.999736901648278	1.70590973066503e-18	1.8719939633013106e-05	9.88579195390533e-17	0.999981280055086	5.280789941753321e-12	334.0
180	A	0	0	0	0	0	0	0.851045478785	0.437572860285	1.0607614385	4.01759554259	0.0	-1.41581763523	0.0	0.0	0.0372718549998673	1.9986043510593e-07	0.962722782794162	5.162345535426619e-06	0.00191350122241927	1.9695419075067106e-05	0.987898492729814	0.0101683106286919	333.0
236	A	0	0	1	0	0	0	0.530586193811	0.474569896775	1.2879821637200002	1.8813706984	0.0	0.0	1.0	1.0	0.0184117803608297	6.29491752666113e-14	0.9815882196357508	3.3560127085237205e-12	0.0006895501608236482	5.02713546245631e-10	0.999309720794056	7.28542406455317e-07	280.0
773	A	0	1	0	0	0	0	0.349125974708	0.793520809231	1.7381020979599997	2.4369714228	0.0	0.0	0.0	0.0	0.000159726001387985	8.20073534763723e-12	0.9998402226560952	5.1334316170655e-08	5.385352862547621e-05	5.8346228751498495e-08	0.998863894575864	0.00108219354928148	734.0
777	A	0	1	0	0	0	0	0.461342889549	0.183869981947	0.419914383596	0.233496853599	0.0	0.0	0.0	0.0	2.71813114298696e-05	7.17928236131339e-17	0.999972818685929	2.6411850059212403e-12	7.0078734570934e-07	5.78122077237217e-11	0.999916809939424	8.248921541833241e-05	730.0
7272	A	0	1	0	0	0	0	0.197741070555	0.131313344637	0.205565377737	0.178338394306	0.0	0.0	0.0	0.0	0.00412386979781336	9.53168874544226e-21	0.995876130202187	2.30181401632418e-18	0.000703686464133674	1.19432968520896e-16	0.999296313535697	1.69605259217952e-13	7546.0
7461	A	0	0	0	0	0	0	0.324673073037	0.355608457712	2.73829201185	2.80162589923	-0.8347327418539999	-0.980476674819	0.0	0.0	5.50210809108073e-05	1.13991344447421e-11	0.9999447717415508	2.07166138900044e-07	1.6991986118710899e-06	2.30673658406927e-09	0.998642597402534	0.00135570109211763	7472.0
7471	A	0	0	0	0	0	0	0.13366253801300002	0.16336313879	1.51451973789	1.72463760717	0.0	-1.34712390311	0.0	0.0	5.395193287136911e-05	1.00083979219951e-21	0.999946048067129	1.85495818536154e-17	3.67273083298059e-06	4.91821839463746e-17	0.999996327255776	1.3391126534824001e-11	7462.0
7547	A	0	0	0	0	0	0	0.283148567025	0.149334633784	0.329463562533	0.426157249843	0.0	0.0	0.0	0.0	0.0010467388799694	7.042951584408588e-16	0.998953261119358	6.72142746179106e-13	0.000289181514521072	4.948074613452821e-12	0.999710801374861	1.7105670275189998e-08	7271.0
8346	A	0	0	0	0	0	0	0.366546151244	0.382135408301	1.18092662641	1.7373745326	0.0	0.0	0.0	0.0	0.000233108364612387	4.15197310790761e-07	0.997988924104525	0.0017775523335516802	5.47489929206339e-07	1.8060962648787303e-05	0.0294210246107946	0.9705603669366272	8461.0
8462	A	0	0	0	0	0	0	0.0504555440746	0.122559086697	0.756931361612	1.03535456897	0.0	0.0	0.0	0.0	0.044543793644576	2.0965950469893494e-33	0.955456206355424	4.4971579337045205e-32	0.0034799201238780103	1.0092142351811998e-24	0.996520079876122	2.89001532924305e-22	8345.0
8525	A	0	0	0	0	0	0	0.310820139365	0.187428871751	0.688057478871	0.956048428368	0.0	0.0	0.0	0.0	0.00229525683786273	1.67828338852513e-10	0.997704670042509	7.29517998493564e-08	0.000283720668729189	3.2585243500936e-07	0.998569099518352	0.0011468539604837199	8499.0
8744	A	0	1	0	0	0	0	0.199243304271	3.66337332618	8.78809834667	8.22249469393	0.0	0.0	0.0	0.0	0.000525550463962487	1.4410256490251e-22	0.999474449536038	2.74049480704004e-19	9.813052635484759e-06	4.8988938727744295e-17	0.999990186942372	4.99217316121585e-12	8886.0
8862	A	0	0	0	0	0	0	0.26856559949000003	0.182005800728	0.18734741561	0.32308884599800003	0.0	0.0	0.0	0.0	0.00322941237145862	4.2633968301905395e-19	0.9967705876285408	1.31591387996178e-16	3.01356284269271e-05	6.31768694706544e-15	0.999969864161931	2.09635467652294e-10	8844.0
8917	A	0	0	0	0	0	0	0.370448754292	0.608838406417	2.12698808539	2.84370904539	0.0	0.0	0.0	0.0	8.534008778179491e-07	5.75446743958564e-09	0.99330132708214	0.00669781376251494	7.51453662315447e-08	2.52783590411457e-07	0.229151284346657	0.770848387724386	8538.0
8959	A	0	0	0	0	0	0	0.416208131363	0.743037365063	2.05587007849	2.59845981453	0.0	0.0	0.0	0.0	0.00594938629717249	1.72692789469689e-08	0.994047711012036	2.88542151250479e-06	2.96757852782417e-05	4.32365872558387e-07	0.985609898348888	0.0143599934999614	9015.0
9014	A	0	0	0	0	0	0	0.482787388295	0.323434519602	0.8637390538869999	1.24424008968	0.0	0.0	0.0	0.0	0.0235756872474934	2.10129235256219e-10	0.976424303839543	8.70283398729781e-09	0.00022779212702156093	3.5982245464114296e-07	0.998195090274522	0.00157675777600215	8960.0
9150	A	0	0	0	0	0	0	0.33202204310600003	0.156916251969	0.877682365061	1.50885396354	0.0	0.0	0.0	0.0	0.000363804179108317	3.93444045418595e-15	0.999636195810077	1.0810785895597699e-11	0.000102633725672236	1.1288162299107799e-10	0.999896266426319	1.09973512739248e-06	9545.0
9219	A	0	1	0	0	0	0	-0.522894554786	2.47879620316	7.31602139548	16.6291519449	0.0	0.0	0.0	0.0	0.00300948923436826	2.73522502542946e-41	0.996990510765632	9.061316332418421e-39	0.000353484039860444	2.1561571232189604e-31	0.99964651596014	6.09757361871112e-28	9214.0
9325	A	0	0	0	0	0	0	0.24750031356	0.496784830623	0.796754200957	0.634527513971	0.0	0.0	0.0	0.0	0.0399947265112057	9.701358202169192e-07	0.959981017483735	2.32858692389938e-05	0.0033243339678704197	0.000122982163027636	0.9610009096831672	0.0355517741859348	9244.0
11181	A	0	0	1	0	0	0	0.27866885211	0.557191975534	0.736300740704	1.43097194042	0.0	0.0	0.0	0.0	0.00156586037598476	1.4758661402975601e-10	0.9984340453712952	9.410513373244428e-08	0.00023552689570474703	2.9233633428828504e-07	0.99852481028392	0.0012393704840411698	11171.0
11265	A	0	0	1	0	0	0	0.483712510143	0.171704441171	1.02655071206	0.741591918371	0.0	0.0	0.0	0.0	0.00114872314562408	6.29228522948292e-10	0.998850729091252	5.47133894973848e-07	0.00022041336066612997	4.60843973428455e-07	0.997693132160956	0.0020859936344048893	11283.0
11281	A	0	0	1	1	0	0	-0.0909998313425	0.491257980732	0.975300864606	1.07771151802	0.0	0.0	0.0	0.0	0.000302272553716806	1.4252003647126899e-26	0.9996977274462828	4.7135260818080386e-23	1.9241909960479103e-05	1.32861199915664e-19	0.999980758090033	6.90464947010433e-15	11267.0
11434	A	0	0	1	0	0	0	0.133331113321	0.26529636160500003	1.12724158881	1.13255753816	0.0	0.0	0.0	0.0	0.000121339708536186	5.880171085877429e-16	0.999878660286618	4.84545220895255e-12	4.81859769003897e-05	3.8540690140603897e-11	0.9999510141916592	7.99792899776858e-07	11444.0
11578	A	0	0	0	0	0	0	0.042596927724	0.07994858184039999	0.298723567864	0.768131902074	0.0	0.0	0.0	0.0	0.0397019112542022	7.3594959407262775e-59	0.960298088745798	1.7800931146013495e-57	0.00275270427190549	1.9223269692522502e-45	0.997247295728095	6.96418932886305e-43	11595.0
11592	A	1	0	0	0	0	1	0.026403219321300003	0.0486787660102	0.27495567941	0.420285465016	0.0	0.0	0.0	0.0	0.000188202259933343	2.1489213088455596e-56	0.9998117977400668	1.1415999349634596e-52	5.454425356396301e-05	6.17031940990237e-49	0.999945455746436	1.13118842981332e-44	11581.0
11617	A	1	0	0	0	0	1	0.224408530088	0.102682108069	0.479381871229	0.547177783611	0.0	0.0	0.0	0.0	0.00310396175546202	1.6735650311831801e-07	0.9968421240879158	5.3746800119178e-05	0.000284555229881411	0.00010553952479417099	0.7291670112697959	0.270442893975528	11675.0
12145	A	0	0	0	0	0	0	0.181812164577	0.116331707957	0.6745143247759999	0.890994067176	0.0	0.0	0.0	0.0	0.0428817731263298	1.4381605965989399e-18	0.95711822687367	3.209964560283489e-17	0.000775336878378558	4.0459909845177606e-15	0.9992246631164028	5.21431920913073e-12	12133.0
12263	A	0	0	0	0	0	0	0.171424713175	0.809117455514	0.657515760234	1.09771582942	0.0	0.0	0.0	0.0	0.00254531240293198	1.68413512428516e-07	0.997388525828596	6.59933549599659e-05	7.36807025091754e-05	2.9059896338538105e-05	0.7170790645174019	0.28281819488375	12258.0
12280	A	0	0	0	0	0	0	-0.170208083773	0.5879349313719999	0.896568156905	1.9780554594	0.0	0.0	0.0	0.0	0.0335990889369877	1.9221025759372192e-67	0.966400911063012	5.528488239743387e-66	0.00279575814258464	7.383571088250159e-55	0.997204241857415	2.633607069620089e-52	12526.0
12282	A	0	0	0	0	0	0	-0.00237872412214	0.189415382686	0.25444222161	0.332221603331	0.0	0.0	0.0	0.0	0.009414187041569159	5.24034836917081e-33	0.990585812958431	5.5140340069079505e-31	0.000978961875245697	1.1504290833163e-24	0.999021038124754	1.17400165028399e-21	12524.0
12316	A	0	0	0	0	0	0	0.686100835152	0.333822533687	0.851080931888	1.20024235627	0.0	0.0	0.0	0.0	0.0299406559881855	2.79385470946769e-06	0.969966039642274	9.05105148313259e-05	0.00145855534649098	0.00034818601668212796	0.805826524975895	0.192366733660932	11832.0
12414	A	0	0	0	0	0	0	0.146762105975	0.234487235275	0.252425213633	0.261952255749	0.0	0.0	0.0	0.0	0.0155602158027724	4.733362295308949e-18	0.9844397841972272	2.9946308043433604e-16	0.000204814765246876	5.43629423748616e-13	0.999795182580504	2.65370554860997e-09	12409.0
12577	A	0	0	0	0	0	0	0.149913029951	0.0156039784932	0.208549431986	0.34573021408	0.0	0.0	0.0	0.0	0.00245354869244536	1.1669320520634499e-55	0.997546451307555	4.744429694985008e-53	0.00022909879726527003	2.5478146779436995e-47	0.999770901202735	1.11184825371036e-43	12561.0
12849	A	0	1	0	0	0	0	0.732382248581	0.337960769264	2.26312236961	1.03414299192	0.0	-2.18534068736	0.0	0.0	0.0400706037484001	6.418253266859511e-09	0.959929236078015	1.53755331317105e-07	0.0031716434284553303	1.83231984004025e-05	0.991084347137044	0.00572568623610054	12649.0
15165	A	0	0	0	0	0	0	0.219440957363	0.058703950741	3.01920385887	2.9498325433200003	-0.965688220991	-0.848082875653	0.0	0.0	0.0012460035563868698	8.40146252630319e-81	0.9987539964436128	6.734326102927487e-78	4.7455120083454714e-05	1.2407042157631594e-60	0.999952544879917	2.614355070251249e-56	15126.0
