	nucleotide	CELF1	FUS	HuR	PTBP1	RBFOX2	TARDBP	SHAPE_reactivity_ex_vivo_1	SHAPE_reactivity_ex_vivo_2	SHAPE_reactivity_in_cell_1	SHAPE_reactivity_in_cell_2	deltaSHAPE_rep1	deltaSHAPE_rep2	dStruct	dStruct_scaled	unmodified	ex_vivo	in_vivo	both	scaled_unmodified	scaled_ex_vivo	scaled_in_vivo	scaled_both	base_paired_to
179	A	0	0	0	0	0	0	0.027552102030700003	0.109179373809	0.5362258064850001	0.917882739126	0.0	-1.40304178178	0.0	0.0	0.000263098351722384	4.48940153739617e-22	0.999736901648278	1.70590973066503e-18	1.8719939633013106e-05	9.88579195390533e-17	0.999981280055086	5.280789941753321e-12	334.0
180	A	0	0	0	0	0	0	0.851045478785	0.437572860285	1.0607614385	4.01759554259	0.0	-1.41581763523	0.0	0.0	0.0372718549998673	1.9986043510593e-07	0.962722782794162	5.162345535426619e-06	0.00191350122241927	1.9695419075067106e-05	0.987898492729814	0.0101683106286919	333.0
236	A	0	0	1	0	0	0	0.530586193811	0.474569896775	1.2879821637200002	1.8813706984	0.0	0.0	1.0	1.0	0.0184117803608297	6.29491752666113e-14	0.9815882196357508	3.3560127085237205e-12	0.0006895501608236482	5.02713546245631e-10	0.999309720794056	7.28542406455317e-07	280.0
284	A	0	0	1	0	0	0	0.837651311098	1.02701556862	0.989624505254	2.26799862449	0.0	0.0	0.0	0.0	0.0119187097176161	0.000462948901848321	0.950691396401725	0.0369269449788107	5.05280288185692e-06	0.000327472688936942	0.0151901818668568	0.984477292641324	0.0
773	A	0	1	0	0	0	0	0.349125974708	0.793520809231	1.7381020979599997	2.4369714228	0.0	0.0	0.0	0.0	0.000159726001387985	8.20073534763723e-12	0.9998402226560952	5.1334316170655e-08	5.385352862547621e-05	5.8346228751498495e-08	0.998863894575864	0.00108219354928148	734.0
777	A	0	1	0	0	0	0	0.461342889549	0.183869981947	0.419914383596	0.233496853599	0.0	0.0	0.0	0.0	2.71813114298696e-05	7.17928236131339e-17	0.999972818685929	2.6411850059212403e-12	7.0078734570934e-07	5.78122077237217e-11	0.999916809939424	8.248921541833241e-05	730.0
803	C	0	1	0	0	0	1	0.813435663405	0.235044496437	1.1449530458	0.645383582863	0.0	0.0	0.0	0.0	0.000105465774725928	1.0250475000926699e-16	0.999894534224302	9.71821802216344e-13	1.0923127902021699e-05	1.3290004953781101e-12	0.999988955203621	1.2166714779493405e-07	790.0
804	T	0	1	0	0	0	1	1.09867678802	1.03593509555	6.55187098388	9.1437608322	0.0	0.0	0.0	0.0	6.97010636409354e-05	6.77463352019745e-20	0.999930298936358	9.71887797284178e-16	8.65709403970916e-06	4.4594453777373114e-15	0.99999134239084	5.15115897915321e-10	0.0
827	A	0	1	0	0	0	1	1.15506649261	1.07068437362	3.96829375814	4.7857421460300005	0.0	0.0	0.0	0.0	0.0238198003048349	2.20370266122039e-20	0.976180199695165	9.031187820085269e-19	0.00192203429652437	4.636006634625491e-15	0.998077965701064	2.40739516419185e-12	0.0
880	A	0	1	0	0	0	1	0.386093180381	0.409512291112	0.528260517612	0.530155176384	0.0	0.0	0.0	0.0	0.0010367946201603696	1.3447796211824e-05	0.986158736618926	0.0127910209647016	6.05451883360611e-05	0.000167921180790661	0.264946460295604	0.73482507333527	0.0
905	A	0	0	0	0	0	0	1.03011938389	0.960987720348	0.932281274907	1.2297674689	0.0	0.0	0.0	0.0	0.00422920777314246	6.16649804890869e-08	0.995756211699088	1.4518862789445402e-05	0.00048812665595759805	6.2972442679018e-06	0.9867753444969748	0.0127302316027998	0.0
924	A	0	0	0	0	0	0	0.990246941414	0.472901488759	0.601099920952	0.506484894279	0.0	0.0	0.0	0.0	0.00135082132612704	2.1187868676207894e-07	0.998492351524098	0.00015661527108805	0.00014327789118563002	6.32422906576085e-05	0.693628584533315	0.306164895284842	0.0
7272	A	0	1	0	0	0	0	0.197741070555	0.131313344637	0.205565377737	0.178338394306	0.0	0.0	0.0	0.0	0.00412386979781336	9.53168874544226e-21	0.995876130202187	2.30181401632418e-18	0.000703686464133674	1.19432968520896e-16	0.999296313535697	1.69605259217952e-13	7546.0
7276	T	0	0	0	0	0	0	0.07575260889100001	0.929591790905	0.6516720248800001	1.16598882131	0.0	0.0	0.0	0.0	0.036876584444835	1.53466570110441e-32	0.9631234155551652	4.008159904272421e-31	0.00148841287047071	7.7703720828077495e-25	0.9985115871295293	5.21280534112665e-22	0.0
7284	A	0	0	0	0	0	0	0.2580212906	0.103522689204	0.568637628588	0.615940881321	0.0	0.0	0.0	0.0	0.0009683343766073027	2.54448289319119e-22	0.999031665623393	2.62514586318969e-19	0.000182536450224104	5.83397149390782e-17	0.999817463549456	3.19547497187415e-13	0.0
7450	A	0	0	0	0	0	0	0.5069541234380001	0.602478209002	1.60369798734	1.81953968498	0.0	0.0	0.0	0.0	0.0288255218193765	0.00012305900337503998	0.9669235270155728	0.00412789216167565	0.00108037288760287	0.00219651296501071	0.328614629073233	0.6681084850741539	0.0
7460	T	0	0	0	0	0	0	-0.007888975864319999	0.0849489804651	1.50531432257	2.1178227842	-1.35047934737	-1.71706521325	0.0	0.0	0.00501485354064708	1.94778386556658e-58	0.994985146459353	3.864551574724268e-56	0.000269165613073895	9.487347619446367e-46	0.999730834386926	3.52377625187362e-42	7473.0
7461	A	0	0	0	0	0	0	0.324673073037	0.355608457712	2.73829201185	2.80162589923	-0.8347327418539999	-0.980476674819	0.0	0.0	5.50210809108073e-05	1.13991344447421e-11	0.9999447717415508	2.07166138900044e-07	1.6991986118710899e-06	2.30673658406927e-09	0.998642597402534	0.00135570109211763	7472.0
7471	A	0	0	0	0	0	0	0.13366253801300002	0.16336313879	1.51451973789	1.72463760717	0.0	-1.34712390311	0.0	0.0	5.395193287136911e-05	1.00083979219951e-21	0.999946048067129	1.85495818536154e-17	3.67273083298059e-06	4.91821839463746e-17	0.999996327255776	1.3391126534824001e-11	7462.0
7475	C	0	0	0	0	0	0	0.29454884553800004	0.479808656385	1.60204688877	1.92949212437	0.0	-1.2220709802399998	0.0	0.0	1.1980193985986697e-05	3.51984847782324e-09	0.999694300469384	0.00029371581678157	7.833830124495911e-06	1.4393176687085e-06	0.84477867224031	0.155212054611897	7458.0
7477	A	0	0	0	0	0	0	0.646228111572	0.733915576999	2.51062156054	3.77503455461	0.0	-1.09769227828	0.0	0.0	0.000895154414403765	7.05236066200389e-06	0.991288055846359	0.007809737378574641	4.80362230359666e-05	0.000163772348912311	0.22674270503033	0.7730454863977221	0.0
7510	T	0	0	0	0	0	0	0.3681546432590001	0.525135703787	0.905132780143	1.21376443644	0.0	0.0	0.0	0.0	0.0432614511144292	1.8526458144420694e-09	0.95673850606117	4.09717552950644e-08	0.00161172170412558	6.705822710656361e-07	0.997972385540294	0.000415222173309059	7373.0
7547	A	0	0	0	0	0	0	0.283148567025	0.149334633784	0.329463562533	0.426157249843	0.0	0.0	0.0	0.0	0.0010467388799694	7.042951584408588e-16	0.998953261119358	6.72142746179106e-13	0.000289181514521072	4.948074613452821e-12	0.999710801374861	1.7105670275189998e-08	7271.0
7940	A	0	0	0	0	0	0	0.385051118183	0.634390926101	1.53314056086	2.21829271648	0.0	0.0	0.0	0.0	0.0139659888855567	5.827639993602222e-07	0.985992285484562	4.1142865881953296e-05	5.29280041727749e-05	0.000181890789669562	0.225346424861562	0.774418756344596	0.0
7994	A	0	0	0	0	0	0	0.137281504492	0.563762158098	1.11498993267	1.18076150245	0.0	0.0	0.0	0.0	0.0189703930224406	3.12196387459351e-09	0.981029442407255	1.61448340869114e-07	0.000429510180717398	3.42865250604682e-06	0.991651005026203	0.00791605614057383	0.0
8121	T	0	0	0	0	0	0	-0.107063387386	1.98800818571	2.30235061625	3.95039583962	0.0	0.0	0.0	0.0	0.00400374300386861	6.105686390299739e-48	0.9959962569961308	1.51888889602923e-45	0.0007723647423863782	3.093167862033789e-35	0.999227635257614	4.0017088282477596e-32	8138.0
8201	T	0	0	0	0	0	0	0.487275255301	2.18181690459	1.84503596589	2.18229663698	0.0	0.0	0.0	0.0	0.00013444844253955802	1.9955872457931597e-06	0.985239867685967	0.0146236882842475	7.7917048416898e-08	1.2079134054646499e-05	0.00640912837453853	0.993578714574358	0.0
8346	A	0	0	0	0	0	0	0.366546151244	0.382135408301	1.18092662641	1.7373745326	0.0	0.0	0.0	0.0	0.000233108364612387	4.15197310790761e-07	0.997988924104525	0.0017775523335516802	5.47489929206339e-07	1.8060962648787303e-05	0.0294210246107946	0.9705603669366272	8461.0
8349	A	0	0	0	0	0	0	0.247959360651	0.895119549649	0.8088850889679999	0.753247200924	0.0	0.0	0.0	0.0	0.00955873741742912	3.572867813419161e-05	0.98671737865007	0.0036881552543665797	5.298588739841539e-06	0.000637493916341861	0.00823777938424937	0.9911194281106692	0.0
8462	A	0	0	0	0	0	0	0.0504555440746	0.122559086697	0.756931361612	1.03535456897	0.0	0.0	0.0	0.0	0.044543793644576	2.0965950469893494e-33	0.955456206355424	4.4971579337045205e-32	0.0034799201238780103	1.0092142351811998e-24	0.996520079876122	2.89001532924305e-22	8345.0
8525	A	0	0	0	0	0	0	0.310820139365	0.187428871751	0.688057478871	0.956048428368	0.0	0.0	0.0	0.0	0.00229525683786273	1.67828338852513e-10	0.997704670042509	7.29517998493564e-08	0.000283720668729189	3.2585243500936e-07	0.998569099518352	0.0011468539604837199	8499.0
8585	G	0	0	0	0	0	0	0.19763284451	0.538319434273	1.1178676388700002	0.945017540067	0.0	0.0	0.0	0.0	0.0150296269633675	1.7083500290487395e-05	0.983835008577288	0.0011182809590542199	0.0008163058921814098	0.00190609961877955	0.299030975820553	0.698246618668486	0.0
8658	A	0	1	0	0	0	0	1.1426584469	1.07104668936	4.42526773423	4.96546950167	0.0	-1.18655097671	0.0	0.0	4.93159256557408e-05	3.01075258687319e-07	0.993882698240082	0.00606768475900341	3.07398549191195e-07	4.23525174361109e-06	0.0676691211018705	0.9323263362478372	0.0
8704	A	0	1	0	0	0	0	0.219930782919	0.162106518801	0.315672563399	0.408453636081	0.0	0.0	0.0	0.0	0.000101408810631363	3.97999557034458e-12	0.9998985519423308	3.9243057706207504e-08	6.603122142020528e-07	3.5249409490800605e-09	0.9946893914245292	0.0053099447383158	0.0
8710	A	0	1	0	0	0	0	0.553623442601	1.4472813593599998	5.45514677982	3.40773426304	0.0	0.0	0.0	0.0	0.000546189355060964	9.974726217791619e-24	0.9994538106449392	1.82524211358881e-20	2.3355376077035198e-05	5.8858580296892086e-18	0.9999766446236708	2.52007098658848e-13	0.0
8731	T	0	0	0	0	0	0	0.5755581912709999	0.84568407483	0.6635505615789999	0.8245234570059999	0.0	0.0	0.0	0.0	0.0005300908398105232	1.23687177558337e-06	0.9971420204605942	0.00232665182782017	7.38149530021844e-05	8.593661596925649e-05	0.461987080457549	0.537853167973479	8721.0
8744	A	0	1	0	0	0	0	0.199243304271	3.66337332618	8.78809834667	8.22249469393	0.0	0.0	0.0	0.0	0.000525550463962487	1.4410256490251e-22	0.999474449536038	2.74049480704004e-19	9.813052635484759e-06	4.8988938727744295e-17	0.999990186942372	4.99217316121585e-12	8886.0
8748	T	0	1	0	0	0	0	0.611770906807	0.7708062445999999	1.11114968647	1.12698926494	0.0	0.0	0.0	0.0	0.019862962125572	3.47280399291737e-13	0.980137037856944	1.71365368224392e-11	0.00140332805251742	7.57026792946828e-09	0.998591277466072	5.38691114232842e-06	0.0
8754	A	0	1	0	0	0	0	1.83818984656	3.2294409557300003	4.38330982255	4.69162146034	0.0	0.0	0.0	0.0	0.0125324680046592	1.46643045755657e-07	0.987455831081375	1.15542709197521e-05	0.000179608265061714	0.000117517958668388	0.6043051215138321	0.395397752262438	0.0
8772	T	0	0	0	0	0	0	0.27137554115	1.0237975256	1.24999788392	0.807398398688	0.0	0.0	0.0	0.0	4.9208414430588206e-06	4.64630775419266e-11	0.999985637147597	9.441964496771197e-06	7.450744848567441e-07	2.67314698919597e-07	0.7359558384179641	0.264043149192853	0.0
8862	A	0	0	0	0	0	0	0.26856559949000003	0.182005800728	0.18734741561	0.32308884599800003	0.0	0.0	0.0	0.0	0.00322941237145862	4.2633968301905395e-19	0.9967705876285408	1.31591387996178e-16	3.01356284269271e-05	6.31768694706544e-15	0.999969864161931	2.09635467652294e-10	8844.0
8903	A	0	0	0	0	0	0	0.498071997925	0.745256084429	1.6905762348500002	1.18302100889	0.0	0.0	0.0	0.0	0.000214956858145727	5.56348843488778e-06	0.9745561310656892	0.0252233485877302	2.03921523456073e-07	8.16578695403761e-06	0.0243640285967801	0.975627601694742	0.0
8904	A	0	0	0	0	0	0	0.4040182243860001	1.56214695659	2.09155345508	2.36344129337	0.0	0.0	0.0	0.0	4.80668388114319e-06	3.97705353216895e-11	0.999986919377735	8.27389861321212e-06	1.08274235455626e-06	1.45450969698959e-07	0.8815721461406791	0.118426625665996	0.0
8908	A	0	0	0	0	0	0	0.617709846127	0.612285840602	1.54434766282	2.15934007367	0.0	0.0	0.0	0.0	0.00144931836390275	2.19203295390036e-11	0.9985506665115192	1.51026580608433e-08	0.000298911755889198	1.19738766229535e-07	0.99930066632077	0.000400302184575019	0.0
8916	T	0	0	0	0	0	0	0.372338352915	1.1611686463600002	1.0641105009	2.2142639656400003	0.0	0.0	0.0	0.0	0.000222165890739519	8.4821192921384605e-16	0.9997778341054432	3.8170732808219e-12	2.3119758007700306e-05	6.512704242524569e-11	0.999974063306843	2.81687002188516e-06	0.0
8917	A	0	0	0	0	0	0	0.370448754292	0.608838406417	2.12698808539	2.84370904539	0.0	0.0	0.0	0.0	8.534008778179491e-07	5.75446743958564e-09	0.99330132708214	0.00669781376251494	7.51453662315447e-08	2.52783590411457e-07	0.229151284346657	0.770848387724386	8538.0
8926	T	0	0	0	0	0	0	0.166665578291	0.8243921406489999	0.8428407603370001	0.683132721496	0.0	0.0	0.0	0.0	0.00023443966013668	1.05218571454968e-12	0.9997655558517758	4.48703532138195e-09	1.3247833912454e-05	1.07565996393175e-09	0.9999055636004892	8.118748993875541e-05	0.0
8949	T	0	0	0	0	0	0	0.411604448433	1.62433052496	1.34909894742	2.21921680837	0.0	0.0	0.0	0.0	0.0056675153943266795	2.13287446071239e-13	0.99433248456804	3.74200370750616e-11	6.5070047889572e-05	1.05608176742978e-09	0.999918700294044	1.62286019841989e-05	0.0
8950	A	0	0	0	0	0	0	0.668462238781	1.30024530334	2.46918277155	3.62495032051	0.0	0.0	0.0	0.0	0.00469809556478098	1.0934405938837e-08	0.995299577028222	2.31647259105653e-06	0.00014572922033471498	1.36704970934659e-06	0.990560699236776	0.00929220449317951	0.0
8959	A	0	0	0	0	0	0	0.416208131363	0.743037365063	2.05587007849	2.59845981453	0.0	0.0	0.0	0.0	0.00594938629717249	1.72692789469689e-08	0.994047711012036	2.88542151250479e-06	2.96757852782417e-05	4.32365872558387e-07	0.985609898348888	0.0143599934999614	9015.0
8987	A	0	1	0	0	0	0	0.119154907049	0.218150318013	0.578290967478	0.746116190968	0.0	0.0	0.0	0.0	0.0246543139355692	2.2360836846293107e-21	0.975345686064431	8.846137763889447e-20	0.000805019858341968	1.7554653162115302e-15	0.999194980139477	2.1788929969755e-12	0.0
9014	A	0	0	0	0	0	0	0.482787388295	0.323434519602	0.8637390538869999	1.24424008968	0.0	0.0	0.0	0.0	0.0235756872474934	2.10129235256219e-10	0.976424303839543	8.70283398729781e-09	0.00022779212702156093	3.5982245464114296e-07	0.998195090274522	0.00157675777600215	8960.0
9022	A	0	0	0	0	0	0	0.40424339078	0.99970432073	1.33026542834	2.1524321297	0.0	0.0	0.0	0.0	0.00297936636359955	3.3847179727368497e-07	0.996907041245217	0.000113253919386201	0.00011432457507921001	0.000132230005826798	0.4635743834550229	0.5361790619640711	0.0
9024	A	0	0	0	0	0	0	0.227877104532	0.445636392296	0.996105427667	1.51393883627	0.0	0.0	0.0	0.0	0.000114969813207805	1.3298301972813399e-10	0.9998838735104252	1.15654338444948e-06	5.14409696906697e-06	2.30400806432305e-07	0.957125584008895	0.0428690414933291	0.0
9041	A	0	1	0	0	0	0	0.445494942275	0.313193786758	1.28967472001	0.763857509482	0.0	0.0	0.0	0.0	0.0162944590149035	1.07191500359294e-06	0.983639761293216	6.47077768765696e-05	0.000676491091844643	0.00014561336124555	0.822200807895886	0.176977087651024	0.0
9053	A	0	1	0	0	0	0	0.356171068533	1.23354922785	1.0221102302399998	1.4943570000600002	0.0	0.0	0.0	0.0	0.000881417016965304	2.2219561557909098e-06	0.996604030973244	0.00251233005363476	1.9887047919808998e-05	1.92577770695763e-05	0.5080178401663851	0.4919430150086261	0.0
9054	A	0	1	0	0	0	0	-0.138016036061	1.048898023	2.82369310292	7.501595210710001	0.0	0.0	0.0	0.0	0.00156054879486817	3.76219836504519e-49	0.998439451205132	2.40705531494636e-46	9.93605630047643e-05	4.10200679047097e-37	0.9999006394369948	4.12799514085901e-33	0.0
9150	A	0	0	0	0	0	0	0.33202204310600003	0.156916251969	0.877682365061	1.50885396354	0.0	0.0	0.0	0.0	0.000363804179108317	3.93444045418595e-15	0.999636195810077	1.0810785895597699e-11	0.000102633725672236	1.1288162299107799e-10	0.999896266426319	1.09973512739248e-06	9545.0
9159	G	0	1	0	0	0	0	0.407669518126	0.142847294638	0.452050421765	0.39135129631	0.0	0.0	0.0	0.0	0.041348226555325	1.71422583430213e-06	0.9586103168959608	3.97423228793831e-05	0.00291182103002621	0.000675702646128288	0.8087402523431649	0.18767222398068106	9202.0
9219	A	0	1	0	0	0	0	-0.522894554786	2.47879620316	7.31602139548	16.6291519449	0.0	0.0	0.0	0.0	0.00300948923436826	2.73522502542946e-41	0.996990510765632	9.061316332418421e-39	0.000353484039860444	2.1561571232189604e-31	0.99964651596014	6.09757361871112e-28	9214.0
9325	A	0	0	0	0	0	0	0.24750031356	0.496784830623	0.796754200957	0.634527513971	0.0	0.0	0.0	0.0	0.0399947265112057	9.701358202169192e-07	0.959981017483735	2.32858692389938e-05	0.0033243339678704197	0.000122982163027636	0.9610009096831672	0.0355517741859348	9244.0
9343	T	0	0	0	0	0	0	0.112227877999	0.053183230675300015	0.551457010598	0.840353191778	0.0	0.0	0.0	0.0	0.00231291404612886	3.55581720964842e-23	0.997687085953871	1.53381960562537e-20	0.0005975748208430178	1.91365121731037e-17	0.999402425179125	3.20044888241598e-14	9387.0
9402	A	0	1	0	0	0	0	1.00149261129	0.869013591509	1.0245120739700002	1.6844421448299998	0.0	0.0	0.0	0.0	0.0271015970154924	0.000125761894068099	0.968279449876135	0.004493191214304779	0.00253562319180315	0.0015691519062629	0.615189619050531	0.38070560585140295	0.0
9412	A	0	1	0	0	0	0	0.44137167054	0.5077330945499999	0.475311805089	0.410383381129	0.0	0.0	0.0	0.0	0.00251005084518382	1.481619978857e-06	0.996900022486772	0.000588445048064843	0.000158381452702849	7.9779922592176e-05	0.664858993873805	0.3349028447509	0.0
9413	A	0	1	0	0	0	0	1.51982705467	0.830917703333	1.94091864892	1.5788913003	0.0	0.0	0.0	0.0	0.000411266559204072	1.32696625883873e-05	0.968331889131114	0.0312435746470932	3.80556363793439e-06	3.8301312481954e-05	0.0903748686248493	0.9095830244990308	0.0
9499	C	0	0	0	0	0	0	0.179366537082	0.0971324999492	0.231754036264	0.492388609099	0.0	0.0	0.0	0.0	0.0019100858464603106	8.978511956156171e-14	0.998089914106534	4.69160181660485e-11	0.000566179596911698	7.03551582611503e-10	0.999432577774932	1.2419246042112498e-06	9532.0
9521	A	0	0	0	0	0	0	1.30130995689	1.1911937426	2.2585271073700004	2.00404934856	0.0	0.0	0.0	0.0	0.0418900358675253	1.70221615989822e-06	0.958069330436243	3.8931480071511e-05	0.00696725519771885	0.0005005832850450942	0.926000860516024	0.0665313010012124	0.0
9615	A	0	0	0	0	0	0	0.189528259877	0.8379280289390001	0.30273324994	0.590225113944	0.0	0.0	0.0	0.0	0.007554067499304229	6.94738715381277e-05	0.983332861795283	0.0090435968338749	0.000361344417331853	0.000303336090992337	0.543274903082815	0.4560604164088611	0.0
10915	T	1	0	0	1	0	0	0.407312829889	0.656146345668	1.52329899192	1.15782066811	0.0	0.0	0.0	0.0	0.0418049696448418	3.318005527084849e-05	0.9574019729300892	0.0007598773697987678	4.35175786436435e-05	0.00403295052663207	0.0106317968160216	0.985291735078703	0.0
10961	T	1	0	0	1	0	0	1.07323956856	2.63530099881	3.69991510376	1.94287695001	0.0	0.0	0.0	0.0	0.0052703393954054295	3.1835590953733398e-06	0.994125973255011	0.000600503790488697	1.2585856569000803e-05	0.00020857343835336599	0.0568959721736	0.942882868531478	0.0
11006	T	1	0	1	0	0	0	1.51397802127	0.515033330025	3.44829788186	0.49560339139	-1.04695006684	0.0	0.0	0.0	0.0036894196398684397	3.31607534626244e-17	0.9963105803601228	8.95490693726139e-15	0.000686755115185272	3.31897528960632e-12	0.999313240051978	4.8295176504279396e-09	0.0
11161	A	0	0	1	0	0	0	0.433852068759	0.418539224423	0.41645897315	0.559401403653	0.0	0.0	0.0	0.0	0.023356283122726	0.000135049873157085	0.970894793511335	0.00561387349278187	0.0003672865156123129	0.0013781837300597599	0.210055386986275	0.7881991427680529	0.0
11181	A	0	0	1	0	0	0	0.27866885211	0.557191975534	0.736300740704	1.43097194042	0.0	0.0	0.0	0.0	0.00156586037598476	1.4758661402975601e-10	0.9984340453712952	9.410513373244428e-08	0.00023552689570474703	2.9233633428828504e-07	0.99852481028392	0.0012393704840411698	11171.0
11190	T	0	0	0	0	0	0	0.449000903898	0.7501508646420001	0.774841094638	1.47211761282	0.0	0.0	0.0	0.0	0.0412720599564798	9.583050550649621e-05	0.95641139683969	0.00222071269832345	0.00103792919928455	0.00265481018190595	0.28003503375374394	0.716272226865065	0.0
11265	A	0	0	1	0	0	0	0.483712510143	0.171704441171	1.02655071206	0.741591918371	0.0	0.0	0.0	0.0	0.00114872314562408	6.29228522948292e-10	0.998850729091252	5.47133894973848e-07	0.00022041336066612997	4.60843973428455e-07	0.997693132160956	0.0020859936344048893	11283.0
11270	T	0	0	1	0	0	0	1.09788997063	0.675317681178	1.95659146782	2.12573666301	0.0	-0.949794102647	0.0	0.0	0.00894738704879506	5.33858472815574e-09	0.991052016287451	5.91325169024922e-07	0.00010612148726621801	3.43304367892733e-07	0.996669297290872	0.00322423791749345	0.0
11278	T	0	0	1	1	0	0	0.448116261401	1.18762497821	0.772195912148	1.1776579497700002	0.0	0.0	0.0	0.0	0.0153956703936829	8.21288194235912e-06	0.984071160028529	0.000524956695845534	0.00131968795692683	0.000668077567255364	0.6625855568378659	0.335426677637951	0.0
11281	A	0	0	1	1	0	0	-0.0909998313425	0.491257980732	0.975300864606	1.07771151802	0.0	0.0	0.0	0.0	0.000302272553716806	1.4252003647126899e-26	0.9996977274462828	4.7135260818080386e-23	1.9241909960479103e-05	1.32861199915664e-19	0.999980758090033	6.90464947010433e-15	11267.0
11391	T	1	0	1	1	0	0	0.833547154612	0.868983372456	1.08486639621	1.11216414392	0.0	0.0	0.0	0.0	0.000470498896314139	7.43913414444502e-12	0.999529485292524	1.5803722348063898e-08	2.565518741125e-05	8.69771421602673e-08	0.996595563592392	0.0033786942430542107	11805.0
11392	G	1	0	1	1	0	0	1.09715150357	0.8915752616500001	0.868832044092	0.7442432321760001	0.0	0.0	0.0	0.0	0.00268060245755675	1.9080620945608107e-05	0.990251671298001	0.00704864562349677	4.2651583597840296e-05	0.000147143216830544	0.224682069544545	0.7751281356550258	11803.0
11400	G	0	0	1	0	0	0	0.584791700045	0.54472537807	2.2013037438900005	2.01566934781	0.0	0.0	0.0	0.0	2.6637127220143694e-05	3.34991556882578e-07	0.98755344289349	0.0124195849877334	2.40120884607342e-06	1.36571771929479e-05	0.149527498012568	0.8504564436013929	11793.0
11421	T	1	0	1	0	0	0	0.491001604505	0.868577512629	1.11590470617	1.57602530183	0.0	0.0	0.0	0.0	0.00321747641754475	7.50737016630132e-08	0.996759191026048	2.32574827056724e-05	0.000643676408938813	7.10057041734702e-05	0.9000034744421491	0.0992818434447384	0.0
11434	A	0	0	1	0	0	0	0.133331113321	0.26529636160500003	1.12724158881	1.13255753816	0.0	0.0	0.0	0.0	0.000121339708536186	5.880171085877429e-16	0.999878660286618	4.84545220895255e-12	4.81859769003897e-05	3.8540690140603897e-11	0.9999510141916592	7.99792899776858e-07	11444.0
11449	T	0	0	1	0	0	0	0.483911533622	1.7125936812399998	0.999020085306	2.07435084604	0.0	0.0	0.0	0.0	0.00101585535850997	3.37266315736212e-08	0.998950945513685	3.3165401173724e-05	1.92501920110192e-06	4.92404472830781e-06	0.28106118388768603	0.718931967048385	0.0
11497	T	0	0	0	1	0	0	0.369477812065	0.46270862459	1.15301476893	1.55303961275	0.0	0.0	0.0	0.0	0.0005664024278582549	1.6510480460111902e-13	0.999433597280644	2.91332241309017e-10	4.87881574096413e-05	4.99544344873167e-08	0.998928354229938	0.00102280765821751	11750.0
11562	G	0	0	0	0	0	0	0.394549710488	0.177139349987	0.541155669592	0.950493036814	0.0	0.0	0.0	0.0	0.0148593673956053	2.07021902609514e-12	0.985140632465074	1.37250585870282e-10	0.000409145595223223	2.930359607498571e-08	0.999519238095566	7.15870056143461e-05	11723.0
11564	T	0	0	0	0	0	0	1.03988277862	0.388326443569	0.866581611151	1.30720263869	0.0	0.0	0.0	0.0	9.1008347916843e-05	1.39470672734943e-07	0.9983788324569092	0.0015300197245018	9.57255438115066e-06	2.85557878478914e-05	0.251051811747277	0.7489100599104941	0.0
11578	A	0	0	0	0	0	0	0.042596927724	0.07994858184039999	0.298723567864	0.768131902074	0.0	0.0	0.0	0.0	0.0397019112542022	7.3594959407262775e-59	0.960298088745798	1.7800931146013495e-57	0.00275270427190549	1.9223269692522502e-45	0.997247295728095	6.96418932886305e-43	11595.0
11580	G	0	0	0	0	0	0	0.118292471973	0.186984411548	0.449924361974	0.6574187618389999	0.0	-0.768979563868	0.0	0.0	0.00834534764136324	3.10305264979975e-16	0.9916546523586	3.68727191355798e-14	0.0008983051306907141	3.92505372664461e-10	0.9991012579295792	4.36547224517856e-07	11593.0
11584	G	0	0	0	0	0	0	0.193919145104	0.16373325601	0.138567005987	0.167529939917	0.0	0.0	0.0	0.0	0.0443034353115606	2.60768864921263e-29	0.9556965646884392	5.62520505758441e-28	9.522597657204252e-05	9.45670004771939e-21	0.999904774023428	9.92985303444853e-17	0.0
11592	A	1	0	0	0	0	1	0.026403219321300003	0.0486787660102	0.27495567941	0.420285465016	0.0	0.0	0.0	0.0	0.000188202259933343	2.1489213088455596e-56	0.9998117977400668	1.1415999349634596e-52	5.454425356396301e-05	6.17031940990237e-49	0.999945455746436	1.13118842981332e-44	11581.0
11605	G	1	0	0	0	0	1	0.0253442907266	0.06631110464619999	0.114988381017	0.155691447646	0.0	0.0	0.0	0.0	0.0207903728479077	2.3372500711036694e-54	0.979209627152092	1.1008257463343e-52	0.00192073552626817	5.24189129055312e-48	0.998079264473732	2.72386433851803e-45	11688.0
11607	G	1	0	0	0	0	1	0.306292074113	0.141961996372	0.7335302838150001	1.13337124877	0.0	0.0	0.0	0.0	0.000497008961743317	7.87053116385963e-15	0.999502991022421	1.58279227232036e-11	0.000140044620012351	3.6683157657864e-10	0.999857335996139	2.6190170167539e-06	11685.0
11610	A	1	0	0	0	0	1	0.288560431454	0.197048306049	0.245563961745	0.408796918109	0.0	0.0	0.0	0.0	0.00021534005285103999	5.101101890880849e-12	0.9997846362585608	2.36834867966716e-08	6.737233777863349e-05	5.67213414497939e-08	0.999091427411321	0.000841143529558978	0.0
11617	A	1	0	0	0	0	1	0.224408530088	0.102682108069	0.479381871229	0.547177783611	0.0	0.0	0.0	0.0	0.00310396175546202	1.6735650311831801e-07	0.9968421240879158	5.3746800119178e-05	0.000284555229881411	0.00010553952479417099	0.7291670112697959	0.270442893975528	11675.0
11915	A	0	0	0	0	0	0	0.291418442344	0.218874079718	0.217245638406	0.146989372948	0.0	0.0	0.0	0.0	0.000538370217933971	4.9504434290349e-15	0.999461629772871	9.19028967959822e-12	5.91664546086302e-05	3.72400250071536e-09	0.999877896393804	6.29334275851204e-05	0.0
12059	A	0	0	0	0	0	0	2.32860450047	0.6512637141650001	1.71214506188	4.55375896972	0.0	-1.2638335161499998	0.0	0.0	0.0222351773062777	1.22488494311341e-05	0.9772142489174392	0.00053832492685224	0.00285424787507082	0.000570061319428075	0.8306709138294069	0.165904776976094	0.0
12140	T	0	0	0	0	0	0	0.0744122925811	0.34140296745	1.06551375444	0.6864986461220001	0.0	0.0	0.0	0.0	0.00311416399179875	5.52347813608794e-22	0.9968858360082008	1.7681397427585698e-19	0.00023133344423346603	4.26143884575214e-16	0.999768666553924	1.84169351151794e-12	0.0
12141	T	0	0	0	0	0	0	1.3080750685299998	0.672907591422	1.40956051896	1.15700010732	0.0	0.0	0.0	0.0	0.0039075907009303	2.9966897512089e-07	0.996015726243314	7.63833867801363e-05	0.00017381237263383204	1.21210657328587e-05	0.93463583865445	0.0651782279071829	0.0
12145	A	0	0	0	0	0	0	0.181812164577	0.116331707957	0.6745143247759999	0.890994067176	0.0	0.0	0.0	0.0	0.0428817731263298	1.4381605965989399e-18	0.95711822687367	3.209964560283489e-17	0.000775336878378558	4.0459909845177606e-15	0.9992246631164028	5.21431920913073e-12	12133.0
12159	T	0	0	0	0	0	0	0.6282867633829999	0.451235532416	0.974299570654	0.808718620558	0.0	0.0	0.0	0.0	0.0294550938369398	5.9889802409613285e-15	0.9705449061628572	1.9733681033755303e-13	0.0009925274113115287	7.003858118375071e-12	0.9990074655320992	7.04958519839625e-09	12173.0
12222	A	0	0	0	0	0	0	0.29208607054	0.180097722945	0.315528362652	0.46044274052	0.0	0.0	0.0	0.0	0.0156989920162283	1.3082712170429199e-14	0.984301007982938	8.202645598642659e-13	6.339724096053599e-05	1.98685592968229e-10	0.9999334687903172	3.13377003739095e-06	0.0
12223	A	0	0	0	0	0	0	0.19157865148	0.574240428104	0.792560662925	0.898056448205	0.0	0.0	0.0	0.0	1.2381453811059499e-06	7.295169659874971e-09	0.9941412605428228	0.005857494016626511	5.54350305011039e-08	2.01834559581871e-07	0.215474422070162	0.7845253206602479	0.0
12245	A	0	1	0	0	0	0	0.240496542406	0.388301290612	0.6810745576	1.4098357736700002	0.0	0.0	0.0	0.0	3.9979629451067215e-05	4.86130000743019e-13	0.9999600082111072	1.2158956103623401e-08	1.31758631638027e-06	2.0587810724881897e-09	0.99843858032528	0.00156010002962296	0.0
12259	T	0	0	0	0	0	0	0.13450248456	2.12732436171	1.10995642528	2.2482958419	-0.842281771006	0.0	0.0	0.0	0.0327637422052372	5.07785102161196e-30	0.967236257794763	1.49906002465072e-28	0.00324936672901283	8.110409581472079e-23	0.9967506332709872	2.4878865824034998e-20	0.0
12263	A	0	0	0	0	0	0	0.171424713175	0.809117455514	0.657515760234	1.09771582942	0.0	0.0	0.0	0.0	0.00254531240293198	1.68413512428516e-07	0.997388525828596	6.59933549599659e-05	7.36807025091754e-05	2.9059896338538105e-05	0.7170790645174019	0.28281819488375	12258.0
12280	A	0	0	0	0	0	0	-0.170208083773	0.5879349313719999	0.896568156905	1.9780554594	0.0	0.0	0.0	0.0	0.0335990889369877	1.9221025759372192e-67	0.966400911063012	5.528488239743387e-66	0.00279575814258464	7.383571088250159e-55	0.997204241857415	2.633607069620089e-52	12526.0
12282	A	0	0	0	0	0	0	-0.00237872412214	0.189415382686	0.25444222161	0.332221603331	0.0	0.0	0.0	0.0	0.009414187041569159	5.24034836917081e-33	0.990585812958431	5.5140340069079505e-31	0.000978961875245697	1.1504290833163e-24	0.999021038124754	1.17400165028399e-21	12524.0
12285	T	0	0	0	0	0	0	-0.0849748734	0.567154405765	0.817769657614	1.55215088272	0.0	0.0	0.0	0.0	0.00031560905924653797	8.324842825482285e-63	0.9996843909407528	2.6368746985709484e-59	0.000101584073521068	7.008440559632869e-52	0.999898415926479	6.898452061226361e-48	12521.0
12316	A	0	0	0	0	0	0	0.686100835152	0.333822533687	0.851080931888	1.20024235627	0.0	0.0	0.0	0.0	0.0299406559881855	2.79385470946769e-06	0.969966039642274	9.05105148313259e-05	0.00145855534649098	0.00034818601668212796	0.805826524975895	0.192366733660932	11832.0
12414	A	0	0	0	0	0	0	0.146762105975	0.234487235275	0.252425213633	0.261952255749	0.0	0.0	0.0	0.0	0.0155602158027724	4.733362295308949e-18	0.9844397841972272	2.9946308043433604e-16	0.000204814765246876	5.43629423748616e-13	0.999795182580504	2.65370554860997e-09	12409.0
12448	C	0	0	0	0	0	0	0.229977533111	0.333469537513	0.421058977041	0.676243774165	0.0	0.0	0.0	0.0	0.007068786900700359	6.62802193389374e-09	0.992930275453872	9.31017406095998e-07	0.00118171870827964	7.14619994421144e-06	0.992807337664082	0.0060037974276945	12337.0
12469	A	0	0	0	0	0	0	1.43548635778	0.477435818455	0.7502602744619999	1.54819654893	0.0	0.0	0.0	0.0	0.0360047275192334	3.7568529856623296e-13	0.963995272470332	1.00586472029539e-11	0.000409256597431746	1.7086449294303499e-10	0.999590325903076	4.1732862770691706e-07	0.0
12470	A	0	0	0	0	0	0	0.0150425768405	0.36210868385	0.538633057739	0.294031078267	0.0	0.0	0.0	0.0	0.0397230821821398	1.1585706820195696e-19	0.96027691781786	2.8007612261873e-18	0.000749642701709114	2.02976983433513e-14	0.999250357271214	2.705619927351389e-11	0.0
12517	A	0	0	0	0	0	0	0.19503710608600006	0.339621867789	1.03359491864	1.03616837238	0.0	0.0	0.0	0.0	0.0237676199585436	9.965421897549134e-16	0.9762323800414152	4.0932022449577104e-14	0.000311480279567877	2.3570187860515698e-11	0.999688444048913	7.56479494011908e-08	0.0
12577	A	0	0	0	0	0	0	0.149913029951	0.0156039784932	0.208549431986	0.34573021408	0.0	0.0	0.0	0.0	0.00245354869244536	1.1669320520634499e-55	0.997546451307555	4.744429694985008e-53	0.00022909879726527003	2.5478146779436995e-47	0.999770901202735	1.11184825371036e-43	12561.0
12599	T	0	1	0	0	0	0	1.6326216436	2.15457159258	2.95812605369	3.4665947015	0.0	0.0	0.0	0.0	4.34071601286755e-05	2.03958172611863e-10	0.9999518941400792	4.6984958339592e-06	5.19491554493793e-06	2.19834825818086e-07	0.9593955510532132	0.0405990341964162	0.0
12600	A	0	1	0	0	0	0	0.141846956923	0.651028659324	1.1620876998	0.82588405677	0.0	0.0	0.0	0.0	0.00201830648276414	1.66904570574832e-16	0.9979816935171528	8.252845017368388e-14	3.48871147087029e-05	1.11092731548939e-11	0.999964794450542	3.18423639776011e-07	0.0
12849	A	0	1	0	0	0	0	0.732382248581	0.337960769264	2.26312236961	1.03414299192	0.0	-2.18534068736	0.0	0.0	0.0400706037484001	6.418253266859511e-09	0.959929236078015	1.53755331317105e-07	0.0031716434284553303	1.83231984004025e-05	0.991084347137044	0.00572568623610054	12649.0
12931	A	0	1	0	0	0	0	0.641465018649	0.8568343458059999	3.33649573933	3.00109865966	-0.911331848447	0.0	0.0	0.0	0.0284595809904549	1.69282492302067e-06	0.971480940824064	5.7785360558123095e-05	0.000833550495534733	0.00231186612641653	0.264171247189307	0.732683336188742	0.0
13202	A	0	1	0	0	0	0	1.3516262175600002	0.536260525356	2.63447188601	3.66990182359	0.0	-1.88913970061	0.0	0.0	2.40000544771865e-05	2.1060112514139605e-07	0.991277304271989	0.008698485072409029	6.59357023702538e-09	3.10329886217375e-06	0.00212018578617521	0.997876704321392	0.0
13203	T	0	1	0	0	0	0	0.908452890856	0.351687274185	0.72907737176	1.73959859685	0.0	-1.21257794943	0.0	0.0	0.000342849393323626	6.66556007355095e-06	0.980586263914237	0.0190642211323663	3.5349405960951595e-09	9.43249508603673e-07	0.00373362411291835	0.9962654291026322	0.0
13555	A	0	1	0	0	0	0	1.12796896472	0.448900171282	1.92003539482	1.23561514197	0.0	0.0	0.0	0.0	0.0009417064683420368	1.7336970204677502e-06	0.997220660278253	0.0018358995563842106	6.52489938668645e-07	3.66221047584105e-05	0.0175042981063391	0.9824584272989642	0.0
13662	A	0	0	0	0	0	0	0.647102420659	0.116474832848	1.76721746628	1.38190156204	-0.975253753255	-1.52425593838	0.0	0.0	0.00642754333957865	3.11802073948059e-17	0.993572456660417	4.81985007703883e-15	0.00108747030453861	2.74373030594662e-10	0.998912277391596	2.52029492393755e-07	0.0
14250	C	0	0	0	0	0	0	1.37474683317	0.467643122344	2.65185061905	0.962203643859	-1.8676464826400003	-1.4636510750100002	0.0	0.0	7.56853214698409e-05	1.4458069088659501e-09	0.9999052121727572	1.9101059966383495e-05	1.64673603099395e-06	5.95682693125064e-07	0.7343554174830559	0.26564234009822	0.0
14251	T	0	1	0	0	0	0	0.602289013712	0.480740237953	2.00262597756	4.36701752452	-1.73214105624	-1.12449038779	0.0	0.0	2.5959009989109806e-05	9.11759821837712e-14	0.9999740374777047	3.512214643915539e-09	3.63357825486364e-06	1.1979132157519698e-07	0.968080691949621	0.0319155546808027	0.0
14293	A	0	1	0	0	0	0	0.307859800162	0.240981674705	6.292229781880001	2.23155511811	-3.69958035975	0.0	0.0	0.0	4.5219041152871504e-05	1.71173583431315e-17	0.999954780958469	3.78526034082144e-13	2.2543187293047307e-05	2.19954812981653e-11	0.9999764811095128	9.75681198178801e-07	0.0
14348	A	0	0	0	0	0	0	0.155844149523	-0.0533796847598	10.383631787899999	-1.23861837698	-3.5877676658800004	0.0	0.0	0.0	0.0257182388745047	3.16706622956143e-29	0.974281761125495	1.1997768893876598e-27	0.0111704780586234	2.35075188167505e-18	0.9888295219413772	2.0809251378145599e-16	0.0
14399	G	0	0	0	0	0	0	0.168959002538	0.467813541212	2.16998858483	12.2508130949	-2.21671271408	-3.71616762502	0.0	0.0	0.00017671052390037	2.83357528332214e-31	0.9998232894761	1.60322911064799e-27	5.22986203335093e-05	6.404235599426138e-20	0.9999477013796648	1.2244874962096904e-15	0.0
14727	A	0	0	0	0	0	0	0.503692800693	0.007133503544279998	2.38560551683	1.20447849303	0.0	-1.7634380848400002	0.0	0.0	5.75100638297486e-05	4.16527547068242e-67	0.99994248993617	7.242273174577418e-63	2.8633623134931897e-05	1.4712122923499593e-59	0.999971366376865	5.1379113264114275e-55	0.0
14744	A	0	1	0	0	0	0	1.63233292832	-0.0367163876864	1.86705157946	2.22750497509	0.0	0.0	0.0	0.0	0.0171489285907349	5.4786846296993674e-70	0.982851071409265	3.1399810371376393e-68	0.0021760103990557896	2.855781037390609e-70	0.997823989600944	1.3095373208658799e-67	0.0
14832	G	0	1	0	0	0	0	0.4177027248520001	-0.0304027583763	0.916215958012	0.504523025122	0.0	0.0	0.0	0.0	0.0378715092049143	4.2674992071701395e-68	0.962128490795086	1.0841613280970197e-66	0.0009730471205892053	8.027015415336197e-69	0.9990269528794108	8.241332389168926e-66	0.0
14853	A	0	0	0	0	0	0	0.640769427609	0.000653265854061	2.2000763614200003	4.09750879697	0.0	-1.60052737776	0.0	0.0	0.0010680500037000696	8.94012912664472e-73	0.9989319499963	8.36157538575863e-70	0.000300793336885872	1.12222799603589e-71	0.999699206663114	3.729771573224308e-68	0.0
14980	A	0	1	0	0	1	0	0.554456289731	-0.0434452639711	0.5878634655899999	0.8730987449709999	0.0	0.0	0.0	0.0	0.0148916593281852	4.69621569110266e-71	0.985108340671815	3.1066257593893387e-69	0.000539386402775408	5.2582842554597776e-70	0.9994606135972248	9.743382446032355e-67	0.0
15106	C	0	0	0	0	0	0	1.11589963573	-0.06448824052680001	1.73628727354	0.747847663142	0.0	0.0	0.0	0.0	0.00172717655006467	6.544005967833607e-69	0.9982728234499352	3.7823019968270596e-66	0.000149197562856293	1.99150879790556e-69	0.999850802437144	1.3346140724593694e-65	0.0
15158	A	0	0	0	0	0	0	0.304727503021	-0.115365426611	2.02001771085	3.77449848081	0.0	-2.04340785808	0.0	0.0	0.0415506303479074	8.032907491620115e-116	0.958449369652093	1.8529526645808492e-114	0.00411118600185896	2.116044047492509e-97	0.995888813998141	5.1258799671731194e-95	0.0
15165	A	0	0	0	0	0	0	0.219440957363	0.058703950741	3.01920385887	2.9498325433200003	-0.965688220991	-0.848082875653	0.0	0.0	0.0012460035563868698	8.40146252630319e-81	0.9987539964436128	6.734326102927487e-78	4.7455120083454714e-05	1.2407042157631594e-60	0.999952544879917	2.614355070251249e-56	15126.0
15195	G	0	0	0	0	0	0	0.687911446176	0.27282973824	1.13878022315	0.621917655461	0.0	0.0	0.0	0.0	0.0110772568356075	3.83875926730694e-08	0.988919277734258	3.4270425416318e-06	0.000160661705352283	1.90997744246611e-05	0.8935886863287149	0.106231552191508	0.0
15240	A	0	0	0	0	0	0	0.616213659281	-0.0868791324632	3.32270507505	4.35664501622	0.0	0.0	0.0	0.0	0.0035314803753601297	6.045091027245428e-89	0.99646851962464	1.70572741928409e-86	0.000770594652893264	5.299338271571887e-80	0.999229405347107	6.87164725313685e-77	0.0
15753	T	0	0	0	0	0	0	0.224174518514	-0.0145624642989	2.14687674192	3.45733349354	0.0	-0.8939771333580001	0.0	0.0	0.0163343729026936	2.1485251164393597e-68	0.983665627097306	1.2938545719426499e-66	0.00175180266385299	1.1354630734702998e-54	0.998248197336147	6.470329048024588e-52	15701.0
15762	A	0	0	0	0	0	0	0.631225967397	-0.0661590866569	1.2518251895	2.43218056337	0.0	-1.07043559019	0.0	0.0	0.0111082356914618	1.883593699853489e-71	0.988891764308538	1.6768372123399192e-69	3.7803107693807204e-05	1.1673829497012091e-70	0.999962196892306	3.0879440612472996e-66	0.0
15782	A	0	0	0	0	0	0	1.1543153150799998	0.374029749413	3.8340204737	2.53990378572	-0.915687186143	0.0	0.0	0.0	0.00275036138929472	1.46423637796631e-10	0.997249585372745	5.3091536497646905e-08	0.000480132284212197	1.56196062815116e-07	0.999194654704796	0.0003250568149294101	0.0
