DB 0 MOTIF	UGUGUGUCUW	MEME-1
 -11.0	0
 -10.0	0
  -9.0	1
  -8.0	0
  -7.0	1
  -6.0	0
  -5.0	3
  -4.0	0
  -3.0	0
  -2.0	0
  -1.0	0
   0.0	0
   1.0	0
   2.0	2
   3.0	0
   4.0	1
   5.0	0
   6.0	1
   7.0	0
   8.0	0
   9.0	0
  10.0	0
  11.0	0
DB 0 MOTIF	AVAGCAR	MEME-2
 -12.5	0
 -11.5	0
 -10.5	0
  -9.5	0
  -8.5	0
  -7.5	0
  -6.5	0
  -5.5	0
  -4.5	0
  -3.5	0
  -2.5	1
  -1.5	2
  -0.5	0
   0.5	0
   1.5	0
   2.5	0
   3.5	0
   4.5	0
   5.5	0
   6.5	0
   7.5	1
   8.5	1
   9.5	0
  10.5	0
  11.5	0
  12.5	0
DB 0 MOTIF	CAGSA	MEME-3
 -13.5	0
 -12.5	1
 -11.5	0
 -10.5	0
  -9.5	0
  -8.5	1
  -7.5	0
  -6.5	0
  -5.5	0
  -4.5	0
  -3.5	0
  -2.5	0
  -1.5	0
  -0.5	0
   0.5	0
   1.5	0
   2.5	0
   3.5	0
   4.5	0
   5.5	0
   6.5	1
   7.5	0
   8.5	0
   9.5	0
  10.5	1
  11.5	0
  12.5	0
  13.5	0
