	nucleotide	CELF1	FUS	HuR	PTBP1	RBFOX2	TARDBP	SHAPE_reactivity_ex_vivo_1	SHAPE_reactivity_ex_vivo_2	SHAPE_reactivity_in_cell_1	SHAPE_reactivity_in_cell_2	deltaSHAPE_rep1	deltaSHAPE_rep2	dStruct	dStruct_scaled	unmodified	ex_vivo	in_vivo	both	scaled_unmodified	scaled_ex_vivo	scaled_in_vivo	scaled_both	base_paired_to
179	A	0	0	0	0	0	0	0.027552102030700003	0.109179373809	0.5362258064850001	0.917882739126	0.0	-1.40304178178	0.0	0.0	0.000263098	4.49e-22	0.999736902	1.71e-18	1.87e-05	9.889999999999999e-17	0.99998128	5.28e-12	334.0
180	A	0	0	0	0	0	0	0.851045478785	0.437572860285	1.0607614385	4.01759554259	0.0	-1.41581763523	0.0	0.0	0.037271855	2e-07	0.962722783	5.16e-06	0.001913501	1.97e-05	0.987898493	0.010168311	333.0
236	A	0	0	1	0	0	0	0.530586193811	0.474569896775	1.2879821637200002	1.8813706984	0.0	0.0	1.0	1.0	0.01841178	6.29e-14	0.98158822	3.36e-12	0.00068955	5.03e-10	0.999309721	7.29e-07	280.0
773	A	0	1	0	0	0	0	0.349125974708	0.793520809231	1.7381020979599997	2.4369714228	0.0	0.0	0.0	0.0	0.000159726	8.2e-12	0.999840223	5.13e-08	5.39e-05	5.83e-08	0.998863895	0.001082194	734.0
777	A	0	1	0	0	0	0	0.461342889549	0.183869981947	0.419914383596	0.233496853599	0.0	0.0	0.0	0.0	2.72e-05	7.18e-17	0.999972819	2.64e-12	7.009999999999999e-07	5.78e-11	0.99991681	8.25e-05	730.0
7272	A	0	1	0	0	0	0	0.197741070555	0.131313344637	0.205565377737	0.178338394306	0.0	0.0	0.0	0.0	0.00412387	9.53e-21	0.99587613	2.3e-18	0.000703686	1.1899999999999999e-16	0.999296314	1.7e-13	7546.0
7461	A	0	0	0	0	0	0	0.324673073037	0.355608457712	2.73829201185	2.80162589923	-0.8347327418539999	-0.980476674819	0.0	0.0	5.5e-05	1.14e-11	0.999944772	2.07e-07	1.7e-06	2.31e-09	0.998642597	0.001355701	7472.0
7471	A	0	0	0	0	0	0	0.13366253801300002	0.16336313879	1.51451973789	1.72463760717	0.0	-1.34712390311	0.0	0.0	5.400000000000001e-05	1e-21	0.999946048	1.85e-17	3.67e-06	4.92e-17	0.999996327	1.34e-11	7462.0
7547	A	0	0	0	0	0	0	0.283148567025	0.149334633784	0.329463562533	0.426157249843	0.0	0.0	0.0	0.0	0.001046739	7.04e-16	0.998953261	6.720000000000001e-13	0.000289182	4.95e-12	0.999710801	1.71e-08	7271.0
8346	A	0	0	0	0	0	0	0.366546151244	0.382135408301	1.18092662641	1.7373745326	0.0	0.0	0.0	0.0	0.000233108	4.15e-07	0.997988924	0.0017775520000000004	5.47e-07	1.8100000000000006e-05	0.029421025	0.970560367	8461.0
8462	A	0	0	0	0	0	0	0.0504555440746	0.122559086697	0.756931361612	1.03535456897	0.0	0.0	0.0	0.0	0.044543794000000005	2.1e-33	0.955456206	4.4999999999999995e-32	0.00347992	1.0099999999999999e-24	0.99652008	2.89e-22	8345.0
8525	A	0	0	0	0	0	0	0.310820139365	0.187428871751	0.688057478871	0.956048428368	0.0	0.0	0.0	0.0	0.002295257	1.68e-10	0.99770467	7.299999999999999e-08	0.000283721	3.2600000000000003e-07	0.9985691	0.001146854	8499.0
8744	A	0	1	0	0	0	0	0.199243304271	3.66337332618	8.78809834667	8.22249469393	0.0	0.0	0.0	0.0	0.00052555	1.44e-22	0.99947445	2.74e-19	9.81e-06	4.9e-17	0.999990187	4.99e-12	8886.0
8862	A	0	0	0	0	0	0	0.26856559949000003	0.182005800728	0.18734741561	0.32308884599800003	0.0	0.0	0.0	0.0	0.003229412	4.26e-19	0.996770588	1.32e-16	3.01e-05	6.32e-15	0.999969864	2.1e-10	8844.0
8917	A	0	0	0	0	0	0	0.370448754292	0.608838406417	2.12698808539	2.84370904539	0.0	0.0	0.0	0.0	8.529999999999998e-07	5.749999999999999e-09	0.993301327	0.006697814	7.51e-08	2.53e-07	0.229151284	0.770848388	8538.0
8959	A	0	0	0	0	0	0	0.416208131363	0.743037365063	2.05587007849	2.59845981453	0.0	0.0	0.0	0.0	0.005949386	1.73e-08	0.994047711	2.89e-06	2.97e-05	4.32e-07	0.985609898	0.014359993	9015.0
9014	A	0	0	0	0	0	0	0.482787388295	0.323434519602	0.8637390538869999	1.24424008968	0.0	0.0	0.0	0.0	0.023575687	2.1e-10	0.976424304	8.7e-09	0.000227792	3.6e-07	0.99819509	0.001576758	8960.0
9150	A	0	0	0	0	0	0	0.33202204310600003	0.156916251969	0.877682365061	1.50885396354	0.0	0.0	0.0	0.0	0.000363804	3.9299999999999996e-15	0.999636196	1.08e-11	0.000102634	1.13e-10	0.999896266	1.1e-06	9545.0
9219	A	0	1	0	0	0	0	-0.522894554786	2.47879620316	7.31602139548	16.6291519449	0.0	0.0	0.0	0.0	0.003009489	2.7399999999999993e-41	0.996990511	9.059999999999999e-39	0.000353484	2.16e-31	0.999646516	6.099999999999999e-28	9214.0
9325	A	0	0	0	0	0	0	0.24750031356	0.496784830623	0.796754200957	0.634527513971	0.0	0.0	0.0	0.0	0.039994727	9.7e-07	0.959981017	2.33e-05	0.0033243340000000004	0.000122982	0.96100091	0.035551774	9244.0
11181	A	0	0	1	0	0	0	0.27866885211	0.557191975534	0.736300740704	1.43097194042	0.0	0.0	0.0	0.0	0.00156586	1.48e-10	0.998434045	9.41e-08	0.000235527	2.92e-07	0.99852481	0.00123937	11171.0
11265	A	0	0	1	0	0	0	0.483712510143	0.171704441171	1.02655071206	0.741591918371	0.0	0.0	0.0	0.0	0.001148723	6.29e-10	0.998850729	5.47e-07	0.000220413	4.61e-07	0.997693132	0.002085994	11283.0
11281	A	0	0	1	1	0	0	-0.0909998313425	0.491257980732	0.975300864606	1.07771151802	0.0	0.0	0.0	0.0	0.000302273	1.43e-26	0.999697727	4.71e-23	1.92e-05	1.33e-19	0.999980758	6.9e-15	11267.0
11434	A	0	0	1	0	0	0	0.133331113321	0.26529636160500003	1.12724158881	1.13255753816	0.0	0.0	0.0	0.0	0.00012134	5.88e-16	0.99987866	4.85e-12	4.820000000000001e-05	3.85e-11	0.999951014	8e-07	11444.0
11578	A	0	0	0	0	0	0	0.042596927724	0.07994858184039999	0.298723567864	0.768131902074	0.0	0.0	0.0	0.0	0.039701911	7.359999999999998e-59	0.960298089	1.78e-57	0.0027527040000000003	1.9199999999999998e-45	0.997247296	6.9599999999999995e-43	11595.0
11592	A	1	0	0	0	0	1	0.026403219321300003	0.0486787660102	0.27495567941	0.420285465016	0.0	0.0	0.0	0.0	0.000188202	2.15e-56	0.999811798	1.1399999999999997e-52	5.45e-05	6.169999999999998e-49	0.999945456	1.1299999999999999e-44	11581.0
11617	A	1	0	0	0	0	1	0.224408530088	0.102682108069	0.479381871229	0.547177783611	0.0	0.0	0.0	0.0	0.003103962	1.67e-07	0.996842124	5.37e-05	0.000284555	0.00010554	0.7291670109999999	0.270442894	11675.0
12145	A	0	0	0	0	0	0	0.181812164577	0.116331707957	0.6745143247759999	0.890994067176	0.0	0.0	0.0	0.0	0.042881773	1.44e-18	0.957118227	3.21e-17	0.000775337	4.05e-15	0.999224663	5.21e-12	12133.0
12263	A	0	0	0	0	0	0	0.171424713175	0.809117455514	0.657515760234	1.09771582942	0.0	0.0	0.0	0.0	0.002545312	1.68e-07	0.997388526	6.6e-05	7.37e-05	2.9100000000000006e-05	0.717079065	0.282818195	12258.0
12280	A	0	0	0	0	0	0	-0.170208083773	0.5879349313719999	0.896568156905	1.9780554594	0.0	0.0	0.0	0.0	0.033599089	1.9199999999999996e-67	0.966400911	5.53e-66	0.002795758	7.379999999999997e-55	0.997204242	2.63e-52	12526.0
12282	A	0	0	0	0	0	0	-0.00237872412214	0.189415382686	0.25444222161	0.332221603331	0.0	0.0	0.0	0.0	0.009414187	5.24e-33	0.990585813	5.51e-31	0.000978962	1.1499999999999999e-24	0.999021038	1.17e-21	12524.0
12316	A	0	0	0	0	0	0	0.686100835152	0.333822533687	0.851080931888	1.20024235627	0.0	0.0	0.0	0.0	0.029940656	2.79e-06	0.96996604	9.05e-05	0.001458555	0.000348186	0.805826525	0.192366734	11832.0
12414	A	0	0	0	0	0	0	0.146762105975	0.234487235275	0.252425213633	0.261952255749	0.0	0.0	0.0	0.0	0.015560216000000003	4.73e-18	0.984439784	2.9900000000000003e-16	0.000204815	5.44e-13	0.999795183	2.65e-09	12409.0
12577	A	0	0	0	0	0	0	0.149913029951	0.0156039784932	0.208549431986	0.34573021408	0.0	0.0	0.0	0.0	0.002453549	1.1699999999999999e-55	0.997546451	4.74e-53	0.000229099	2.55e-47	0.999770901	1.11e-43	12561.0
12849	A	0	1	0	0	0	0	0.732382248581	0.337960769264	2.26312236961	1.03414299192	0.0	-2.18534068736	0.0	0.0	0.040070604	6.42e-09	0.959929236	1.54e-07	0.003171643	1.83e-05	0.991084347	0.005725686	12649.0
15165	A	0	0	0	0	0	0	0.219440957363	0.058703950741	3.01920385887	2.9498325433200003	-0.965688220991	-0.848082875653	0.0	0.0	0.001246004	8.399999999999996e-81	0.998753996	6.729999999999997e-78	4.75e-05	1.2399999999999996e-60	0.999952545	2.6099999999999996e-56	15126.0
