UU	UM	MU	MM
1	0.999999999946006	2.69968297904842e-11	2.69968297904842e-11	7.28828818775729e-22
2	1	1.64711493777353e-22	1.64711493777353e-22	2.7129876182367e-44
3	1	1.87940647251158e-32	1.87940647251158e-32	3.53216868891842e-64
4	1	4.65424697308373e-24	4.65424697308373e-24	2.16620148864591e-47
5	0.999999999999952	2.40101721167078e-14	2.40101721167078e-14	5.76488365073962e-28
6	0.999999376843481	3.11578210871531e-07	3.11578210871531e-07	9.70810419865885e-14
7	0.999999999992528	3.73616831310426e-12	3.73616831310426e-12	1.39589536639486e-23
8	0.999999999999911	4.47271104819204e-14	4.47271104819204e-14	2.00051441206209e-27
9	1	1.33347245367277e-22	1.33347245367277e-22	1.77814878470409e-44
10	1	1.27604276415719e-30	1.27604276415719e-30	1.62828513595793e-60
11	0.99999999999932	3.39855380680702e-13	3.39855380680702e-13	1.15501679777703e-25
12	1	7.04179618085401e-64	7.04179618085401e-64	4.95868934526901e-127
13	1	4.60255314935151e-74	4.60255314935151e-74	2.11834954926055e-147
14	1	2.63336586261768e-25	2.63336586261768e-25	6.93461576640014e-50
15	1	4.66693893275324e-21	4.66693893275324e-21	2.17803190020479e-41
16	0.999999999999995	2.68860012606377e-15	2.68860012606377e-15	7.22857063787014e-30
17	1	2.72777251590313e-55	2.72777251590313e-55	7.44074289851651e-110
18	1	3.82281512348212e-65	3.82281512348212e-65	1.46139154683236e-129
19	1	1.61344823345707e-26	1.61344823345707e-26	2.60321520204573e-52
20	1	9.87009530455597e-176	9.87009530455597e-176	0
21	1	2.97150702191214e-49	2.97150702191214e-49	8.82985398127314e-98
22	1	1.56116315674994e-58	1.56116315674994e-58	2.43723040199345e-116
23	1	2.09567838053006e-37	2.09567838053006e-37	4.39186787462107e-74
24	1	1.30473114624182e-104	1.30473114624182e-104	1.7023233639735e-208
25	1	6.25686545425924e-25	6.25686545425924e-25	3.91483653127027e-49
26	1	7.20075846928007e-66	7.20075846928007e-66	5.18509225329086e-131
27	1	3.67841150026974e-46	3.67841150026974e-46	1.35307111653167e-91
28	1	2.5317751292113e-23	2.5317751292113e-23	6.40988530489291e-46
29	1	7.12806497215831e-111	7.12806497215831e-111	5.08093102473104e-221
30	0.99999999999749	1.25487793035573e-12	1.25487793035573e-12	1.57471862009784e-24
31	1	2.63046067230285e-18	2.63046067230285e-18	6.91932334853195e-36
32	0.999999996196747	1.90162632038425e-09	1.90162632038425e-09	3.61618267613142e-18
33	1	1.34498310357426e-85	1.34498310357426e-85	1.80897954890025e-170
34	1	2.55942662111152e-49	2.55942662111152e-49	6.55066462885434e-98
35	1	5.17051228505323e-27	5.17051228505323e-27	2.67341972898864e-53
36	1	6.4081238199006e-30	6.4081238199006e-30	4.10640508911774e-59
37	1	1.71649292729146e-38	1.71649292729146e-38	2.94634796944159e-76
38	1	2.28722054616142e-18	2.28722054616142e-18	5.23137782678294e-36
39	1	3.28036445307858e-39	3.28036445307858e-39	1.07607909450215e-77
40	1	3.78818636007231e-97	3.78818636007231e-97	1.43503558986379e-193
41	1	5.1483426580653e-45	5.1483426580653e-45	2.65054321248548e-89
42	3.52896988719949e-29	5.94051335088092e-15	5.94051335088092e-15	0.999999999999988
43	1.19507705355831e-07	0.00034557935742994	0.00034557935742994	0.999308721777435
44	1	1.21270475931118e-32	1.21270475931118e-32	1.470652833256e-64
45	0.999990396330009	4.80182346653843e-06	4.80182346653843e-06	2.30577300426292e-11
46	1	7.21292907057101e-43	7.21292907057101e-43	5.20263457770884e-85
47	1	2.27305708853375e-61	2.27305708853375e-61	5.16678852773354e-122
48	1	7.99670188841225e-64	7.99670188841225e-64	6.3947241092136e-127
49	1	3.8317187316217e-36	3.8317187316217e-36	1.46820684382606e-71
50	0.999999999999977	1.16761187121595e-14	1.16761187121595e-14	1.36331748180444e-28
51	1.4698347599148e-10	1.2123527211729e-05	1.2123527211729e-05	0.999975752798593
52	3.86557870644317e-38	1.96610750124279e-19	1.96610750124279e-19	1
53	7.05280715718502e-23	8.39809928321079e-12	8.39809928321079e-12	0.999999999983204
54	1	1.03028716004605e-83	1.03028716004605e-83	1.06149163215575e-166
55	1	1.08603136048934e-81	1.08603136048934e-81	1.17946411596633e-162
56	0.999999986406448	6.79677574948201e-09	6.79677574948201e-09	4.61961612167167e-17
57	1	2.97183408318036e-39	2.97183408318036e-39	8.83179781795245e-78
58	2.07912860973861e-18	1.44191837624144e-09	1.44191837624144e-09	0.999999997116163
59	0.999960619880966	1.96898656641556e-05	1.96898656641556e-05	3.87706077783987e-10
60	1	1.56351138494357e-46	1.56351138494357e-46	2.44456785084818e-92
61	1	4.17304878396974e-29	4.17304878396974e-29	1.74143361533913e-57
62	1	1.27561725619452e-24	1.27561725619452e-24	1.62719938430123e-48
63	1	5.60763060030303e-30	5.60763060030303e-30	3.1445520949455e-59
64	1	6.01626758164704e-20	6.01626758164704e-20	3.61954756139772e-39
65	1	3.00510119378114e-55	3.00510119378114e-55	9.03063318486483e-110
66	1	1.3559216184236e-70	1.3559216184236e-70	1.83852343530846e-140
67	1	2.65331340884867e-67	2.65331340884867e-67	7.04007204557613e-134
68	1	3.41338051252367e-59	3.41338051252367e-59	1.16511665232763e-117
69	1	1.3212924324351e-64	1.3212924324351e-64	1.74581369201026e-128
70	2.53360780941086e-20	1.59173107295306e-10	1.59173107295306e-10	0.999999999681654
71	0.999959441274948	2.02791568953665e-05	2.02791568953665e-05	4.11260884604034e-10
72	1	1.20325631574058e-120	1.20325631574058e-120	1.44782576136959e-240
73	1	9.48521316786677e-85	9.48521316786677e-85	8.99692688398732e-169
74	1	6.86669113939568e-38	6.86669113939568e-38	4.71514472038552e-75
75	0.999999999999809	9.55259795270963e-14	9.55259795270963e-14	9.12521276461297e-27
76	1	1.19547263763396e-61	1.19547263763396e-61	1.4291548273315e-122
77	1	1.13642056239546e-80	1.13642056239546e-80	1.2914516946352e-160
78	1	1.08311279422188e-41	1.08311279422188e-41	1.17313332500713e-82
79	1	3.92810559699117e-63	3.92810559699117e-63	1.54300135811134e-125
80	1	1.73884961889939e-96	1.73884961889939e-96	3.02359799714656e-192
81	1	1.42035899658046e-42	1.42035899658046e-42	2.01741967916706e-84
82	1	2.11377414983787e-93	2.11377414983787e-93	4.46804115652282e-186
83	1	3.10335412224973e-110	3.10335412224973e-110	9.63080680808437e-220
84	1	1.69794025746305e-159	1.69794025746305e-159	2.88300150055159e-318
85	1	1.57325109207421e-160	1.57325109207421e-160	2.47526888566465e-320
86	1	1.63592375909675e-251	1.63592375909675e-251	0
87	1	1.0744071162465e-25	1.0744071162465e-25	1.15435065144112e-50
88	1	3.35705199794688e-46	3.35705199794688e-46	1.12697981169191e-91
89	1	3.06366435790845e-116	3.06366435790845e-116	9.3860392979186e-232
90	1	1.54629443339899e-24	1.54629443339899e-24	2.39102647476069e-48
91	1	1.22396660675539e-64	1.22396660675539e-64	1.49809425445231e-128
92	1	9.88959025868653e-66	9.88959025868653e-66	9.78039954847074e-131
93	1	1.08689959891568e-180	1.08689959891568e-180	0
94	1	1.92558263405883e-69	1.92558263405883e-69	3.70786848058894e-138
95	1	1.21089609593463e-23	1.21089609593463e-23	1.46626935514972e-46
96	1	1.54064704483966e-22	1.54064704483966e-22	2.37359331677319e-44
97	1	1.37814860714938e-68	1.37814860714938e-68	1.89929358338778e-136
98	0.999999573119238	2.13440358353748e-07	2.13440358353748e-07	4.55568060215003e-14
99	1	2.24258643645851e-128	2.24258643645851e-128	5.02919392498766e-256
100	1	7.6739042199055e-130	7.6739042199055e-130	5.88888059762836e-259
101	1	5.58415067415552e-97	5.58415067415552e-97	3.11827387516716e-193
102	1	2.15320030883948e-112	2.15320030883948e-112	4.63627156998643e-224
103	1	1.50168829138309e-45	1.50168829138309e-45	2.25506772447707e-90
104	1	2.14165737792362e-187	2.14165737792362e-187	0
105	1	7.18962859968366e-121	7.18962859968366e-121	5.16907594013893e-241
106	1	3.92075717528587e-112	3.92075717528587e-112	1.53723368275556e-223
107	1	4.63487485262917e-44	4.63487485262917e-44	2.14820648995343e-87
108	1	3.31716038740711e-54	3.31716038740711e-54	1.10035530357829e-107
109	1	3.56237034563014e-23	3.56237034563014e-23	1.2690482479425e-45
110	1	8.38151058959917e-178	8.38151058959917e-178	0
111	1	7.61883098691863e-125	7.61883098691863e-125	5.80465856072315e-249
112	1	1.95562088865728e-187	1.95562088865728e-187	0
113	1	7.26160664819955e-100	7.26160664819955e-100	5.27309311131758e-199
114	1	1.35051772571716e-236	1.35051772571716e-236	0
115	1	1.12419824704538e-156	1.12419824704538e-156	1.26382169865774e-312
116	1	3.23942762834964e-125	3.23942762834964e-125	1.0493891359315e-249
117	1	4.51084099144187e-240	4.51084099144187e-240	0
118	1	1.93328173949715e-284	1.93328173949715e-284	0
119	1	2.2424383094803e-236	2.2424383094803e-236	0
120	1	2.18877714976386e-117	2.18877714976386e-117	4.79074541132839e-234
121	1	6.15786908746624e-69	6.15786908746624e-69	3.79193516983723e-137
122	1	5.9143567056931e-17	5.9143567056931e-17	3.49796152421769e-33
123	1	8.41597876778292e-90	8.41597876778292e-90	7.0828698619773e-179
124	1	2.42316804203799e-88	2.42316804203799e-88	5.87174335995425e-176
125	1	3.5494746137654e-86	3.5494746137654e-86	1.2598770033765e-171
126	1	2.48293640650561e-57	2.48293640650561e-57	6.16497319875099e-114
127	1	6.3914114750213e-74	6.3914114750213e-74	4.0850140643034e-147
128	1	1.22850798583708e-20	1.22850798583708e-20	1.50923187126547e-40
129	-999	-999	-999	-999
