RDN5-1	1	10271	1460	8608	1083	525	2381
RDN5-1	2	10585	1515	8847	1148	581	2546
RDN5-1	3	10737	1534	8981	1184	592	2622
RDN5-1	4	11782	2645	9440	1298	834	2995
RDN5-1	5	11991	2768	9583	1318	848	3062
RDN5-1	6	12108	2822	9711	1347	851	3114
RDN5-1	7	12391	2935	9957	1406	880	3235
RDN5-1	8	12870	3136	10389	1627	978	3564
RDN5-1	9	13055	3159	10535	1664	1000	3701
RDN5-1	10	13933	3588	11226	2069	1460	5078
RDN5-1	11	14350	3679	11685	2213	1578	5482
RDN5-1	12	15601	4375	12934	2854	2326	7771
RDN5-1	13	17013	4823	14290	3579	3303	8887
RDN5-1	14	17188	4903	14443	3645	3409	8977
RDN5-1	15	17238	4921	14503	3653	3418	8997
RDN5-1	16	17651	5161	14839	3722	3506	9397
RDN5-1	17	17733	5189	14913	3726	3519	9433
RDN5-1	18	17825	5211	14975	3734	3525	9474
RDN5-1	19	17914	5249	15070	3747	3530	9576
RDN5-1	20	18176	5384	15320	3773	3563	9624
RDN5-1	21	18499	5457	15576	3811	3581	9717
RDN5-1	22	18846	5657	15942	3865	3644	9810
RDN5-1	23	19301	5829	16387	3940	3723	9929
RDN5-1	24	19394	5897	16449	3955	3752	9984
RDN5-1	25	19429	5904	16470	3963	3760	10053
RDN5-1	26	19480	5935	16498	3969	3773	10223
RDN5-1	27	19586	5953	16594	3989	3794	10280
RDN5-1	28	19614	5955	16611	3994	3795	10297
RDN5-1	29	19685	5973	16675	4000	3799	10320
RDN5-1	30	19779	5990	16750	3995	3783	10331
RDN5-1	31	19810	6005	16774	4003	3790	10328
RDN5-1	32	19842	6035	16799	4010	3794	10342
RDN5-1	33	19852	6036	16814	4011	3795	10346
RDN5-1	34	19878	6047	16854	4026	3801	10392
RDN5-1	35	19903	6054	16860	4027	3805	10409
RDN5-1	36	19904	6064	16867	4027	3805	10405
RDN5-1	37	19861	6069	16855	4025	3796	10401
RDN5-1	38	19714	6046	16707	4004	3761	10334
RDN5-1	39	16496	4944	14141	3012	2504	7991
RDN5-1	40	11330	3180	10143	2171	1376	5901
RDN5-1	41	10176	2744	9255	1976	1071	5478
RDN5-1	42	9975	2714	9162	2481	1267	6338
RDN5-1	43	10138	2761	9250	2500	1285	6509
RDN5-1	44	10309	2820	9346	2534	1325	6590
RDN5-1	45	10720	2991	9624	2623	1397	6706
RDN5-1	46	11245	3248	10048	2739	1538	6842
RDN5-1	47	11203	3231	10000	2725	1520	6796
RDN5-1	48	11074	3178	9922	2712	1501	6706
RDN5-1	49	10855	3044	9708	2654	1416	6504
RDN5-1	50	10786	2961	9723	2673	1362	6396
RDN5-1	51	11316	3000	10182	2732	1418	6514
RDN5-1	52	11379	3006	10184	2739	1426	6490
RDN5-1	53	11302	2948	10082	2724	1403	6428
RDN5-1	54	11089	2869	10033	2705	1385	6346
RDN5-1	55	11066	2856	10075	2692	1385	6283
RDN5-1	56	11066	2834	10088	2703	1390	6269
RDN5-1	57	11085	2844	10112	2709	1403	6277
RDN5-1	58	11028	2805	10054	2703	1406	6259
RDN5-1	59	10877	2720	9940	2692	1384	6179
RDN5-1	60	10841	2681	9897	2681	1370	6115
RDN5-1	61	10771	2624	9789	2638	1340	6094
RDN5-1	62	10563	2576	9546	2602	1323	6015
RDN5-1	63	10497	2638	9433	2590	1327	5964
RDN5-1	64	10506	2640	9409	2586	1325	5959
RDN5-1	65	10531	2645	9421	2587	1327	5963
RDN5-1	66	10581	2651	9457	2593	1332	5980
RDN5-1	67	10586	2652	9459	2593	1333	5981
RDN5-1	68	10612	2670	9469	2596	1339	5999
RDN5-1	69	10337	2529	9241	2546	1283	5777
RDN5-1	70	10143	2420	9042	2500	1247	5593
RDN5-1	71	10193	2419	9051	2521	1251	5611
RDN5-1	72	10383	2498	9157	2565	1274	5719
RDN5-1	73	10330	2464	9115	2554	1246	5625
RDN5-1	74	10267	2439	9049	2542	1231	5533
RDN5-1	75	10649	2516	9223	2516	1223	5399
RDN5-1	76	10788	2661	9298	2526	1257	5409
RDN5-1	77	11164	2796	9459	2562	1296	6010
RDN5-1	78	11164	2786	9484	2560	1287	6091
RDN5-1	79	11307	2786	9630	2557	1286	6063
RDN5-1	80	11320	2788	9605	2551	1276	6030
RDN5-1	81	11325	2776	9573	2546	1265	6004
RDN5-1	82	11313	2799	9549	2538	1261	6040
RDN5-1	83	11195	2740	9523	2527	1245	6091
RDN5-1	84	11195	2705	9522	2521	1234	6085
RDN5-1	85	11147	2683	9486	2511	1218	6059
RDN5-1	86	10785	2559	9243	2398	1116	5877
RDN5-1	87	10398	2428	8980	2323	1031	5726
RDN5-1	88	10259	2369	8908	2296	1007	5674
RDN5-1	89	9331	1995	8220	2079	813	5307
RDN5-1	90	8050	1597	7219	1719	497	4701
RDN5-1	91	7643	1459	6923	1612	417	4537
RDN5-1	92	7424	1404	6812	1594	398	4499
RDN5-1	93	7276	1354	6712	1573	394	4460
RDN5-1	94	7260	1353	6703	1571	393	4456
RDN5-1	95	7223	1318	6654	1561	383	4430
RDN5-1	96	7211	1311	6620	1556	380	4417
RDN5-1	97	7202	1305	6614	1552	378	4413
RDN5-1	98	7153	1286	6578	1546	374	4406
RDN5-1	99	7143	1281	6572	1546	374	4403
RDN5-1	100	7079	1238	6535	1534	370	4386
RDN5-1	101	7008	1192	6483	1526	369	4374
RDN5-1	102	6941	1170	6453	1513	366	4348
RDN5-1	103	6911	1142	6422	1508	363	4321
RDN5-1	104	6902	1137	6415	1503	363	4315
RDN5-1	105	6901	1134	6414	1501	363	4307
RDN5-1	106	6900	1132	6411	1499	363	4302
RDN5-1	107	6891	1127	6398	1495	363	4290
RDN5-1	108	6872	1120	6331	1490	359	4260
RDN5-1	109	6843	1109	6299	1483	354	4226
RDN5-1	110	6777	1091	6185	1463	347	4147
RDN5-1	111	6674	1066	5993	1450	341	4068
RDN5-1	112	6570	1014	5869	1434	330	4004
RDN5-1	113	5756	780	5193	1327	274	3717
RDN5-1	114	5444	696	4957	1276	248	3545
RDN5-1	115	5277	666	4858	1250	228	3423
RDN5-1	116	5076	591	4671	1220	202	3295
RDN5-1	117	4423	418	4329	1154	156	2928
RDN5-1	118	4007	257	3874	1019	110	2483
RDN5-1	119	3751	193	3638	956	91	2259
RDN5-1	120	3063	31	2852	733	0	1645
RDN5-1	121	0	0	0	0	0	0