RDN58	1	8401	1882	4392	1564	285	1263
RDN58	2	8523	1983	4450	1612	326	1339
RDN58	3	8576	2002	4485	1628	332	1352
RDN58	4	8759	2068	4617	1666	355	1393
RDN58	5	9020	2133	4763	1708	387	1469
RDN58	6	9510	2447	5047	1879	535	1712
RDN58	7	9553	2453	5087	1888	544	1748
RDN58	8	9735	2511	5232	1932	571	1959
RDN58	9	10963	3443	6135	2463	1070	2879
RDN58	10	11106	3495	6241	2493	1091	3206
RDN58	11	11197	3524	6325	2514	1102	3284
RDN58	12	11452	3729	6450	2626	1199	3515
RDN58	13	11479	3737	6474	2631	1203	3521
RDN58	14	11506	3747	6509	2636	1206	3531
RDN58	15	11515	3749	6523	2644	1206	3534
RDN58	16	11679	3829	6614	2683	1254	3648
RDN58	17	11726	3831	6641	2691	1266	3669
RDN58	18	11854	3832	6697	2710	1270	3716
RDN58	19	11893	3838	6745	2718	1272	3748
RDN58	20	11920	3846	6779	2726	1276	3779
RDN58	21	11962	3856	6800	2727	1278	3785
RDN58	22	12042	3861	6889	2747	1283	3825
RDN58	23	12278	3865	7086	2811	1291	3940
RDN58	24	12302	3870	7104	2819	1294	3947
RDN58	25	12414	3877	7188	2838	1296	3975
RDN58	26	12429	3877	7204	2840	1296	3993
RDN58	27	12438	3877	7225	2842	1297	3998
RDN58	28	12459	3879	7237	2846	1298	4009
RDN58	29	12465	3879	7250	2850	1298	4012
RDN58	30	12514	3887	7296	2859	1298	4042
RDN58	31	12519	3889	7311	2861	1297	4063
RDN58	32	12562	3898	7335	2867	1297	4325
RDN58	33	12633	3907	7406	2896	1297	4390
RDN58	34	12550	3887	7331	2882	1261	4340
RDN58	35	12221	3718	7042	2803	1120	4170
RDN58	36	12274	3759	7032	2820	1111	4128
RDN58	37	12277	3749	7052	2831	1093	4130
RDN58	38	12299	3736	7088	2833	1081	4124
RDN58	39	12434	3790	7219	2894	1105	4219
RDN58	40	12581	3780	7361	2939	1071	4215
RDN58	41	12584	3769	7346	2941	1055	4208
RDN58	42	12659	3787	7418	2974	1056	4249
RDN58	43	12746	3839	7514	3163	1154	4615
RDN58	44	12765	3825	7527	3174	1155	4631
RDN58	45	12823	3823	7589	3200	1157	4691
RDN58	46	12827	3819	7621	3206	1167	4909
RDN58	47	12663	3686	7580	3179	1129	4904
RDN58	48	12738	3625	7657	3184	1107	4869
RDN58	49	12744	3553	7719	3166	1061	4803
RDN58	50	12240	2977	7576	3043	829	4616
RDN58	51	11962	2753	7499	3008	760	4502
RDN58	52	11965	2683	7546	3057	761	4544
RDN58	53	12074	2717	7680	4101	1273	6291
RDN58	54	12082	2713	7735	4148	1282	6416
RDN58	55	12124	2713	7790	4163	1282	6436
RDN58	56	12142	2722	7848	4171	1283	6460
RDN58	57	12180	2708	7882	4200	1290	6510
RDN58	58	12214	2738	7926	4239	1296	6582
RDN58	59	12196	2715	7909	4243	1291	6680
RDN58	60	12316	2803	8043	4451	1323	8206
RDN58	61	12329	2811	8077	4458	1323	8279
RDN58	62	12319	2821	8094	4464	1326	8311
RDN58	63	12439	2914	8279	4560	1352	9375
RDN58	64	12610	2954	8474	4647	1372	9732
RDN58	65	12795	3217	8646	4922	1567	10223
RDN58	66	12870	3250	8732	4953	1584	10298
RDN58	67	12942	3319	8832	4986	1607	10387
RDN58	68	12951	3347	8873	5007	1613	10417
RDN58	69	13065	3475	9043	5105	1651	10569
RDN58	70	13122	3547	9138	5143	1674	10649
RDN58	71	13355	3940	9446	7943	2264	14072
RDN58	72	13449	4008	9514	8161	2311	14412
RDN58	73	13508	4051	9551	8195	2317	14460
RDN58	74	13589	4114	9586	8239	2337	14521
RDN58	75	13626	4127	9616	8255	2347	14665
RDN58	76	13549	4097	9556	8245	2351	14715
RDN58	77	13600	4183	9649	8307	2400	14845
RDN58	78	13743	4304	9770	8397	2462	14959
RDN58	79	14107	4847	9996	8884	2817	15654
RDN58	80	14111	4940	9965	8922	2839	15652
RDN58	81	14227	5038	10034	8970	2873	15734
RDN58	82	14403	5278	10143	9191	3040	16011
RDN58	83	14500	5329	10202	9224	3070	16070
RDN58	84	14616	5409	10249	9249	3110	16159
RDN58	85	14647	5420	10275	9246	3111	16142
RDN58	86	14689	5464	10309	9253	3126	16156
RDN58	87	14541	5418	10244	9168	3092	15981
RDN58	88	14547	5463	10264	9222	3146	16004
RDN58	89	14596	5497	10398	9284	3190	16021
RDN58	90	14591	5491	10410	9247	3186	15916
RDN58	91	14599	5506	10427	9253	3190	15963
RDN58	92	14617	5525	10527	9266	3214	15941
RDN58	93	14613	5516	10513	9251	3197	15870
RDN58	94	14443	5474	10361	9080	3088	15401
RDN58	95	14088	5318	10157	8719	2847	14303
RDN58	96	14052	5323	10154	8707	2818	13952
RDN58	97	14072	5308	10223	8705	2814	13731
RDN58	98	14077	5300	10231	8710	2806	13667
RDN58	99	14038	5289	10243	8714	2783	13399
RDN58	100	14058	5297	10263	8714	2779	13223
RDN58	101	14048	5290	10277	8709	2777	13099
RDN58	102	14044	5288	10278	8709	2777	13089
RDN58	103	14067	5296	10340	8724	2781	13106
RDN58	104	14083	5313	10388	8763	2788	13201
RDN58	105	14117	5339	10427	8767	2791	13222
RDN58	106	14115	5387	10435	8765	2799	13195
RDN58	107	14101	5393	10439	8765	2796	13184
RDN58	108	14030	5561	10328	8733	2832	15388
RDN58	109	13802	5499	10056	8328	2775	14551
RDN58	110	7424	4546	7105	6645	2463	14118
RDN58	111	5604	4311	5576	4354	2165	11111
RDN58	112	5037	4156	5037	3558	2059	9872
RDN58	113	5127	4173	5040	3548	2064	9833
RDN58	114	5130	4174	5039	3543	2064	9824
RDN58	115	5155	4177	5044	3543	2063	9820
RDN58	116	5158	4177	5058	3544	2064	9817
RDN58	117	5154	4155	5060	3543	2058	9812
RDN58	118	5144	4139	5057	3525	2038	9791
RDN58	119	4884	3800	4875	3296	1824	9382
RDN58	120	4281	2943	4389	2835	1369	8611
RDN58	121	3321	1850	3719	2242	741	7593
RDN58	122	3066	1579	3545	2074	580	7334
RDN58	123	3061	1567	3528	2070	571	7319
RDN58	124	3099	1551	3556	2075	573	7344
RDN58	125	3233	1607	3726	2105	653	7474
RDN58	126	3275	1608	3787	2114	662	7498
RDN58	127	3299	1619	3858	2148	682	7529
RDN58	128	3304	1624	3865	2151	686	7536
RDN58	129	3302	1624	3873	2151	688	7536
RDN58	130	3302	1624	3879	2151	688	7536
RDN58	131	3302	1624	3881	2150	688	7532
RDN58	132	3301	1624	3879	2150	688	7532
RDN58	133	3290	1619	3877	2150	688	7531
RDN58	134	3287	1618	3873	2149	688	7529
RDN58	135	3287	1618	3869	2147	688	7529
RDN58	136	3287	1618	3869	2147	687	7529
RDN58	137	3286	1615	3865	2146	686	7529
RDN58	138	3277	1615	3863	2141	686	7524
RDN58	139	3274	1614	3862	2141	686	7521
RDN58	140	3240	1614	3845	2137	686	7507
RDN58	141	3238	1614	3845	2137	686	7504
RDN58	142	3231	1614	3843	2137	686	7503
RDN58	143	3228	1614	3842	2136	686	7500
RDN58	144	3223	1612	3838	2134	685	7494
RDN58	145	3218	1601	3835	2129	684	7466
RDN58	146	3203	1568	3814	2125	678	7386
RDN58	147	3199	1561	3810	2123	678	7383
RDN58	148	3196	1547	3808	2120	673	7359
RDN58	149	3194	1541	3808	2119	672	7355
RDN58	150	3178	1533	3802	2116	671	7285
RDN58	151	3115	1483	3742	2069	655	6731
RDN58	152	3016	1401	3608	1965	614	6128
RDN58	153	2780	1278	3368	1730	547	5296
RDN58	154	1458	625	1802	962	263	3441
RDN58	155	607	187	622	276	59	1041
RDN58	156	398	20	313	106	6	339
RDN58	157	324	0	261	89	0	180
RDN58	158	0	0	0	0	0	0