Nuc	Seq	DeltaSHAPE	Z-factor	Std_Score	Smoothed_Data1	Smoothed_Data2	Unsmoothed_Diff	Data1	Data2
66	T	1.17274921826343	1.0	1.147395977127821	1.837076398977217	1.3527120999858555	1.17274921826343	3.65660075854427	2.48385154028084
68	A	2.6302657396211293	1.0	2.8203976203816583	2.4299061767338332	1.005817505774538	4.92296242368925	6.81240318959404	1.88944076590479
69	G	2.6302657396211293	1.0	2.8203976203816583	3.6360832453956675	0.6897479193348014	0.33756905555300903	0.459763301197295	0.122194245644286
72	A	-2.230659377521866	1.0	-2.7591862742411517	0.122365365999234	0.9514824489389722	-2.230659377521866	0.122365365999234	2.3530247435211
179	A	1.370059372444293	1.0	1.3738772604190448	2.0529752901145484	0.6829159176702555	0.43645709651681597	0.760882484051437	0.324425387534621
180	A	1.6977273885789685	1.0	1.7499890378172114	2.4673331058023025	0.769605717223334	2.30366164837177	3.34506809617766	1.04140644780589
181	A	2.4138955003167433	1.0	2.572038332097045	3.743903594244763	1.3300080939280203	2.3530634208483194	3.29604873717781	0.942985316329491
182	A	1.8880234243926008	1.0	1.9684192071880087	2.919870234880811	1.0318468104882106	2.5849614317301404	4.59059394937882	2.00563251764868
183	T	1.1420656851295412	1.0	1.1121760666831617	1.868847961230146	0.726782276100605	0.7260454205993431	0.872968018085804	0.146922597486461
970	A	1.780713109931406	1.0	1.8452437029649553	1.732238175169333	0.7424336799754789	0.30608931020114233	0.37947771353232	0.0733884033311777
971	A	1.3913656997781307	1.0	1.3983336011320886	2.01805466855204	0.6266889687739093	3.2553369096616698	4.66681586628145	1.41147895661978
972	G	1.934003894566625	1.0	2.0211976155501103	2.3793672043216865	0.903339251495275	0.61267087947158	1.00787042584235	0.39519954637077
1138	A	1.1066915777810566	1.0	1.0715721086110266	1.2311056856782066	0.15823785467733223	0.27914983816539995	0.466703009648213	0.187553171482813
1139	A	3.394672530512688	1.0	3.6978173947281596	4.684735111426605	1.2900625809139166	1.9342333173967132	1.9955083617082	0.0612750443114867
1140	G	3.438051324481462	1.0	3.747609484580099	4.675435563996973	1.2373842395155117	7.97063443597595	11.5919939629234	3.62135952694745
1141	G	2.6973610402771335	1.0	2.8974125609379016	4.016596889607007	1.319235849329873	0.4092862200717218	0.43880436735932	0.0295181472875982
