Nuc	Seq	DeltaSHAPE	Z-factor	Std_Score	Smoothed_Data1	Smoothed_Data2	Unsmoothed_Diff	Data1	Data2
2	T	0.00191823194206	1.0	29.6015427381	0.00997699775986	0.00805876581781	0.0014735171928	0.00825597254867	0.00678245535587
3	G	0.00101032564509	1.0	15.5262820503	0.00580289257987	0.00479256693478	0.000855163964268	0.00435842960168	0.00350326563741
4	C	0.000978296073841	1.0	15.0297279825	0.00462598055991	0.00364768448607	0.000702295778198	0.00479427558925	0.00409197981106
5	G	0.00110998526665	1.0	17.0713039962	0.00429461974665	0.00318463448	0.00137742847906	0.00472523648879	0.00334780800973
6	A	0.00113785436116	1.0	17.5033582419	0.00356906693244	0.00243121257127	0.00125023154271	0.00336434716191	0.0021141156192
7	A	0.000900600212748	1.0	13.825209958	0.00264758763779	0.00174698742504	0.000785903061721	0.0026176171466	0.00183171408488
8	A	0.000628801918552	1.0	9.6115241866	0.00215003698481	0.00152123506626	0.000665666033814	0.00196079860485	0.00129513257104
9	G	0.000480147053444	1.0	7.30692955402	0.00191044504205	0.00143029798861	0.000434836660122	0.00187169520297	0.00143685854284
10	C	0.000372578102967	1.0	5.63928937471	0.00184211051352	0.00146953241055	0.000339938466398	0.00189884131833	0.00155890285194
11	A	0.000487186282079	1.0	7.4160586331	0.00229429559619	0.00180710931411	0.000342959182382	0.00175579501926	0.00141283583688
12	G	0.000596345172374	1.0	9.10834763076	0.0024919582386	0.00189561306623	0.000778661197459	0.00322825045096	0.00244958925351
13	T	0.000641507529097	1.0	9.80849911807	0.00239536503186	0.00175385750277	0.00066741513728	0.00249182924558	0.0018244141083
14	T	0.000526733489082	1.0	8.02915852005	0.00203276386995	0.00150603038087	0.000478446252553	0.00146601539904	0.000987569146492
15	G	0.000349103616587	1.0	5.27536468731	0.00155695751481	0.00120785389822	0.000434339077414	0.00214044696523	0.00170610788781
16	A	0.000236682287106	1.0	3.53249813314	0.00135079441694	0.00111411212984	0.000134525519794	0.00106441018015	0.00092988466036
17	A	0.000148620236946	1.0	2.16727320097	0.00126366634172	0.00111504610477	0.000141182264109	0.000847526105452	0.000706343841343
18	G	0.000116664281882	1.0	1.67186040392	0.00104519726615	0.000928532984268	0.000170152926934	0.00187906273955	0.00170890981262
23	G	9.89746847259e-05	1.0	1.3976187864	0.000848743649304	0.000749768964578	3.29409584969e-05	0.000710024917137	0.000677083958641
24	T	0.000159192745516	1.0	2.3311786775	0.000976848715876	0.000817655970361	0.000189126273116	0.00135604123987	0.00116691496676
25	T	0.000214422525444	1.0	3.18740530882	0.000956837501501	0.000742414976057	0.000255511004934	0.000864479990618	0.000608968985684
26	C	0.00019638522302	1.0	2.90777322061	0.000695968050914	0.000499582827895	0.00019863029828	0.000649991274012	0.000451360975731
27	G	0.000165525317981	1.0	2.42935247426	0.00059055988951	0.000425034571528	0.000135014365845	0.000573432888113	0.000438418522269
28	A	0.000143927309334	1.0	2.09451879918	0.00054682726884	0.000402899959505	0.000162931289819	0.000548255506405	0.000385324216585
29	A	0.000157163076924	1.0	2.2997127491	0.000555953429222	0.000398790352298	0.000133836272339	0.000518793412001	0.000384957139662
30	A	0.000160479367095	1.0	2.35112515678	0.000550944845801	0.000390465478705	0.000174721668614	0.00060081136926	0.000426089700646
31	A	0.000163522364983	1.0	2.39830071738	0.000590770297778	0.000427247932795	0.000172880160333	0.000533229756141	0.000360349595808
32	G	0.000119586153616	1.0	1.71715814719	0.000514339044219	0.000394752890603	0.000142965266001	0.000638269767933	0.000495304501932
38	G	9.74113617997e-05	1.0	1.37338260939	0.00047737561096	0.000379964249161	0.000122895864087	0.000614773267609	0.000491877403522
39	G	0.000181411440399	1.0	2.67563484403	0.000732081370881	0.000550669930481	0.000115620529801	0.000492564686336	0.000376944156535
40	A	0.000216135234264	1.0	3.21395741361	0.000840306916527	0.000624171682262	0.00030571792731	0.0010889061587	0.000783188231387
41	A	0.000184338509555	1.0	2.72101316287	0.000809427472812	0.000625088963258	0.000227067245682	0.000939449904547	0.000712382658865
42	A	8.9500988558e-05	1.0	1.25074818568	0.000550845032239	0.000461344043681	2.02303556729e-05	0.000399926355193	0.000379695999521
50	G	0.000100107357687	1.0	1.41517860205	0.000284151313697	0.00018404395601	0.000159713884857	0.000363075059048	0.000203361174192
51	A	0.000126415640112	1.0	1.82303559633	0.000340636847471	0.00021422120736	0.000105830308975	0.000271553487687	0.000165723178711
52	G	9.26120909003e-05	1.0	1.29897956885	0.000286754654402	0.000194142563502	0.000113702726503	0.000387281995679	0.000273579269176
53	T	7.9956151331e-05	1.0	1.10277468594	0.00025934438005	0.000179388228719	5.83032372226e-05	0.000201428479841	0.000143125242618
67	G	9.19362740019e-05	1.0	1.28850238739	0.000239501625845	0.000147565351843	7.91641127191e-05	0.000231833198426	0.000152669085707
68	T	0.000134416462869	1.0	1.94707225782	0.000316746802609	0.000182330339741	0.000139209322073	0.000283099886972	0.000143890564899
69	T	0.000159633958787	1.0	2.33801880168	0.000336128005274	0.000176494046487	0.000184875953814	0.00043530732243	0.000250431368616
70	A	0.000176685222456	1.0	2.60236434262	0.00038777373589	0.000211088513434	0.000154816600475	0.000289976806419	0.000135160205945
71	T	0.000183511596478	1.0	2.70819353912	0.000397065441023	0.000213553844545	0.00019036311308	0.00043803707882	0.00024767396574
72	G	0.000187474634208	1.0	2.76963246663	0.000437356608231	0.000249881974023	0.000205355075879	0.00046318243783	0.000257827361951
73	T	0.000156710219198	1.0	2.29269210108	0.000408371415722	0.000251661196524	0.000166705713664	0.000410850308042	0.000244144594378
74	T	0.000166606563893	1.0	2.44611501697	0.000433625387024	0.000267018823131	9.80698680514e-05	0.000351081501294	0.000253011633242
75	T	0.000204316335913	1.0	3.03072917091	0.000471594723714	0.0002672783878	0.000235044109965	0.000538944351736	0.000303900241772
76	T	0.000271892441719	1.0	4.0783607477	0.000540383830067	0.000268491388349	0.000279835029724	0.000524758318111	0.000244923288387
77	T	0.000314471549243	1.0	4.73846415293	0.000582326738711	0.000267855189468	0.000300798185468	0.000557448820355	0.000256650634887
78	G	0.000312973938076	1.0	4.71524670454	0.000578627176143	0.000265653238067	0.000362781432538	0.000664773077667	0.000301991645129
79	T	0.000307468423852	1.0	4.62989478201	0.000580340835296	0.000272872411444	0.000275342196222	0.000513659630406	0.000238317434184
80	A	0.000245318721903	1.0	3.66638868065	0.000511770459685	0.000266451737782	0.000284281642796	0.000562589797815	0.00027830815502
81	A	0.000174399534933	1.0	2.56692935573	0.000410565751879	0.000236166216946	0.000176332326691	0.000459061950833	0.000282729624142
82	A	0.000115427585298	1.0	1.65268791125	0.0003001052195	0.000184677634202	6.25846353133e-05	0.00021004550699	0.000147460871676
83	T	0.000135060770571	1.0	1.95706095259	0.000320312440008	0.000185251669437	0.000107365793888	0.000231208200677	0.000123842406789
84	G	0.000142838566897	1.0	2.07764003793	0.000324081494971	0.000181242928074	0.000235231882511	0.000519683612358	0.000284451729846
85	G	0.000120167840873	1.0	1.72617603792	0.000302102901925	0.000181935061052	8.59180242925e-05	0.000221352671878	0.000135434647586
86	C	0.000121462518901	1.0	1.74624741621	0.000335873027102	0.000214410508201	3.93536158159e-05	0.000165272421539	0.000125918805723
87	C	0.00010719130124	1.0	1.52500089598	0.000339304604731	0.000232113303491	0.000239115916593	0.000620993987888	0.000381878071294
88	T	0.000134669122502	1.0	1.95098923716	0.000477476061079	0.000342806938577	4.31043713104e-05	0.000231647404766	0.000188543033455
89	C	0.000104632429406	1.0	1.48533073591	0.000570654842201	0.000466022412795	0.000121787079603	0.000579786790585	0.000457999710982
90	G	0.000150553691387	1.0	2.19724752253	0.000707652962629	0.000557099271241	0.000149005837306	0.000900530331253	0.000751524493947
91	T	0.000135487191017	1.0	1.96367174377	0.000722299831384	0.000586812640367	0.000180868157253	0.000642641766048	0.000461773608795
92	C	0.000150269795445	1.0	2.19284628707	0.000635801052553	0.000485531257108	7.65875784927e-05	0.000623727396852	0.00054713981836
93	A	0.000168464957341	1.0	2.47492566882	0.000732029631116	0.000563564673775	0.000193353650589	0.000641033994758	0.000447680344169
94	A	0.000153855729233	1.0	2.24843897658	0.000636623583242	0.00048276785401	0.00023545364294	0.000931327501737	0.000695873858796
95	A	0.000114129412803	1.0	1.63256235827	0.000560945658262	0.000446816245459	3.27598941689e-05	0.000337509253233	0.000304749359064
96	C	7.63177857383e-05	1.0	1.04636914677	0.000443375982829	0.000367058197091	7.41747012995e-05	0.000414000219816	0.000339825518516
97	G	0.000171310710799	1.0	2.51904335134	0.000731709236268	0.000560398525469	0.000122018761746	0.000578618475438	0.000456599713692
98	G	0.00014718038859	1.0	2.14495124879	0.000761608041533	0.000614427652943	0.00031773866935	0.00120250901355	0.0008847703442
99	T	0.000132163667494	1.0	1.91214719751	0.000810382179816	0.000678218512322	1.78373467516e-06	0.000503696635611	0.000501912900936
105	G	-7.20947186371e-05	1.0	-1.25446817022	0.000799707952669	0.000871802671306	-4.47525706316e-05	0.00071143979678	0.000756192367412
106	A	-5.98137144115e-05	1.0	-1.06407590556	0.00091293103594	0.000972744750352	-0.000116807674172	0.000805987337012	0.000922795011184
107	G	-7.98840372988e-05	1.0	-1.3752258862	0.00111019404949	0.00119007808679	-1.7880898431e-05	0.00122136597403	0.00123924687246
149	T	7.73773801659e-05	1.0	1.06279602677	0.0007525410729	0.000675163692734	9.05042631467e-05	0.000839590447488	0.000749086184341
150	G	7.55889031993e-05	1.0	1.03506928931	0.000859749390023	0.000784160486824	8.33322902015e-05	0.000926352915653	0.000843020625451
151	T	0.000121419428936	1.0	1.745579393	0.00102636129708	0.000904941868141	5.29301562498e-05	0.00081330480693	0.00076037465068
152	T	0.000164622295997	1.0	2.41535293501	0.00111304721631	0.000948424920309	0.000227995840357	0.00133942616865	0.00111143032829
153	T	0.000197760956814	1.0	2.92910120552	0.00122664682137	0.00102888586455	0.000212940891383	0.00118641067334	0.000973469781954
154	A	0.000123958242516	1.0	1.78493859019	0.00109512286681	0.00097116462429	0.000152346138703	0.00115410362211	0.00100175748341
167	T	0.000113917467199	1.0	1.62927656806	0.000555709919731	0.000441792452532	7.61289658145e-05	0.000347176611228	0.000271047645413
168	G	8.15235115773e-05	1.0	1.12707345348	0.000719263137398	0.000637739625821	0.000218126829034	0.00103144741572	0.000813320586684
169	A	7.82757727016e-05	1.0	1.07672379573	0.000823226707294	0.000744950934593	-4.96852601164e-05	0.00077916538525	0.000828850645367
174	T	8.40699239322e-05	1.0	1.16655045439	0.000576565767347	0.000492495843414	9.33339995884e-05	0.000712594279331	0.000619260279743
175	A	8.9154944531e-05	1.0	1.24538346918	0.000599764359864	0.000510609415333	8.77164571471e-05	0.000549889575668	0.00046217311852
176	T	8.75379473545e-05	1.0	1.22031518089	0.000488789335909	0.000401251388555	8.64143768575e-05	0.000536809224592	0.000450394847734
177	T	9.06126727216e-05	1.0	1.26798261224	0.000487726642326	0.000397113969604	8.84830080589e-05	0.000379669207469	0.00029118619941
226	T	0.00014560746466	1.0	2.12056622751	0.000654716547738	0.000509109083078	0.000119205024419	0.000642107502665	0.000522902478246
227	T	0.000143588849893	1.0	2.08927166642	0.000613962328115	0.000470373478222	0.000245174661186	0.000811344015437	0.000566169354251
228	A	0.000116349173969	1.0	1.66697528963	0.000474919140968	0.000358569966999	6.63868640732e-05	0.000388435466242	0.000322048602169
232	T	0.000104939427731	1.0	1.49009012735	0.000369170110321	0.00026423068259	5.11388043728e-05	0.00019934513366	0.000148206329287
233	G	0.000147906213393	1.0	2.15620370221	0.000463906727862	0.000316000514469	0.000245933922757	0.00063387386081	0.000387939938053
234	A	0.000157398740884	1.0	2.30336624471	0.000580577355125	0.000423178614241	0.000146645913051	0.000558501189118	0.000411855276067
235	A	8.49757866043e-05	1.0	1.18059403279	0.000604875367044	0.00051989958044	7.96163868457e-05	0.000549357015447	0.000469740628602
281	G	0.00011076980998	1.0	1.58047847507	0.000296238821216	0.000185469011236	8.54083783899e-05	0.000202071014658	0.000116662636268
282	G	0.00011520293699	1.0	1.64920519117	0.000320989858607	0.000205786921618	0.000211087486357	0.000522659147607	0.00031157166125
283	A	9.88210523417e-05	1.0	1.39523702535	0.000375561658434	0.000276740606093	4.91129462229e-05	0.000238239413557	0.000189126467334
299	G	0.000158798474379	1.0	2.32506629668	0.000447349375266	0.000288550900888	5.64921063499e-05	0.00027565166739	0.00021915956104
300	C	0.000209381958028	1.0	3.10926145122	0.000511558373156	0.000302176415128	0.000327792680149	0.000725138163508	0.000397345483359
301	T	0.00027613144696	1.0	4.1440779963	0.000627092093601	0.000350960646642	0.000243861087586	0.000533885288571	0.000290024200985
302	A	0.000242104638114	1.0	3.61656077731	0.000535159740291	0.000293055102177	0.000256740573144	0.000622252828725	0.000365512255581
303	A	0.000202560274707	1.0	3.00350497459	0.000484606332952	0.000282046058245	0.000225712253612	0.000449341103576	0.000223628849964
304	T	0.000138562278693	1.0	2.01134479199	0.000349121190094	0.000210558911401	0.000125227997364	0.000382225066555	0.000256997069191
314	T	7.58658464116e-05	1.0	1.03936273669	0.000511600107644	0.000435734261232	7.12263457877e-05	0.000502417599676	0.000431191253889
315	T	9.93340124654e-05	1.0	1.40318944014	0.000591103258638	0.000491769246173	0.000125161007216	0.000777061786582	0.000651900779365
316	T	0.000100449929917	1.0	1.42048949532	0.000611697228361	0.000511247298444	0.000101614684392	0.000493830389657	0.000392215705265
317	C	9.40813820814e-05	1.0	1.32175797282	0.000485900139039	0.000391818756958	7.45740981421e-05	0.000564199508844	0.000489625410702
318	A	0.000102808317583	1.0	1.45705155168	0.000449465792555	0.000346657474972	0.00010605536371	0.000399670518616	0.000293615154907
319	A	0.000118884851897	1.0	1.70628587485	0.000391623445067	0.00027273859317	0.000127795490897	0.000384527350204	0.000256731859307
320	A	0.000150691234078	1.0	2.19937984526	0.000482127642431	0.000331436408353	0.000122803701084	0.000390672466379	0.000267868765295
321	G	0.000127590053407	1.0	1.84124251189	0.000574439621403	0.000446849567997	0.000201474510254	0.000671183110709	0.000469708600455
322	A	0.000108602368484	1.0	1.54687665493	0.000613315345367	0.000504712976884	5.84919488824e-05	0.000661463287123	0.00060297133824
324	T	7.73920909976e-05	1.0	1.06302408863	0.00063676903039	0.000559376939393	4.86867219336e-05	0.000834910084542	0.000786223362608
325	T	8.81456011106e-05	1.0	1.22973562995	0.00065888020835	0.00057073460724	0.000117648904744	0.000568097368358	0.000450448463614
326	C	0.000145897987817	1.0	2.12507020461	0.000580415302536	0.000434517314719	9.81011766544e-05	0.000573633172151	0.000475531995496
327	A	0.000169081573607	1.0	2.48448506357	0.000565527089179	0.000396445515572	0.000221943882051	0.000599515367098	0.000377571485046
328	A	0.000153835134756	1.0	2.24811970064	0.000495130071588	0.000341294936832	0.000187199662114	0.000523432728288	0.000336233066173
329	A	7.97866818574e-05	1.0	1.10014740268	0.000541147410192	0.000461360728335	5.23618601018e-05	0.000362442119379	0.000310080259277
339	A	-0.000167492846539	1.0	-2.7334242297	0.000764845292135	0.000932338138674	-0.000138045301827	0.00057073664487	0.000708781946697
340	T	-0.00027076546253	1.0	-4.33445838578	0.000663446926724	0.000934212389254	-0.000345743833996	0.000803171419984	0.00114891525398
341	G	-0.00025195581937	1.0	-4.04285270818	0.000579109149852	0.000831064969221	-0.000328507251766	0.000616432715318	0.000944939967084
342	C	-0.000143036144439	1.0	-2.3542722635	0.00052500570174	0.000668041846179	-8.1616372347e-05	0.000317723314253	0.0003993396866
357	G	-6.54940965425e-05	1.0	-1.1521388032	0.000451426564595	0.000516920661137	-6.81754056291e-05	0.000394227667724	0.000462403073354
358	G	-8.36156216733e-05	1.0	-1.43307659505	0.000425406042322	0.000509021663995	-0.000105161799749	0.000613997574019	0.000719159373768
359	T	-6.09118079315e-05	1.0	-1.08109963653	0.000464621645751	0.000525533453682	-7.75096596415e-05	0.000267992885221	0.000345502544863
378	C	-6.15439382479e-05	1.0	-1.09089954543	0.000539740225764	0.000601284164012	-7.47595612175e-05	0.000868992280812	0.000943751842029
379	A	-8.0346305759e-05	1.0	-1.38239242872	0.000561521799892	0.000641868105651	-0.000104209464756	0.000366801770618	0.000471011235374
380	A	-0.000108464116801	1.0	-1.81830252396	0.00049830312477	0.000606767241571	-6.20698913032e-05	0.000448771348246	0.000510841239549
381	G	-0.000157435127267	1.0	-2.57749952563	0.000761694642439	0.000919129769706	-0.000159112994343	0.000679336255445	0.000838449249789
382	T	-0.00018803377929	1.0	-3.05187006954	0.000989245478237	0.00117727925753	-0.000251122496156	0.00115697632363	0.00140809881978
383	G	-0.00018703635115	1.0	-3.03640695276	0.00104349029627	0.00123052664742	-0.00015386584737	0.00113142385564	0.00128528970301
384	T	-0.000113720640206	1.0	-1.89979434474	0.00100126088159	0.00111498152179	-0.000156120709923	0.00084207070955	0.000998191419473
385	A	-7.01906648823e-05	1.0	-1.22494964716	0.000830680304078	0.00090087096896	-3.11753633242e-05	0.00103028807957	0.0010614634429
386	A	-6.1242551666e-05	1.0	-1.08622715278	0.000738230644102	0.000799473195768	-2.32759213999e-05	0.000619682123111	0.000642958044511
387	C	-7.5152378686e-05	1.0	-1.30187103814	0.000655253306444	0.00073040568513	-0.000129276370274	0.000564721729623	0.000693998099897
388	C	-7.33035404266e-05	1.0	-1.27320852026	0.000583827153858	0.000657130694285	-7.29048443841e-05	0.000781356066597	0.000854260910981
393	C	-6.87964584206e-05	1.0	-1.20333528072	0.000635189296234	0.000703985754655	-0.000121466135778	0.000851432211146	0.000972898346925
394	T	-0.000136170426872	1.0	-2.24783312447	0.000817694299598	0.00095386472647	-0.000142892639749	0.000492970444189	0.000635863083937
395	C	-0.000153612895862	1.0	-2.51824351693	0.000851673316347	0.00100528621221	-0.000144152505089	0.00110868024346	0.00125283274855
396	A	-0.000159292466411	1.0	-2.60629383262	0.000901172064796	0.00106046453121	-0.00017379354275	0.000953369261394	0.00112716280414
397	A	-0.000110231930426	1.0	-1.84570891789	0.000741704196121	0.000851936126547	-0.000159931351394	0.000641466689535	0.000801398040929
467	A	-6.70682699334e-05	1.0	-1.17654319484	0.000587828065165	0.000654896335099	-7.71766769043e-05	0.000625121535039	0.000702298211943
468	A	-6.02434673506e-05	1.0	-1.07073836034	0.000690282563672	0.000750526031022	-0.000121735930796	0.000502885377992	0.000624621308787
470	T	9.95785446709e-05	1.0	1.40698042006	0.000737560970749	0.000637982426078	0.00018412047429	0.00057565478294	0.000391534308651
471	C	0.000183263002966	1.0	2.70433959682	0.000615798426319	0.000432535423353	9.64329540749e-05	0.000694187351322	0.000597754397247
472	A	0.000211432412249	1.0	3.14104961899	0.000605541151242	0.000394108738993	0.000269235580533	0.000577553144695	0.000308317564162
473	A	0.000243202023262	1.0	3.63357352642	0.000508494965643	0.000265292942381	0.000268628702139	0.000544882957708	0.00027625425557
474	A	0.000234640382506	1.0	3.50084251005	0.000537436312514	0.000302795930008	0.000191741787115	0.000403048794526	0.00021130700741
475	G	0.000207903177057	1.0	3.08633592715	0.000506413999996	0.000298510822939	0.000243550658264	0.000664377185308	0.000420826527043
476	A	0.000182665251718	1.0	2.69507266622	0.000547952596619	0.000365287344901	0.000188417085793	0.000451816020155	0.000263398934363
477	G	0.000147528671859	1.0	2.15035068023	0.000493750320246	0.000346221648386	0.000116028011097	0.000527664584393	0.000411636573296
478	T	9.3792468802e-05	1.0	1.31727895363	0.000494247522663	0.000400455053861	0.000138140918688	0.000501770356189	0.000363629437501
481	T	-5.94341521424e-05	1.0	-1.05819155614	0.000556561596415	0.000615995748557	-5.64197951121e-05	0.000849748826996	0.000906168622108
482	A	-0.000108776334639	1.0	-1.82314283344	0.00055816911532	0.000666945449958	-9.01790066543e-05	0.000433759452217	0.000523938458872
483	T	-0.000172042404157	1.0	-2.80395596815	0.000465484920222	0.000637527324379	-0.00017973020215	0.000390999066746	0.000570729268895
484	G	-0.000169017413779	1.0	-2.75705957776	0.000477553047829	0.000646570461608	-0.000246218003666	0.000571696241705	0.000817914245371
485	G	-0.000170440039096	1.0	-2.77911452138	0.000622769746901	0.000793209785997	-8.1104035521e-05	0.000469963835036	0.000551067870557
486	T	-0.000153105680843	1.0	-2.51038016842	0.000628888116161	0.000781993797004	-0.0001839980781	0.000826649163964	0.00101064724206
487	A	-0.000216098483266	1.0	-3.48695684657	0.00064631327433	0.000862411757597	-0.000194214928907	0.000590051349484	0.000784266278391
488	T	-0.000182115590446	1.0	-2.96012045721	0.000766623744024	0.00094873933447	-0.000270082442792	0.000522239309543	0.000792321752335
489	G	-0.00014989775337	1.0	-2.46064770639	0.000759482900839	0.00090938065421	-8.20493996379e-05	0.00118758057305	0.00126962997268
490	G	-0.000114640155334	1.0	-1.91404957701	0.000792626281387	0.000907266436721	-9.75614176802e-05	0.00056862881993	0.00066619023761
491	T	-8.40814846462e-05	1.0	-1.44029886326	0.000930891922132	0.00101497340678	-0.000164309648685	0.000621669451185	0.00078597909987
492	G	-9.22229899081e-05	1.0	-1.56651652397	0.000910606704091	0.001002829694	9.62661242651e-06	0.00160237749528	0.00159275088285
493	A	-6.03335775286e-05	1.0	-1.07213533737	0.000807732907481	0.00086806648501	-0.000121985933466	0.000507773165809	0.000629759099275
494	C	-6.67440735657e-05	1.0	-1.17151718235	0.00038543071299	0.000452174786556	-6.86414115464e-05	0.000313048061354	0.000381689472901
533	G	-8.34845092924e-05	1.0	-1.43104396134	0.000574668475922	0.000658152985214	-7.93294079448e-05	0.000919260581206	0.000998589989151
534	A	-9.57427977887e-05	1.0	-1.62108406432	0.000768265575522	0.000864008373311	-0.000130734590052	0.000394514116022	0.000525248706074
535	G	-0.000109773083108	1.0	-1.8385954133	0.000693275147367	0.000803048230476	-7.71643953693e-05	0.000991022029338	0.00106818642471
536	A	-7.11111698366e-05	1.0	-1.23922022468	0.000732863096994	0.00080397426683	-0.000121420263904	0.000694289296743	0.000815709560647
537	G	-5.86630297992e-05	1.0	-1.04623685549	0.000689676097852	0.000748339127651	-1.47488502364e-05	0.000513277964901	0.000528026815138
540	T	-6.12027777203e-05	1.0	-1.08561053776	0.000628135917069	0.000689338694789	-4.80903089768e-05	0.000614979222286	0.000663069531263
541	T	-5.85581616707e-05	1.0	-1.04461108612	0.000664048404769	0.00072260656644	-8.33527690269e-05	0.000869813642538	0.000953166411565
542	T	-5.98880554679e-05	1.0	-1.06522841408	0.0005648618301	0.000624749885568	-4.42314070083e-05	0.000507352349484	0.000551583756492
699	G	0.000100642113045	1.0	1.4234689081	0.000820841693877	0.000720199580832	5.49297403931e-05	0.000684488976341	0.000629559235948
700	T	0.000114188524697	1.0	1.63347876928	0.000908314162018	0.000794125637321	0.000263043941456	0.00154545118204	0.00128240724058
701	T	7.65937172034e-05	1.0	1.05064690905	0.000775595171804	0.0006990014546	2.45918922426e-05	0.000495002327674	0.000470410435432
702	A	-5.65636769396e-05	1.0	-1.0136906127	0.000362147572433	0.000418711249373	-5.78546820878e-05	0.000286332005696	0.000344186687784
703	T	-9.75302297721e-05	1.0	-1.64879460142	0.000342846076327	0.0004403763061	-0.000136428240973	0.00030510838393	0.000441536624903
704	C	-0.00013135605416	1.0	-2.17319596072	0.000322891596373	0.000454247650534	-9.83077662552e-05	0.000437097839356	0.000535405605612
705	T	-0.000126753193986	1.0	-2.10183787335	0.000325914522756	0.000452667716742	-0.000159332155253	0.000226468565833	0.000385800721086
706	G	-0.00012819381938	1.0	-2.12417187196	0.000306237092836	0.000434430912216	-0.000122619660451	0.000314177163077	0.000436796823528
707	G	-0.000114811174412	1.0	-1.91670088377	0.00031960453585	0.000434415710263	-0.000102629642437	0.000378065549596	0.000480695192033
708	T	-8.8073021874e-05	1.0	-1.50217961815	0.000295643757322	0.000383716779196	-0.000119184220349	0.000266570894877	0.000385755115226
719	A	0.000134131022711	1.0	1.9426470824	0.000609770181894	0.000475639159183	0.000124306997378	0.000446248040258	0.00032194104288
720	G	0.000166517429076	1.0	2.44473316094	0.000683543916859	0.000517026487784	0.00021696412098	0.000878989199738	0.000662025078758
721	T	0.000159955976871	1.0	2.34301104427	0.000766971298914	0.000607015322042	0.000158281168869	0.000725394510582	0.000567113341713
722	A	0.000127485241788	1.0	1.8396176186	0.00077406315994	0.000646577918152	0.000104622640765	0.00069653018642	0.000591907545655
723	G	0.000124790953799	1.0	1.79784810347	0.000735808936677	0.000611017982877	0.00011955191573	0.000900264782817	0.000780712867087
724	T	0.00013926478331	1.0	2.02223571284	0.000857296271127	0.000718031487817	0.000150198304903	0.000610631840793	0.00046043353589
725	C	0.000115038145355	1.0	1.64665042838	0.00079335496554	0.000678316820185	0.000148044129298	0.00106099218977	0.000912948060474
726	A	8.71118849409e-05	1.0	1.21370994028	0.000931456396197	0.000844344511256	4.68720018632e-05	0.000708440866055	0.000661568864192
728	A	8.27209005243e-05	1.0	1.1456365603	0.000725002261817	0.000642281361293	5.64136274075e-05	0.000441245287947	0.00038483166054
730	G	7.59434082751e-05	1.0	1.04056517735	0.000567463101458	0.000491519693182	2.25978606967e-05	0.000423880787433	0.000401282926736
733	T	7.70112147674e-05	1.0	1.05711936889	0.000508550693901	0.000431539479133	8.65278477816e-05	0.000503530672898	0.000417002825116
734	G	7.76626597346e-05	1.0	1.06721871259	0.000506452178609	0.000428789518875	0.000112024767192	0.000648389367942	0.00053636460075
735	T	8.77485029582e-05	1.0	1.22357942195	0.00055473138256	0.000466982879602	3.44353642305e-05	0.000367436494988	0.000333001130757
736	C	0.000109662465775	1.0	1.56331133082	0.000519943079596	0.000410280613821	0.000116785377452	0.000648368284751	0.000531582907299
737	T	0.000152263928229	1.0	2.22376130426	0.000669781922086	0.000517517993857	0.000177766655641	0.000544024459048	0.000366257803407
738	C	0.00019733476505	1.0	2.92249395958	0.000729184003224	0.000531849238175	0.000162239751593	0.000816953022458	0.000654713270864
739	A	0.000233827656021	1.0	3.48824282088	0.000848656725171	0.00061482906915	0.000251997887915	0.000826574528168	0.000574576640253
740	A	0.000217133020978	1.0	3.22942608934	0.000824191485384	0.000607058464407	0.000287245328556	0.000902442624889	0.000615197296333
741	A	0.000235384743746	1.0	3.51238233363	0.000945297265143	0.000709912521397	0.000112155846462	0.000743557303096	0.000631401456634
742	G	0.000198003486698	1.0	2.93286114346	0.000863401686424	0.000665398199726	0.00030675305622	0.00118989186744	0.000883138811224
743	A	0.000218539869852	1.0	3.25123645096	0.000886573750705	0.000668033880853	0.000175101557411	0.000656755888731	0.00048165433132
744	T	0.00019864940659	1.0	2.94287483198	0.000810837105102	0.000612187698513	0.000173764995925	0.000813073495941	0.000639308500016
745	T	0.000195191148373	1.0	2.88926149536	0.00083302286754	0.000637831719166	0.000247081666434	0.000962681930635	0.000715600264201
746	A	0.000182633325512	1.0	2.69457771463	0.000734479924308	0.000551846598795	0.000164726782762	0.000723313176043	0.000558586393281
747	A	0.000112541039852	1.0	1.60793783102	0.00051613407327	0.000403593033419	0.000136091527342	0.000517444666245	0.000381353138903
755	A	7.91440656166e-05	1.0	1.09018493062	0.000423409527073	0.000344265461457	0.000115435367105	0.000337691949498	0.000222256582393
756	T	9.836761948e-05	1.0	1.38820746101	0.000417898991492	0.000319531372012	8.54403492692e-05	0.000397642196762	0.000312201847493
757	G	7.67229849782e-05	1.0	1.05265094585	0.000403096840909	0.000326373855931	9.42271420657e-05	0.000518362828216	0.00042413568615
759	C	8.38008003896e-05	1.0	1.16237823527	0.000429493814669	0.00034569301428	3.31044181111e-05	0.000365347177931	0.00033224275982
760	T	0.000139001534016	1.0	2.01815456211	0.000534682854568	0.000395681320552	0.000167796519458	0.000629848768328	0.00046205224887
761	A	0.00019043631523	1.0	2.81554737283	0.000633073532135	0.000442637216905	0.000216103664478	0.000608852617445	0.000392748952967
762	A	0.000170101689378	1.0	2.50029990642	0.000612328247543	0.000442226558165	0.000187408761753	0.000660519210633	0.000473110448879
763	G	0.000117147510224	1.0	1.67935188724	0.000600920789668	0.000483773279444	0.000106792641902	0.000567612914552	0.000460820272651
764	T	7.39780877694e-05	1.0	1.01009683657	0.000499738294731	0.000425760206962	5.72411270168e-05	0.000574630243819	0.000517389116802
766	T	7.8726189518e-05	1.0	1.08370660236	0.000404197308502	0.000325471118984	7.45243698905e-05	0.00049680393152	0.00042227956163
767	A	9.86946933093e-05	1.0	1.39327808275	0.000399821279883	0.000301126586574	0.000103753704274	0.000358816268166	0.000255062563892
768	A	0.000105679928964	1.0	1.50157010928	0.000339266615783	0.000233586686819	0.000117806005764	0.000343843639965	0.000226037634201
769	G	0.000106299255874	1.0	1.51117152712	0.000390890658162	0.000284591402288	9.54800768539e-05	0.000315139939218	0.000219659862364
770	C	0.000130699386623	1.0	1.88944646832	0.000499624039098	0.000368924652475	0.000105611685005	0.000513688395303	0.000408076710298
771	A	0.000136380594537	1.0	1.97752216808	0.00055730481566	0.000420924221123	0.000191006398009	0.000670043782773	0.000479037384764
772	A	0.00013672509772	1.0	1.98286299688	0.000616674337461	0.000479949239741	0.000112523700597	0.000488182268903	0.000375658568306
773	T	0.000112832048838	1.0	1.61244933993	0.000561736838403	0.000448904789565	0.000106645194553	0.000691796960705	0.000585151766153
774	T	0.000101488507401	1.0	1.43659054989	0.000612417428398	0.000510928920997	0.000119327251365	0.0005052312856	0.000385904034236
775	T	9.62625964383e-05	1.0	1.35557331345	0.000499568142083	0.000403305545645	7.84930762859e-05	0.000640224038887	0.000561730962601
780	A	0.00011526690453	1.0	1.6501968792	0.000548518555515	0.000433251650985	0.000150267436347	0.000464197627786	0.000313930191439
781	G	0.000159429246923	1.0	2.33484515605	0.000523480887586	0.000364051640663	0.000160189134063	0.000612875307073	0.00045268617301
782	T	0.000175478746736	1.0	2.58366036366	0.000550122520394	0.000374643773658	0.00016783117036	0.0004933697279	0.00032553855754
783	G	0.000174494156889	1.0	2.56839627879	0.000503141131852	0.000328646974963	0.000198415935784	0.000544122526208	0.000345706590424
784	A	0.000159381556095	1.0	2.3341058057	0.000504166683499	0.000344785127404	0.000157235364522	0.000471931141448	0.000314695776927
785	A	0.000101244555468	1.0	1.43280856593	0.000397420157827	0.000296175602359	0.00012249336798	0.000496446382841	0.000373953014862
801	T	9.68474625465e-05	1.0	1.36464048587	0.000416587749164	0.000319740286617	0.000103285453628	0.000440572020807	0.000337286567179
802	T	0.000101536200086	1.0	1.43732992903	0.000441172063211	0.000339635863125	0.00012936671962	0.000477668210213	0.000348301490593
803	A	8.53076680848e-05	1.0	1.18573918749	0.000427685154446	0.000342377486361	7.19564270109e-05	0.000405275958613	0.000333319531602
842	G	7.6701659269e-05	1.0	1.05232033362	0.000309170988128	0.000232469328859	9.07639810899e-05	0.000292399798473	0.000201635817383
843	G	9.40861868548e-05	1.0	1.32183246117	0.000338665936456	0.000244579749601	6.10284599722e-05	0.000330892272209	0.000269863812237
844	T	8.56634461671e-05	1.0	1.19125481094	0.000301803069455	0.000216139623288	0.000130466119502	0.000392705738684	0.000262239619182
845	A	0.00010256573689	1.0	1.45329082605	0.000309436104065	0.000206870367175	6.54957590266e-05	0.000181811197473	0.000116315438446
846	T	0.00011421175751	1.0	1.6338389473	0.000313308251678	0.000199096494168	0.000111735332142	0.000353791376038	0.000242056043896
847	A	0.000111593535914	1.0	1.59324868858	0.000320378766669	0.000208785230755	0.00016540418136	0.000404322181524	0.000238918000163
848	A	7.89275924054e-05	1.0	1.08682894897	0.00025967757919	0.000180749986784	5.76410942408e-05	0.000203022742446	0.000145381648205
860	C	8.16305572662e-05	1.0	1.12873298154	0.000325399928941	0.000243769371675	5.84287927948e-05	0.000314188029998	0.000255759237203
861	T	7.46912720237e-05	1.0	1.02115332371	0.000304368714484	0.00022967744246	0.00012230276309	0.000394367518058	0.000272064754968
862	A	8.70827691636e-05	1.0	1.21325855873	0.000308013526194	0.00022093075703	4.33422601861e-05	0.000204550595395	0.000161208335209
877	T	7.75907556542e-05	1.0	1.06610398447	0.000396398070083	0.000318807314429	9.27881021683e-05	0.000456005940378	0.000363217838209
878	T	9.95176543868e-05	1.0	1.4060364387	0.000446341165768	0.000346823511381	0.000106614817886	0.000423095342857	0.000316480524971
879	A	9.31040211514e-05	1.0	1.30660595777	0.000425996859661	0.00033289283851	9.91500431058e-05	0.000459922214069	0.000360772170964
880	A	7.98590192591e-05	1.0	1.10126884857	0.000415828851967	0.000335969832708	7.35472024619e-05	0.000394973022057	0.000321425819595
1300	T	7.72626393281e-05	1.0	1.06101720091	0.000555763377022	0.000478500737694	6.1608590071e-05	0.000755450929471	0.0006938423394
1302	T	8.5016331009e-05	1.0	1.18122259222	0.000498194030691	0.000413177699682	6.97696045559e-05	0.000504983244421	0.000435213639865
1303	T	0.000104709178453	1.0	1.48652057549	0.000504879438638	0.000400170260185	0.000111879156157	0.000515070205256	0.000403191049099
1304	A	0.000124828466026	1.0	1.79842965508	0.000499722655432	0.000374894189405	0.000132478774648	0.000494584866238	0.00036210609159
1305	A	0.000113871394328	1.0	1.62856230088	0.000477161885	0.000363290490672	0.000130127467274	0.000489512894801	0.000359385427527
1306	A	0.000105111507079	1.0	1.49275787146	0.00051145619324	0.000406344686161	7.9007941062e-05	0.000447387893959	0.000368379952897
1307	G	9.57108466952e-05	1.0	1.34701954364	0.000522596573378	0.000426885726682	0.000106199112901	0.000597467790958	0.000491268678057
1308	T	9.90845328868e-05	1.0	1.39932176115	0.000552183841399	0.000453099308512	0.000101925486123	0.000522934035215	0.000421008549092
1309	T	8.39125044501e-05	1.0	1.16410998201	0.000599118786572	0.000515206282122	8.91289996367e-05	0.000536149698022	0.000447020698386
1339	T	-7.84963086741e-05	1.0	-1.35371194558	0.000415455076662	0.000493951385336	-4.53935952142e-05	0.000487768162374	0.000533161757588
1340	T	-0.000102349810137	1.0	-1.72351249936	0.000317373997347	0.000419723807484	-0.000172819063945	0.000288782818182	0.000461601882127
1341	G	-8.72080286834e-05	1.0	-1.48876963885	0.000199472480802	0.000286680509485	-8.88367712508e-05	0.000175571011487	0.000264407782738
2344	C	9.39119881249e-05	1.0	1.3191318603	0.000496766792503	0.000402854804378	0.000196556333331	0.000645085080858	0.000448528747527
2345	G	0.000125530998573	1.0	1.80932100893	0.00049236233338	0.000366831334807	7.04131009341e-05	0.000369156427548	0.000298743326614
2346	C	0.00010847791815	1.0	1.54494730286	0.000451037648428	0.000342559730278	0.000109623561455	0.000462845491734	0.000353221930279
2347	T	0.000101011881996	1.0	1.42920143181	0.00043979299162	0.000338781109624	0.00014539709206	0.000521111026	0.00037571393394
2348	A	9.05462411737e-05	1.0	1.26695272473	0.00041256996159	0.000322023720416	4.80149924713e-05	0.000335422457124	0.000287407464653
2349	G	8.53733295271e-05	1.0	1.18675713607	0.000425977114971	0.000340603785444	7.82266389895e-05	0.000381176401644	0.000302949762655
2350	T	9.06729404397e-05	1.0	1.26891694197	0.000471508667525	0.000380835727085	0.00012987835712	0.000561332486146	0.000431454129026
2351	A	7.78803862318e-05	1.0	1.07059412392	0.000472174349687	0.000394293963456	6.39138252091e-05	0.000472017114785	0.000408103289576
2354	G	8.2889361265e-05	1.0	1.14824820519	0.000536543195036	0.000453653833771	0.000113818334109	0.00072114886647	0.000607330532361
2355	A	0.000107730846117	1.0	1.53336545389	0.00061538301623	0.000507652170113	9.98999413294e-05	0.000581018035501	0.000481118094171
2356	T	0.000101404875616	1.0	1.43529400731	0.000541398205839	0.000439993330222	0.000109474262913	0.000543982146719	0.000434507883807
2357	T	9.73126403461e-05	1.0	1.37185213185	0.000492764085966	0.00039545144562	9.4840422607e-05	0.000499194435296	0.000404354012689
2443	T	9.72650142383e-05	1.0	1.37111378486	0.000351992210502	0.000254727196263	0.000138795652673	0.000375989991534	0.00023719433886
2444	A	0.000159142099637	1.0	2.33039351504	0.000391591999282	0.000232449899645	0.000115528491466	0.000271520436267	0.000155991944801
2445	G	0.000171584585423	1.0	2.52328922643	0.00043140189297	0.000259817307548	0.000223102154771	0.000527265570046	0.000304163415275
2446	A	0.000157580848834	1.0	2.30618946213	0.000408686369339	0.000251105520505	0.00017612311003	0.000495419672597	0.000319296562567
2447	G	0.000130364869306	1.0	1.88426045028	0.000380149145879	0.000249784276573	7.35172817021e-05	0.000203373865375	0.000129856583673
2448	G	0.000111013667088	1.0	1.58425898895	0.00037324642028	0.000262232753192	0.000141454216186	0.000441653899665	0.000300199683479
2449	A	0.000101613957567	1.0	1.43853540235	0.000393997721689	0.000292383764122	0.000118069503376	0.0004747114958	0.000356641992424
2452	T	0.000111343357117	1.0	1.58937016961	0.000552872491861	0.000441529134744	5.14692874199e-05	0.000489596888812	0.000438127601392
2453	A	0.000243463507131	1.0	3.63762730777	0.000626637049944	0.000383173542813	0.00024008407583	0.00052205673329	0.000281972657461
2454	A	0.000372732488375	1.0	5.64168280988	0.000745115496272	0.000372383007897	0.000438837158143	0.00086825752773	0.000429420369587
2455	A	0.000418372039794	1.0	6.34923224096	0.00081205768068	0.000393685640886	0.000439276231151	0.000845032227795	0.000405755996643
2456	A	0.000346538636273	1.0	5.23559982755	0.000825809117272	0.000479270480999	0.000377002730087	0.000722883286516	0.000345880556429
2457	G	0.000276566359568	1.0	4.15082044137	0.000722759719698	0.00044619336013	0.000223336947581	0.000909511837506	0.000686174889925
2458	T	0.000247419603925	1.0	3.69895863002	0.000718411198871	0.000470991594946	0.000229359401036	0.000535884035072	0.000306524634036
2459	C	0.000276427312784	1.0	4.14866480071	0.000731870284186	0.000455442971402	0.000289562463157	0.000709837724034	0.000420275260878
2460	G	0.000302338743037	1.0	4.55036940041	0.00093615787548	0.000633819132443	0.000310360074159	0.000949889093452	0.000639529019293
2461	T	0.00027829844971	1.0	4.17767301455	0.00103622401696	0.00075792556725	0.000307093691794	0.00114874680895	0.000841653117159
2462	A	0.00021664244392	1.0	3.22182067896	0.00094917489943	0.00073253245551	0.000217441583176	0.00101003614847	0.000792594565298
2463	A	0.000127237295994	1.0	1.83577371786	0.000947484772906	0.000820247476912	0.00012539205679	0.000688741740864	0.000563349684074
2572	A	0.000106319115662	1.0	1.51147941317	0.000585285702421	0.00047896658676	5.8054644373e-05	0.00037185676292	0.000313802118547
2573	G	0.00011814249827	1.0	1.69477717526	0.000649312534649	0.00053117003638	0.000189162377033	0.00104144547856	0.000852283101523
2574	A	0.000119203768055	1.0	1.71123002832	0.0008065997968	0.000687396028745	0.000107210473403	0.000534635362471	0.000427424889068
2575	C	8.15305289561e-05	1.0	1.12718224382	0.000574909726889	0.000493379197933	6.12384537304e-05	0.000843718549373	0.000782480095643
2735	T	0.000133018090264	1.0	1.92539330371	0.00060197293318	0.000468954842916	0.000106522098047	0.000461264714666	0.000354742616619
2736	T	0.000128542663984	1.0	1.85601082251	0.000500613045122	0.000372070381138	0.000231798510796	0.000723504359168	0.000491705848372
2737	G	0.000123842574113	1.0	1.7831453843	0.00052707643293	0.000403233858817	4.73073831085e-05	0.000317070061532	0.000269762678424
2778	G	7.99230044101e-05	1.0	1.10226080962	0.000298923888402	0.000219000883992	8.43841405265e-05	0.000307888534306	0.000223504393779
2779	T	9.84973364786e-05	1.0	1.39021846211	0.000378330306874	0.000279832970395	0.000109448913088	0.000386391326561	0.000276942413473
2780	A	9.54113979235e-05	1.0	1.34237719284	0.000384115683931	0.000288704286008	0.000101658955821	0.000440711059754	0.000339052103933
2781	A	7.42910582738e-05	1.0	1.01494881463	0.000453016464295	0.000378725406021	7.51263248613e-05	0.000325244665478	0.000250118340617
2851	T	8.08942865783e-05	1.0	1.11731858569	0.000300116683381	0.000219222396803	6.1453565631e-05	0.000266387973757	0.000204934408126
2852	A	7.68024250508e-05	1.0	1.05388250436	0.000270520714867	0.000193718289816	0.000103460577125	0.000304443854414	0.000200983277289
2853	A	8.26721900079e-05	1.0	1.14488140174	0.000295900281074	0.000213228091066	6.54931323964e-05	0.000240730316429	0.000175237184033
2854	A	8.3819684087e-05	1.0	1.16267098901	0.000313675486016	0.000229855801929	7.90628605023e-05	0.000342526672377	0.000263463811875
2855	A	8.4210085334e-05	1.0	1.16872337496	0.000417502164221	0.000333292078888	0.000106903059362	0.000357769469243	0.000250866409881
2856	T	9.05546975901e-05	1.0	1.26708382446	0.000429828103533	0.000339273405943	6.66643361375e-05	0.000552210351044	0.000485546014907
2857	A	8.6007872166e-05	1.0	1.19659444316	0.000455706550378	0.000369698678212	9.80966972708e-05	0.000379504490313	0.000281407793042
2858	T	9.912965704e-05	1.0	1.40002132037	0.000414181702424	0.000315052045384	9.32625830897e-05	0.000435404809776	0.000342142226686
2859	T	9.31160636015e-05	1.0	1.30679265173	0.000429842319409	0.000336726255808	0.000106029690759	0.000427635807182	0.000321606116423
2860	A	7.97108358976e-05	1.0	1.09897156365	0.000374066657549	0.000294355821651	8.00559169554e-05	0.000426486341269	0.000346430424314
2861	A	7.40433601329e-05	1.0	1.01110875325	0.000344196612131	0.000270153251998	5.30468999781e-05	0.000268077824196	0.000215030924218
2892	G	7.80577793612e-05	1.0	1.07334424753	0.000342668607504	0.000264610828142	2.60632473798e-05	0.000155148788839	0.000129085541459
2893	C	9.10209341669e-05	1.0	1.27431188465	0.000417676001314	0.000326655067147	9.39617890551e-05	0.00047845968749	0.000384497898435
2894	A	8.83951556907e-05	1.0	1.23360447169	0.000432630802375	0.000344235646684	0.000153037766066	0.000619419527614	0.000466381761548
2907	G	7.64052477062e-05	1.0	1.04772506864	0.000336259692771	0.000259854445065	7.17080729191e-05	0.000279702607816	0.000207994534897
2908	C	0.000102405073411	1.0	1.45080006201	0.000364600707856	0.000262195634445	0.000125655805231	0.00040041094102	0.00027475513579
2909	A	9.5297509511e-05	1.0	1.34061158212	0.000384615398954	0.000289317889443	0.000109851342084	0.000413688574732	0.000303837232649
2910	G	8.21587651327e-05	1.0	1.13692178191	0.00038422948466	0.000302070719528	5.03853812184e-05	0.00033974668111	0.000289361299891
2912	G	7.92339913946e-05	1.0	1.09157904891	0.000379926849347	0.000300692857952	7.62805189271e-05	0.000356495871075	0.000280215352148
2925	T	0.000103260726938	1.0	1.46406524861	0.000375907846656	0.000272647119718	0.000101130389274	0.00035084464316	0.000249714253886
2926	A	9.13190393076e-05	1.0	1.27893340515	0.000369413444793	0.000278094405485	0.000118447020414	0.000454356517575	0.000335909497161
2927	A	7.81852601075e-05	1.0	1.07532058005	0.000380455567341	0.000302270307234	5.43797082351e-05	0.000303039173643	0.000248659465408
3231	T	9.84608739068e-05	1.0	1.38965318329	0.000344641223506	0.000246180349599	0.00011843166541	0.000435093251939	0.000316661586529
3232	A	9.72501471977e-05	1.0	1.3708833013	0.000356429205382	0.000259179058184	0.00010123796651	0.000286931598955	0.000185693632445
3235	C	0.000119319204738	1.0	1.71301964186	0.000344749929507	0.000225430724769	8.46544043762e-07	0.000150566898959	0.000149720354916
3236	G	0.00013654034594	1.0	1.9799987922	0.00036002501588	0.000223484669941	0.000355836876938	0.000622109936524	0.000266273059585
3238	A	-7.0866689355e-05	1.0	-1.23543004664	0.000294899210484	0.000365765899839	-0.000248918526963	0.000195502459564	0.000444420986527
3239	C	-7.20080875735e-05	1.0	-1.25312512986	0.000276597119974	0.000348605207548	-1.66191579397e-05	0.00038179695973	0.00039841611767
3246	C	9.15728292023e-05	1.0	1.28286790692	0.00037988603797	0.000288313208768	5.60689906909e-05	0.000345959529735	0.000289890539044
3247	T	0.00011971269292	1.0	1.71911988453	0.000417246842166	0.000297534149247	0.000187393099717	0.000531754555921	0.000344361456204
3248	T	0.00012789970246	1.0	1.84604299753	0.000451875565643	0.000323975863184	0.000115675988351	0.000374026440843	0.000258350452492
3249	A	7.39526967639e-05	1.0	1.00970320011	0.000372856885889	0.000298904189125	8.06300193113e-05	0.000449845700167	0.000369215680855
3273	G	8.19471103664e-05	1.0	1.13364050055	0.000258934474376	0.000176987364009	0.000115927031783	0.000352404578961	0.000236477547178
3274	A	8.66240964482e-05	1.0	1.20614776099	0.000308938195711	0.000222314099263	6.78704705239e-05	0.000220919036942	0.000153048566418
3275	G	7.55287319293e-05	1.0	1.03413645482	0.000281068529824	0.000205539797894	7.60747870376e-05	0.000353490971231	0.000277416184193
3671	G	0.000109163922565	1.0	1.55558242128	0.000389436265411	0.000280272342845	0.000139265352602	0.000377648829524	0.000238383476921
3672	G	0.000166257921336	1.0	2.44071001549	0.000526739565997	0.000360481644661	0.000189676422091	0.000548177039284	0.000358500617193
3673	A	0.000180767401781	1.0	2.66565032089	0.000570855906848	0.000390088505067	0.000169831989316	0.000654392829183	0.000484560839867
3674	A	0.000176604303908	1.0	2.60110986332	0.00055623872023	0.000379634416322	0.000182793793937	0.000509997852077	0.00032720405814
3675	G	0.000166764330566	1.0	2.44856087185	0.000493772136609	0.000327007806043	0.000177187128472	0.00050432547943	0.000327138350958
3676	G	0.000106557838257	1.0	1.51518032677	0.00042505795622	0.000318500117963	0.000140312069289	0.00046699307832	0.000326681009031
3687	A	0.00012900925932	1.0	1.86324444454	0.000975761630637	0.000846752371317	3.38234192746e-06	0.00058289331868	0.000579510976752
3688	G	0.00010000473411	1.0	1.41358762994	0.00113667175077	0.00103666701666	0.000288906775257	0.00151588169947	0.00122697492421
3689	A	0.000107612310527	1.0	1.53152779802	0.00153990404159	0.00143229173106	7.72508514664e-06	0.00131124023416	0.00130351514901
3693	G	-0.00011995385523	1.0	-1.99642780426	0.000990417376786	0.00111037123202	-9.28923384469e-05	0.00106064394703	0.00115353628547
3694	G	-0.000197045414761	1.0	-3.1915773487	0.00108946108944	0.0012865065042	-0.000207147265573	0.0010410526173	0.00124819988287
3695	T	-0.00025470012543	1.0	-4.08539765289	0.00110369638958	0.00135839651501	-0.000291096640263	0.00116668670399	0.00145778334425
3696	G	-0.000262076993472	1.0	-4.19976115175	0.00108297658704	0.00134505358051	-0.000265856470452	0.00110334984746	0.00136920631791
3697	T	-0.000251366959682	1.0	-4.03372362334	0.000986656754058	0.00123802371374	-0.000229277869702	0.00097889320966	0.00120817107936
3698	T	-0.00027455067102	1.0	-4.39314042867	0.00090553579292	0.00118008646394	-0.000258966538891	0.000877727205052	0.00113669374394
3699	T	-0.000282294383863	1.0	-4.51319111817	0.000837210079905	0.00111950446377	-0.000335407604467	0.000859986964047	0.00119539456851
3700	T	-0.000248884889318	1.0	-3.99524411557	0.000778759192493	0.00102764408181	-0.000252509008231	0.000773916070615	0.00102642507885
3701	G	-0.000177817960658	1.0	-2.89349435294	0.00065267352438	0.000830491485038	-0.000158738055256	0.000702374542817	0.000861112598074
3702	T	-7.99279485697e-05	1.0	-1.37590664211	0.000664510222992	0.000744438171561	-0.000122206818486	0.000481729959706	0.000603936778192
3704	C	-5.66326182057e-05	1.0	-1.01475940834	0.000549380008451	0.000606012626657	-5.07928090653e-05	0.000443942259473	0.000494735068538
3705	C	-0.000123819236573	1.0	-2.05635276594	0.000443985518485	0.000567804755058	-0.000160266073585	0.000394771599429	0.000555037673014
3706	C	-0.000148018349815	1.0	-2.43151133508	0.000408880538283	0.000556898888098	-0.000160398827068	0.000493242696555	0.000653641523623
3707	T	-0.00014748967394	1.0	-2.42331527919	0.000422915528129	0.00057040520207	-0.000123390148791	0.000338627318866	0.000462017467657
3708	C	-0.000126384447902	1.0	-2.09612120713	0.000409834420745	0.000536218868648	-0.000158680045962	0.000436876568967	0.000595556614928
3709	T	-0.000118246333708	1.0	-1.9699561181	0.000396432007186	0.000514678340894	-9.70831489543e-05	0.000453999374403	0.000551082523358
3710	G	-9.65255004893e-05	1.0	-1.63321829512	0.000401976257959	0.000498501758448	-9.89758062083e-05	0.000298420078189	0.000397395884397
3711	C	-7.79173759833e-05	1.0	-1.34473675886	0.000347414930484	0.000425332306468	-9.35175463053e-05	0.000453509321284	0.00054702686759
3722	T	8.63041651845e-05	1.0	1.20118787036	0.000468580555337	0.000382276390152	8.74750175456e-05	0.000523542030279	0.000436067012733
3723	A	9.2986609715e-05	1.0	1.30478572965	0.000464603094694	0.000371616484979	9.65853435597e-05	0.000445389831174	0.000348804487615
3724	G	7.87821373535e-05	1.0	1.084573961	0.00039855905581	0.000319776918457	9.48994680398e-05	0.000424877422629	0.000329977954589
3725	G	8.46107669665e-05	1.0	1.17493513762	0.000453621448335	0.000369010681369	4.48616004609e-05	0.000325409913627	0.000280548313166
3726	G	9.47488508153e-05	1.0	1.33210573278	0.000519626998623	0.000424878147808	0.000114071232399	0.000610577008749	0.000496505776351
3727	G	0.000105836263478	1.0	1.50399376143	0.000647080207092	0.000541243943614	0.000125313719586	0.000622894073492	0.000497580353906
3728	A	9.72324290203e-05	1.0	1.37060861661	0.000676216535199	0.000578984106179	7.81238384493e-05	0.000707769539033	0.000629645700584
3729	A	7.5858062011e-05	1.0	1.03924205521	0.00069310885169	0.000617250789679	8.82597290255e-05	0.000697985993073	0.000609726264047
3730	T	9.14775862922e-05	1.0	1.2813913572	0.000772544932018	0.000681067345726	6.11906185581e-05	0.000673571022966	0.000612380404407
3736	A	0.000129659700453	1.0	1.87332822581	0.000923641071925	0.000793981371472	0.000115218352196	0.000746725554302	0.000631507202106
3737	T	0.000113892424145	1.0	1.62888832588	0.000858072346192	0.000744179922047	0.000192001165448	0.00124618442699	0.00105418326154
3738	T	7.91013769754e-05	1.0	1.08952312912	0.000758138676188	0.000679037299212	3.44577547902e-05	0.000581307057283	0.000546849302493
3744	G	0.000185402263439	1.0	2.73750452687	0.000810963807754	0.000625561544316	0.000164762718472	0.000636548035413	0.000471785316941
3745	G	0.000311667216063	1.0	4.69498860848	0.00106312484635	0.000751457630289	0.000373407277903	0.00127301910313	0.000899611825231
3746	G	0.000270511477622	1.0	4.05695167748	0.000945069787705	0.000674558310084	0.000396831651815	0.00127980740051	0.000882975748696
3747	C	0.000157942598478	1.0	2.31179766261	0.000658623033547	0.000500680435069	4.12955031473e-05	0.000282382859472	0.000241087356325
3754	C	-7.26507678739e-05	1.0	-1.26308859502	0.000531496399504	0.000604147167378	-6.2394967086e-05	0.000544919788894	0.00060731475598
3755	A	-9.65876800681e-05	1.0	-1.6341822644	0.000598457500757	0.000695045180825	-0.000135947400384	0.000657858911789	0.000793806312173
3756	G	-0.000114992161991	1.0	-1.91950673207	0.000574775032847	0.000689767194837	-9.14206727347e-05	0.000592593801589	0.000684014474323
3757	T	-8.63340238253e-05	1.0	-1.47521995177	0.00056564323847	0.000651977262295	-0.000117608412853	0.000473872385162	0.000591480798015
3758	T	-9.10476323046e-05	1.0	-1.54829496881	0.000562204397752	0.000653252030056	-4.9972985888e-05	0.00063046352866	0.000680436514548
3759	T	-0.000107646649267	1.0	-1.80562933436	0.000543456554461	0.000651103203728	-0.000105561498173	0.000582277279433	0.000687838777606
3760	T	-0.00011011313438	1.0	-1.84386722418	0.000547663342249	0.000657776476629	-0.00016740546374	0.00041762885529	0.00058503431903
3761	G	-9.09457115651e-05	1.0	-1.54671489278	0.000544019309574	0.000634965021139	-5.73724412282e-05	0.000643083892023	0.000700456333252
3762	G	-8.543117235e-05	1.0	-1.46122305592	0.000539908895242	0.000625340067592	-4.80592297274e-05	0.000571345181407	0.000619404411135
3763	T	-9.95177931671e-05	1.0	-1.67960777345	0.000538713223997	0.000638231017164	-0.000150861846094	0.000405297612297	0.000556159458391
3764	G	-0.000108362504236	1.0	-1.81672722556	0.000501222553724	0.00060958505796	-9.96323036794e-05	0.000639496878287	0.000739129181966
3765	G	-0.000110152472039	1.0	-1.84447707544	0.00058011827519	0.000690270747229	-7.45933629339e-05	0.000458873170589	0.000533466533523
3766	C	-0.000129820058031	1.0	-2.14938343071	0.000518972499926	0.000648792557957	-0.000156231749503	0.000641984776694	0.000798216526197
3767	A	-0.000149699805188	1.0	-2.45757891804	0.000557470476107	0.000707170281294	-0.000158635061655	0.000456059552496	0.000614694614152
3768	G	-0.000118985910402	1.0	-1.98142176693	0.000658618061787	0.000777603972189	-0.000134232604405	0.00057436709913	0.000708599703535
3769	G	-0.000121851713138	1.0	-2.02585027317	0.000864520943147	0.000986372656285	-6.40900651469e-05	0.000945427533734	0.00100951759888
3770	A	-0.000140454875483	1.0	-2.31425488111	0.00119842615456	0.00133888103004	-0.000167232469862	0.00107376819658	0.00124100066644
3771	T	-0.000176522820739	1.0	-2.87341581394	0.00128979980018	0.00146632262091	-0.000190042091441	0.00157608273337	0.00176612482481
3772	A	-0.000185301151996	1.0	-3.0095061806	0.00132157604257	0.00150687719456	-0.000172293900913	0.00121954847058	0.00139184237149
3773	A	-0.000180246883806	1.0	-2.93114992006	0.00112048710627	0.00130073399008	-0.000193567463633	0.00116909692375	0.00136266438738
3774	A	-0.000173734131535	1.0	-2.83018279788	0.000991018817843	0.00116475294938	-0.000174879286872	0.000972815924478	0.00114769521135
3775	T	-0.000135294603847	1.0	-2.23425525037	0.000742171392853	0.000877465996699	-0.0001527556441	0.000831143605301	0.000983899249401
3776	C	-0.000103360571886	1.0	-1.73918232692	0.000786676985178	0.000890037557064	-7.82488805683e-05	0.000422554648779	0.000500803529347
3777	C	-9.44501501685e-05	1.0	-1.6010441634	0.000628101393607	0.000722551543776	-7.90771909901e-05	0.00110633270145	0.00118540989244
3778	A	-0.000121311626081	1.0	-2.01747730985	0.000632530869615	0.000753842495696	-0.000126024378947	0.000355416830589	0.000481441209536
3779	T	-0.000127447698682	1.0	-2.11260477151	0.000390395255862	0.000517842954544	-0.000158833308306	0.0004358430768	0.000594676385106
3780	A	-0.000108683041848	1.0	-1.8216965164	0.000375913570658	0.000484596612506	-9.74854087921e-05	0.000379925860197	0.000477411268989
3781	G	-9.94372120573e-05	1.0	-1.67835852545	0.000404613482393	0.000504050694451	-6.97304084455e-05	0.000311971774977	0.000381702183422
3782	G	-0.00013677671187	1.0	-2.25723235369	0.000536835512937	0.000673612224806	-0.000131095818934	0.000521942812006	0.00065303863094
3783	A	-0.000176117598542	1.0	-2.86713365898	0.000673424827486	0.000849542426028	-0.000209503908229	0.000776591951828	0.000986095860056
3784	A	-0.000160613677603	1.0	-2.62677655425	0.000710623743539	0.000871237421142	-0.000187753068463	0.000721739718625	0.000909492787088
3785	T	-0.00012295377163	1.0	-2.04293547306	0.000755786462215	0.000878740233845	-8.45840561167e-05	0.000633539560163	0.00071812361628
3786	G	-0.000117716097197	1.0	-1.96173586767	0.000763057298849	0.000880773396046	-9.65241903098e-05	0.000912080107857	0.00100860429817
3787	T	-0.000127729992845	1.0	-2.11698117462	0.000706527165555	0.0008342571584	-0.000172040045164	0.000743552228526	0.00091559227369
3788	A	-0.000152632063661	1.0	-2.5030376868	0.000587965847976	0.000740597911637	-0.000114625743062	0.000463949160283	0.000578574903344
3789	G	-0.00014158568298	1.0	-2.33178577649	0.000488652460588	0.000630238143568	-0.000171230402757	0.000556396155119	0.000727626557876
3790	C	-0.00013266008284	1.0	-2.19341230206	0.000409952455759	0.000542612538599	-0.000138900903121	0.000445612066362	0.000584512969484
3791	T	-0.000134831736452	1.0	-2.22707942258	0.00036651579545	0.000501347531902	-8.7848942641e-05	0.000227849145796	0.000315698088437
3792	T	-0.000137780146712	1.0	-2.2727885923	0.000321304054839	0.000459084201551	-0.000177745363595	0.000426086174191	0.000603831537786
3793	G	-0.000164005627873	1.0	-2.67936191956	0.000372261830288	0.000536267458161	-0.000147746133901	0.000309976844528	0.000457722978429
3794	C	-0.000149398027926	1.0	-2.45290046867	0.000418286990328	0.000567685018254	-0.000166525386123	0.000380722472146	0.000547247858269
3795	C	-0.000153973230686	1.0	-2.52382978348	0.000421150579065	0.000575123809751	-0.000133922563753	0.000564161654311	0.000698084218064
3796	T	-0.000132225952418	1.0	-2.18668198322	0.000420259155521	0.000552485107939	-0.000161471742182	0.00031856761074	0.000480039352922
3797	C	-0.000109391850981	1.0	-1.83268517609	0.000367691852249	0.00047708370323	-0.00010128355132	0.000378048201513	0.000479331752833
3798	G	-8.25695519396e-05	1.0	-1.41685938822	0.000373105790009	0.000455675341948	-6.54202594413e-05	0.000406459744493	0.000471880003935
3799	G	-0.000106698875166	1.0	-1.79093600357	0.000417295474547	0.000523994349713	-8.10048450577e-05	0.00033480942402	0.000415814269078
3800	T	-0.000126721642053	1.0	-2.1013487241	0.000435908952916	0.000562630594969	-0.000173671520998	0.000510617255129	0.000684288776127
3801	A	-0.000137125236676	1.0	-2.26263552968	0.000449544224757	0.000586669461433	-0.000125488560104	0.0004623001796	0.000587788739704
3802	A	-0.000118221494159	1.0	-1.96957103086	0.000428933575818	0.000547155069977	-0.000112215628925	0.000375715239542	0.000487930868467
3803	G	-0.000131552476242	1.0	-2.17624108994	0.000503980140433	0.000635532616675	-0.000116960293448	0.000448785308313	0.000565745601761
3804	T	-0.000119409580327	1.0	-1.9879899168	0.000656823565854	0.000776233146181	-0.000165481506351	0.000687439873444	0.000852921379795
3805	A	-9.71552685157e-05	1.0	-1.64298158146	0.000717897538707	0.000815052807223	-7.57869411805e-05	0.000834245515805	0.000910032456986
3806	T	-8.46194066887e-05	1.0	-1.44863826238	0.000785479073167	0.000870098479856	-5.01973580153e-05	0.000632007226871	0.000682204584886
3807	T	-0.000107532618789	1.0	-1.8038615212	0.000797551577048	0.000905084195837	-0.00012787392087	0.000890184476826	0.0010180583977
3808	A	-0.000105748772304	1.0	-1.77620657004	0.000722762480055	0.000828511252359	-0.000144526577482	0.000870463027448	0.00101498960493
3809	T	-7.5946812195e-05	1.0	-1.31418713153	0.000593260328679	0.000669207140874	-4.48458185606e-05	0.00040763993589	0.000452485754451
3815	G	-5.65427515252e-05	1.0	-1.01336620624	0.000481621708653	0.000538164460178	-3.07590562611e-05	0.000505224189198	0.000535983245459
3816	T	-7.57762410668e-05	1.0	-1.31154276932	0.000499943044602	0.000575719285669	-8.87012036638e-05	0.000654579150427	0.000743280354091
3817	G	-9.29477961564e-05	1.0	-1.57775318675	0.000476446714218	0.000569394510375	-0.000107868463275	0.000340025794181	0.000447894257457
3818	G	-9.26255805266e-05	1.0	-1.57275788162	0.000522488564488	0.000615114145015	-8.22737215301e-05	0.000434735198047	0.000517008919577
3819	G	-9.53640940679e-05	1.0	-1.61521302497	0.000637135773789	0.000732499867857	-8.77345567743e-05	0.000792704701237	0.000880439258012
3820	A	-0.000106264388108	1.0	-1.7842001558	0.000717734576529	0.000823998964638	-0.000116084003899	0.000683967422083	0.000800051425983
3821	A	-0.000122616972309	1.0	-2.03771407714	0.000770366320122	0.000892983292431	-0.000114974603651	0.000676531606268	0.000791506209919
3822	T	-0.000118426798643	1.0	-1.97275386386	0.000680577021784	0.000799003820427	-0.000136792309377	0.000950599932015	0.00108739224139
3823	A	-0.000124453033211	1.0	-2.06617850779	0.000582346767953	0.000706799801164	-0.0001035134829	0.00041459952707	0.00051811300997
3824	C	-0.000108688355894	1.0	-1.8217789	0.000377576967736	0.00048626532363	-0.000133053307355	0.000381840844775	0.00051489415213
3825	T	-9.15880572885e-05	1.0	-1.55667317101	0.000337806429043	0.000429394486331	-8.94982774273e-05	0.000336290531362	0.000425788808789
3826	G	-7.08554322553e-05	1.0	-1.23525552796	0.000315789221177	0.000322827349318	-5.22125870833e-05	0.000295287910991	0.000347500498075
3841	G	-5.6590118933e-05	1.0	-1.01410054261	0.000901239119411	0.000957829238344	-5.73584249243e-05	0.000854679719983	0.000912038144908
3842	G	-0.000100015483055	1.0	-1.68732345395	0.000905892697037	0.00100590818009	-7.74493825996e-05	0.00134889524019	0.00142634462279
3843	A	-0.000129272023088	1.0	-2.1408872514	0.000755412295823	0.00088468431891	-0.00016523864164	0.000514103130934	0.000679341772574
3844	C	-0.000166533668908	1.0	-2.71855411012	0.000544913845784	0.000711447514692	-0.000145128045023	0.000403238516341	0.000548366561364
3845	T	-0.000161899057868	1.0	-2.64670378945	0.000518099827701	0.000679998885569	-0.000189234320061	0.000717399890077	0.000906634210138
3846	G	-0.000162023127948	1.0	-2.64862724644	0.000470387604892	0.00063241073284	-0.00015133480852	0.000433661076686	0.000584995885206
3847	C	-0.000102939224389	1.0	-1.73265018161	0.000574115730564	0.000677054954953	-0.000145500255263	0.000260101847912	0.000405602103175
3848	G	-8.61371288869e-05	1.0	-1.47216749184	0.000565518611102	0.000651655739989	-1.19826093846e-05	0.00102858426709	0.00104056687648
3852	T	-9.27967815297e-05	1.0	-1.57541200876	0.000679770703106	0.000772567484636	-8.67069344522e-05	0.000845877286731	0.000932584221183
3853	A	-0.000135600937717	1.0	-2.23900434078	0.000699737256635	0.000835338194352	-0.000170490250112	0.000677108086272	0.000847598336384
3854	A	-0.000123046489291	1.0	-2.04437287388	0.000648806570563	0.000771853059854	-0.000149605628588	0.000576226396902	0.000725832025489
3855	G	-7.91348872805e-05	1.0	-1.36361182224	0.00052881079644	0.000607945683721	-4.9043589174e-05	0.000693085228515	0.000742128817689
3857	C	-6.70575581002e-05	1.0	-1.17637712942	0.000515079994011	0.000582137552111	-7.06307448341e-05	0.000694048161666	0.0007646789065
3858	A	-0.000105115726164	1.0	-1.76639246314	0.00058858753787	0.000693703264034	-9.17864853868e-05	0.000534071056463	0.00062585754185
3859	A	-0.000133322728553	1.0	-2.20368529078	0.000679877908444	0.000813200636996	-0.000152929948272	0.00053764339548	0.000690573343752
3860	G	-0.00016942749765	1.0	-2.7634171032	0.000891794571298	0.00106122206895	-0.000155251751999	0.000967919273388	0.00112317102539
3861	G	-0.000176442979831	1.0	-2.87217804129	0.000938824531276	0.00111526751111	-0.000200100792677	0.00116982104503	0.0013699218377
3862	A	-0.000149765132016	1.0	-2.45859167909	0.000725542799025	0.000875307931041	-0.000173976394818	0.000678733275413	0.000852709670231
3863	T	-0.000107606707224	1.0	-1.80501011333	0.000488564211581	0.000596170918805	-7.52182085534e-05	0.000328074076635	0.000403292285188
3864	G	-6.94710551549e-05	1.0	-1.21379354599	0.000346342808768	0.000415813863923	-7.36255183009e-05	0.000458885282695	0.000532510800996
3865	C	-6.08285451782e-05	1.0	-1.07980881504	0.000302263320161	0.000363091865339	-5.95694386106e-05	0.000252069066974	0.000311638505585
3866	T	-6.14830815731e-05	1.0	-1.08995608511	0.000260181091323	0.000321664172896	-4.9290678623e-05	0.000195835610813	0.000245126289436
3872	A	-6.34197968685e-05	1.0	-1.11998095965	0.000558990993253	0.000622410790122	-5.0685732469e-05	0.000638312599678	0.000688998332147
3873	A	-6.05825216142e-05	1.0	-1.07599471461	0.000465166130673	0.000525748652287	-7.54555298459e-05	0.000499062562603	0.000574518092449
3874	T	-5.90647858749e-05	1.0	-1.05246527523	0.000399164689499	0.000458229475374	-5.56063025278e-05	0.000258123229738	0.000313729532266
3878	T	-6.50663511786e-05	1.0	-1.14550747183	0.000507109457746	0.000572175808925	-5.74552721442e-05	0.000603777655151	0.000661232927295
3879	A	-7.57827305456e-05	1.0	-1.31164337564	0.00064432054048	0.000720103271026	-8.3333714466e-05	0.000517336202274	0.00060066991674
3880	T	-8.08064590929e-05	1.0	-1.38952618047	0.000550833429933	0.000631639889026	-8.65592050265e-05	0.000811847764017	0.000898406969043
3881	A	-6.77505861991e-05	1.0	-1.18712113592	0.000492130021765	0.000559880607964	-7.25264577862e-05	0.000323316323508	0.000395842781295
3883	G	-6.18496963331e-05	1.0	-1.09563970944	0.000460780923053	0.000522630619386	-4.75948413e-05	0.000682696496975	0.000730291338275
3884	C	-6.37664512114e-05	1.0	-1.12535513787	0.00053773416205	0.000601500613261	-9.37881519147e-05	0.000358420294413	0.000452208446328
3885	C	-0.000100253391317	1.0	-1.69101174296	0.00056230871676	0.000662562108077	-4.99163604193e-05	0.000572085694761	0.00062200205518
3886	G	-0.000121648446868	1.0	-2.02269903857	0.000806768118804	0.000928416565672	-0.000157055661617	0.000756420161105	0.000913475822722
3887	C	-0.000153291511164	1.0	-2.51326109371	0.000863523041626	0.00101681455279	-0.000157973318568	0.00109179850055	0.00124977181911
3888	C	-0.000145384560171	1.0	-2.39067972509	0.0012755592211	0.00142094378127	-0.000144845553306	0.000742350463227	0.000887196016533
3889	C	-0.000207467001279	1.0	-3.35314308241	0.00160264736843	0.00181011436971	-0.00013333480864	0.00199252869953	0.00212586350817
3890	G	-0.000391196086311	1.0	-6.20149293567	0.00196587302151	0.00235706910782	-0.00034422064189	0.00207306294253	0.00241728358442
3891	T	-0.000546475033031	1.0	-8.60878062791	0.00205315402935	0.00259962906238	-0.000696032808403	0.00183202742245	0.00252806023086
3892	C	-0.000536908676037	1.0	-8.46047350748	0.0019790435901	0.00251595226613	-0.0005991716488	0.00225437172305	0.00285354337185
3893	T	-0.000519082477241	1.0	-8.18411415633	0.00201708584908	0.00253616832632	-0.000315521570909	0.00185073162478	0.00216625319569
3894	T	-0.000695862017434	1.0	-10.9247252974	0.00211355325497	0.0028094152724	-0.000642554212013	0.0019461541994	0.00258870841141
3895	G	-0.000580939349158	1.0	-9.14308051715	0.00212339661823	0.00270433596739	-0.00112951026938	0.00254377394073	0.00367328421011
3896	A	-0.000361708085099	1.0	-5.74434079827	0.00158088304417	0.00194259112927	2.92464339182e-05	0.00188026171457	0.00185101528065
4578	C	-5.68477497217e-05	1.0	-1.01809458971	0.00026399629085	0.000320844040571	-5.45345690347e-05	0.000223936558356	0.000278471127391
4579	C	-6.48782063987e-05	1.0	-1.14259066551	0.000481941104309	0.000546819310708	-6.02260355726e-05	0.000400106053124	0.000460332088697
4580	T	-6.56953139556e-05	1.0	-1.1552582744	0.000562368404447	0.000628063718402	-7.98740145889e-05	0.000821780701446	0.000901654716035
4797	A	-7.33233846549e-05	1.0	-1.2735161651	0.000322857623102	0.000396181007757	-0.000108567056829	0.000409305614226	0.000517872671054
4798	G	-7.27641349869e-05	1.0	-1.26484612405	0.000314117510359	0.000386881645346	-5.67817591095e-05	0.000207955932805	0.000264737691914
4799	C	-7.81386099046e-05	1.0	-1.34816654575	0.000333916212419	0.000412054822324	-5.29435890226e-05	0.000325090984046	0.000378034573069
4800	T	-0.000102582591656	1.0	-1.72712130853	0.000383670348219	0.000486252939875	-0.000124690481581	0.000468701720407	0.000593392201988
4801	C	-0.000132155706343	1.0	-2.18559295914	0.000456921121763	0.000589076828106	-0.000130113704363	0.000357218340205	0.000487332044567
4802	C	-0.000117836011074	1.0	-1.96359489111	0.000415898648607	0.000533734659681	-0.000141662933085	0.000544843304678	0.000686506237763
4803	G	-9.78788968405e-05	1.0	-1.6541999829	0.000426208918436	0.000524087815277	-8.17313957749e-05	0.000345634300939	0.000427365696714
4804	T	-6.71437521559e-05	1.0	-1.17771339485	0.000428163069405	0.00049530682156	-7.02423616618e-05	0.000388149149691	0.000458391511353
4992	A	-7.58934506401e-05	1.0	-1.31335986797	0.000317331752353	0.000393225202994	-7.64575759396e-05	0.000316645615739	0.000393103191679
4993	T	-7.12143419316e-05	1.0	-1.24081970047	0.000258569335289	0.00032978367722	-0.000109481551014	0.000247605230111	0.000357086781125
4994	G	-7.58791879105e-05	1.0	-1.31313875304	0.000287048660023	0.000362927847934	-2.77038988412e-05	0.000211457160015	0.000239161058856
4995	G	-7.3681627536e-05	1.0	-1.27907000029	0.000338539487572	0.000412221115108	-9.04521138764e-05	0.000402083589943	0.000492535703819
4996	C	-8.71140567333e-05	1.0	-1.4873127928	0.00032583694408	0.000412951000813	-0.00010288886989	0.000402077712758	0.000504966582649
4997	T	-6.48248725709e-05	1.0	-1.14176383181	0.000289821164084	0.000354646036655	-6.8001186433e-05	0.000173349529538	0.000241350715971
5157	G	7.64131911268e-05	1.0	1.04784821539	0.000299513292825	0.000223100101698	4.13609741187e-05	0.000285138266607	0.000243777292489
5158	C	8.98871767732e-05	1.0	1.25673525705	0.00038463511715	0.000294747940377	9.21689675024e-05	0.000312918658959	0.000220749691456
5159	A	0.000108235874028	1.0	1.54119489568	0.00046817566371	0.000359939789682	0.000136131588698	0.000555848425885	0.000419716837187
5160	A	0.000110579061928	1.0	1.57752131025	0.000584998950753	0.000474419888824	9.64070658846e-05	0.000535759906287	0.000439352840403
5161	A	9.71481249872e-05	1.0	1.36930165217	0.000620068891031	0.000522920766044	9.91985312021e-05	0.000663388520085	0.000564189988883
5162	A	0.000172640730976	1.0	2.53966263858	0.000775740012843	0.000603099281866	9.58387778749e-05	0.000661058246721	0.000565219468846
5163	T	0.000152896697409	1.0	2.23357111745	0.000719197724548	0.000566301027139	0.000322884883852	0.00100277327172	0.000679888387869
5164	A	0.000156092361727	1.0	2.28311346394	0.000714053468011	0.000557961106284	3.99664305004e-05	0.0004937616552	0.0004537952247
5195	T	7.81408847901e-05	1.0	1.07463263002	0.000601637372299	0.000523496487509	9.74594217149e-05	0.000727598135342	0.000630138713627
5196	A	0.000111972115534	1.0	1.59911780399	0.000594245209307	0.000482273093772	9.20164726378e-05	0.000496928027098	0.00040491155446
5197	A	0.000135375252477	1.0	1.96193636189	0.000535814913414	0.000400439660937	0.000146440452251	0.000558209465481	0.000411769013231
5198	G	0.000147115783971	1.0	2.14394968412	0.000529567734538	0.000382451950567	0.000167668832542	0.000552307247662	0.00038463841512
5199	G	0.000115185266313	1.0	1.64893124287	0.000553248936272	0.000438063669959	0.000127238067119	0.000478186490471	0.000350948423352
5203	G	7.36837265285e-05	1.0	1.0055333577	0.000730999812268	0.000657316085739	0.000114278879091	0.000886752007767	0.000772473128676
5204	G	0.000130622733986	1.0	1.8882581234	0.000881843551478	0.000751220817492	0.000101283065007	0.000766512465748	0.00066522940074
5205	G	7.75527407539e-05	1.0	1.06551463992	0.000779832449143	0.000702279708389	0.000176306257861	0.00099226618092	0.00081595992306
5207	A	-6.16043068848e-05	1.0	-1.0918354397	0.000536241813441	0.000597846120326	-7.77380975198e-05	0.000474567035106	0.000552305132626
5208	G	-6.79055585315e-05	1.0	-1.18952367017	0.000490059251662	0.000557964810194	-6.21437225283e-05	0.000553439704458	0.000615583426986
5209	T	-5.74321940084e-05	1.0	-1.02715522264	0.000645011560189	0.000702443754198	-6.38348555465e-05	0.000442171015424	0.00050600587097
5210	G	-7.63259537987e-05	1.0	-1.32006495937	0.000681075299958	0.000757401253757	-4.63180039504e-05	0.000939423960687	0.000985741964637
5211	A	-9.33293708911e-05	1.0	-1.58366873539	0.000676139597142	0.000769468968033	-0.000118825001899	0.000661630923763	0.000780455925662
5216	C	-9.24115800697e-05	1.0	-1.56944023504	0.00063994450655	0.00073235608662	-7.09049991214e-05	0.000715865018963	0.000786770018084
5217	T	-9.90868756639e-05	1.0	-1.67292726445	0.000645156784255	0.000744243659918	-9.3986611915e-05	0.000718156392568	0.000812143004483
5218	T	-0.000109094555181	1.0	-1.82807620279	0.000717457671816	0.000826552226997	-0.000132369015955	0.000501448941233	0.000633817957188
5219	G	-0.000107949615732	1.0	-1.81032621992	0.000835385410061	0.000943335025794	-0.000100928037674	0.000932767681646	0.00103369571932
5220	G	-9.22672386169e-05	1.0	-1.56720251119	0.00104489347357	0.00113716071219	-9.05517935682e-05	0.00107193960731	0.00116249140087
5221	T	-8.55083312293e-05	1.0	-1.46241924912	0.00105662009782	0.00114212842905	-8.53218846085e-05	0.00112997313177	0.00121529501638
5222	C	-0.000120931187419	1.0	-2.01157937373	0.000916914032293	0.00103784521971	-8.06513155111e-05	0.000967947554385	0.0010485988699
5223	A	-0.000112958403665	1.0	-1.88797740058	0.000995012405843	0.00110797080951	-0.000196820362138	0.000652821410724	0.000849641772862
5224	G	-0.000146877803337	1.0	-2.41382945639	0.00088793443416	0.0010348122375	-6.14035333471e-05	0.00136426825242	0.00142567178577
5225	A	-0.000116380220854	1.0	-1.94102579237	0.000952991052024	0.00106937127288	-0.000182409514525	0.000646713639334	0.000829123153859
5226	C	-0.000109296109501	1.0	-1.83120089704	0.000695102114906	0.000804398224406	-0.000105327614689	0.000847991264318	0.000953318879007
5230	G	-0.000132190737424	1.0	-2.18613604557	0.000512130237313	0.000644320974736	-0.000180131701598	0.000654020955437	0.000834152657035
5231	C	-0.000139665553372	1.0	-2.30201802967	0.000483619930394	0.000623285483767	-0.000158605638856	0.000453806619001	0.000612412257857
5232	G	-9.50020675625e-05	1.0	-1.6096005323	0.000488613344648	0.00058361541221	-8.02593196639e-05	0.000343032216745	0.000423291536409
5233	G	-0.000101757938566	1.0	-1.71433672133	0.000481517115815	0.000583275054381	-4.61412441679e-05	0.000669001198198	0.000715142442366
5234	G	-0.000119406426561	1.0	-1.987941024	0.000467555761667	0.000586962188228	-0.000178873251865	0.000432517932504	0.000611391184369
5235	C	-0.000155084762983	1.0	-2.54106185565	0.000372330687807	0.00052741545079	-0.000133204783649	0.0003011481543	0.000434352937949
5236	G	-0.000120108656228	1.0	-1.99882768232	0.000364349854375	0.000484458510603	-0.000153176253433	0.000383325976617	0.00053650223005
5237	T	-0.000129842417348	1.0	-2.14973006694	0.000374168447527	0.000504010864875	-7.39449316032e-05	0.000408575432208	0.000482520363811
5238	G	-0.000100498448852	1.0	-1.69481086705	0.000397894262229	0.000498392711081	-0.000162406067008	0.000330603933757	0.000493010000765
5239	C	-0.000108604042809	1.0	-1.82047179522	0.00038268860277	0.000491292645579	-6.51443479444e-05	0.000454503420723	0.000519647768667
5240	T	-7.78673962357e-05	1.0	-1.34396192342	0.000384737151601	0.000462604547836	-9.8261713474e-05	0.000362958453831	0.000461220167305
5241	T	-9.01800096787e-05	1.0	-1.53484422541	0.000406141603805	0.000496321613484	-7.01961272887e-05	0.000336749580249	0.000406945707537
5242	G	-8.99702817578e-05	1.0	-1.53159281591	0.000359265335038	0.000449235616795	-0.000102082188273	0.000518716777337	0.00062079896561
5243	T	-9.70887448831e-05	1.0	-1.64195026636	0.000327271822995	0.000424360567878	-9.76325297113e-05	0.000222329647527	0.000319962177238
5244	G	-0.00010464176904	1.0	-1.7590447114	0.000362704249982	0.000467346019022	-9.15515166645e-05	0.000240769044121	0.000332320560786
5245	G	-0.000135852152748	1.0	-2.24289892445	0.000395450729661	0.000531302882409	-0.000124741260745	0.000625014058297	0.000749755319042
5246	A	-0.000139302014288	1.0	-2.2963820875	0.000439028041904	0.000578330056192	-0.000191263680834	0.000320569086565	0.000511832767399
5247	C	-0.000146582391059	1.0	-2.40924968331	0.000346035033708	0.000456735094236	-0.000101901101285	0.00037150098085	0.000473402082135
5249	G	-0.000109496787556	1.0	-1.83431200658	0.000353258005294	0.000436826672958	-0.000134186221679	0.000361295476117	0.000495481697796
5250	C	-0.00010471881292	1.0	-1.76023912176	0.000352095327405	0.000456814140325	-8.48073534327e-05	0.000345220534472	0.000430027887905
5251	T	-0.000111597197414	1.0	-1.86687463602	0.000327593374141	0.000439190571555	-9.51628636483e-05	0.000349769971625	0.000444932835274
5252	T	-0.000120332187242	1.0	-2.00229308101	0.00033260959415	0.000452941781392	-0.000154821375162	0.000287789616325	0.000442610991487
5253	G	-0.00011949098207	1.0	-1.98925188707	0.000305216245731	0.000424707227801	-0.000111012322917	0.0003602691945	0.000471281517417
5254	G	-0.000130130195164	1.0	-2.15419148306	0.000335449336385	0.00046557953155	-9.2639248131e-05	0.000267589926369	0.0003602291745
5255	T	-0.000155075709907	1.0	-2.54092150592	0.00033031626624	0.000485391976147	-0.000186739014445	0.000378488888287	0.000565227902732
5256	G	-0.000180920802777	1.0	-2.94159767797	0.000428158014673	0.00060907881745	-0.000185848867143	0.000344869984064	0.000530718851207
5257	G	-0.000162432500996	1.0	-2.65497375201	0.00042196871103	0.000584401212026	-0.000170174526742	0.000561115171669	0.000731289698411
5258	G	-0.000151315099941	1.0	-2.48262081368	0.000449967579198	0.00060128267914	-0.000131274109102	0.000359920977357	0.000491195086459
5259	G	-0.000130286573183	1.0	-2.15661580966	0.000391300758052	0.000521587331235	-0.00015249666398	0.00042886658857	0.00058136325255
5260	C	-0.000171494755515	1.0	-2.79546577768	0.000492950967904	0.00066444572342	-0.000107088946468	0.000385114708229	0.000492203654697
5261	T	-0.000181437684155	1.0	-2.94961088393	0.000544647604071	0.000726085288226	-0.000254898656098	0.000664871606914	0.000919770263013
5262	T	-0.000217028241208	1.0	-3.50137087305	0.000518469403074	0.000735497644282	-0.0001823254499	0.000583956497069	0.000766281946969
5263	G	-0.00017018735375	1.0	-2.77519714343	0.000464338758793	0.000634526112543	-0.000213860617627	0.000306580105238	0.000520440722865
5264	C	-0.000164118305676	1.0	-2.68110876222	0.000404529889655	0.000526925242679	-0.000114375993724	0.000502479674072	0.000616855667797
5266	C	-0.000140055470452	1.0	-2.30806290959	0.000355482154654	0.000478184862529	-0.000141987476201	0.000364751372897	0.000506738849098
5267	T	-0.000140055470452	1.0	-2.30806290959	0.000355482154654	0.000447665080491	-0.000138123464703	0.00034621293641	0.000484336401114
5269	C	-0.000148573166148	1.0	-2.4401126462	0.00037963868762	0.000469447899599	-0.000149158758669	0.000447867040253	0.000597025798922
5270	T	-0.000138386568637	1.0	-2.28218994431	0.000350507647919	0.000488894216556	-0.000147987573627	0.000311410334986	0.000459397908612
5271	A	-0.000104631540658	1.0	-1.75888614092	0.000320266372709	0.000424897913368	-0.000118013373616	0.000292245568517	0.000410258942133
5272	G	-0.00011379998835	1.0	-1.90102447808	0.000365858492378	0.000479658480727	-4.7893674732e-05	0.000357143214625	0.000405036889357
5273	G	-0.000123242551681	1.0	-2.04741242681	0.000413678813616	0.000536921365297	-0.0001754929167	0.000448186693992	0.000623679610692
5274	C	-0.000139896739812	1.0	-2.30560211034	0.000411220506237	0.000551117246049	-0.00014634106361	0.000435706532232	0.000582047595843
5275	G	-0.000123420270691	1.0	-2.05016760255	0.000526846128825	0.000650266399517	-9.78562391266e-05	0.000349768292486	0.000447624531613
5276	G	-0.00011123213123	1.0	-1.86121501924	0.00048582807893	0.00059706021016	-0.000126063509337	0.000795063561757	0.000921127071095
5277	A	-0.000108996206219	1.0	-1.82655149998	0.000562816051978	0.000671812258197	-0.000109776645228	0.000312652382546	0.000422429027773
5278	C	-0.000113831710364	1.0	-1.90151626409	0.00052686028114	0.000640691991504	-9.11484640932e-05	0.000580732211631	0.000671880675724
5279	T	-0.00012010199501	1.0	-1.99872441352	0.00060621782411	0.00072631981912	-0.00014057002177	0.000687196249244	0.000827766271014
5280	A	-9.33280506843e-05	1.0	-1.58364826824	0.000737984214271	0.000831312264955	-0.000128587499167	0.000550725011455	0.000679312510622
5281	C	-8.80326165092e-05	1.0	-1.50155321425	0.000681797216579	0.000769829833088	-1.08266311163e-05	0.000976031382114	0.00098685801323
5282	T	-8.81157187085e-05	1.0	-1.50284154667	0.000719202840348	0.000807318559056	-0.000124683719245	0.000518635256168	0.000643318975413
5283	T	-0.000142944801473	1.0	-2.35285617457	0.000580412068088	0.000723356869562	-0.000128836805764	0.000662941882761	0.000791778688525
5284	G	-0.000141723934552	1.0	-2.33392908899	0.000579300915678	0.00072102485023	-0.000175313879411	0.000559659065336	0.000734972944747
5285	C	-0.00013177212224	1.0	-2.17964625927	0.000493019792125	0.000624791914364	-0.000121021118481	0.000515301798937	0.000636322917418
5286	G	-0.000125363494829	1.0	-2.0802933836	0.000662601470346	0.000787964965175	-9.8981368827e-05	0.000404098512101	0.000503079880928
5287	T	-0.000131080457548	1.0	-2.16892338966	0.00150808067298	0.00163916113053	-0.00015608799718	0.0010684041	0.00122449209718
5288	G	-0.000107237485589	1.0	-1.79928607466	0.00155124682625	0.00165848431184	-0.000138172006637	0.00305173940683	0.00318991141347
5289	C	-6.28316787585e-05	1.0	-1.11086337148	0.001381436886	0.00144426856475	-2.74524529505e-05	0.000533596971923	0.000561049424874
5341	T	0.000105782482087	1.0	1.50315998915	0.000592382713005	0.000486600230918	6.53856188462e-05	0.000477988909123	0.000412603290277
5342	T	0.000130503527714	1.0	1.88641006995	0.000641084290061	0.000510580762348	0.000157029269188	0.000704833551341	0.000547804282153
5343	A	0.000120201899493	1.0	1.7267040483	0.000573999743758	0.000453797844265	0.000169095695107	0.000740430409719	0.000571334714612
5361	G	7.89841986872e-05	1.0	1.08770651549	0.000458968164909	0.000379983966222	6.28191881492e-05	0.000378801029492	0.000315981841343
5362	G	0.000105221774622	1.0	1.49446734789	0.000529558285794	0.000424336511172	0.0001135658926	0.000519610444813	0.000406044552214
5363	T	9.122878222e-05	1.0	1.27753415058	0.000564225469705	0.000472996687485	0.000139280243117	0.000690263383075	0.000550983139958
5369	C	7.8512249517e-05	1.0	1.08038989303	0.000478584423686	0.000400072174169	3.62061264667e-05	0.000611746940378	0.000575540813911
5370	A	8.72154305992e-05	1.0	1.21531520741	0.000534768477336	0.000447553046737	0.000141538925942	0.000550046669337	0.000408507743395
5371	A	9.08301376629e-05	1.0	1.27135396868	0.000474438287588	0.000383608149925	8.39012393887e-05	0.000442511822294	0.000358610582905
5374	G	7.79727233504e-05	1.0	1.07202562519	0.000531624887557	0.000453652164206	4.71749535241e-05	0.00048705542841	0.000439880474886
5375	G	0.000110671764533	1.0	1.57895847765	0.000728786448426	0.000618114683893	0.000133251088672	0.000656943083174	0.000523691994503
5376	A	0.000110836148826	1.0	1.58150692541	0.00078287814614	0.000672041997314	0.000151589251404	0.00104236083369	0.000890771582289
5377	A	8.62606091368e-05	1.0	1.20051262146	0.000820020616917	0.00073376000778	4.76681064011e-05	0.000649330521551	0.00060166241515
5380	T	8.59922811239e-05	1.0	1.19635273542	0.000564604260801	0.000478611979677	3.35588563367e-05	0.000405801936067	0.00037224307973
5381	G	9.72031663763e-05	1.0	1.37015495818	0.000718326968768	0.000621123802392	0.00016035404731	0.00087285125849	0.00071249721118
5382	A	0.000123826388343	1.0	1.78289445649	0.000797623254244	0.0006737968659	9.76965954822e-05	0.000876327711748	0.000778631116266
5383	C	8.94153899876e-05	1.0	1.24942115204	0.000731653772286	0.000642238382299	0.000113428522237	0.000643690792493	0.000530262270256
5384	T	7.35724602585e-05	1.0	1.00380839802	0.000756362302537	0.000682789842278	5.71210522436e-05	0.000674942812618	0.000617821760374
5386	T	0.00010932746245	1.0	1.5581177782	0.00096336356978	0.00085403610733	0.000104049980929	0.00092850870613	0.000824458725201
5387	C	0.000171085643277	1.0	2.51555413219	0.00108420134477	0.000913115701498	0.000173764600125	0.00101112870071	0.000837364100584
5388	T	0.000175583887793	1.0	2.58529036424	0.0012794907991	0.0011039069113	0.000235442348775	0.00131296662749	0.00107752427871
5389	A	0.000156332024085	1.0	2.28682894667	0.00144407182897	0.00128773980488	0.000117544714479	0.00151437706909	0.00139683235461
5390	A	0.000132774277609	1.0	1.92161347898	0.00159084602539	0.00145807174778	0.000116009009001	0.00150487179033	0.00138886278133
5391	T	0.000234187437018	1.0	3.49382050145	0.00208226437478	0.00184807693776	0.000164769109347	0.00175328921673	0.00158852010739
5392	T	0.000236289835861	1.0	3.52641396609	0.0022709850253	0.00203469518944	0.000421784192705	0.00298863211726	0.00256684792456
5393	A	0.00017366809203	1.0	2.55558980496	0.00181314607518	0.00163947798315	0.000122316205531	0.00207103374192	0.00194871753638
5883	G	9.33162261731e-05	1.0	1.30989576973	0.00063786448313	0.000544548256957	6.627806579e-05	0.000519594151003	0.000453316085213
5884	T	0.000198008540632	1.0	2.93293949454	0.00105613784989	0.00085812930926	0.000205432419398	0.00105362619706	0.000848193777667
5885	T	0.000209978459007	1.0	3.11850899891	0.00106366402287	0.000853685563861	0.000322315136708	0.00159519320161	0.0012728780649
5886	A	0.000165974636531	1.0	2.43631825447	0.000923669338171	0.00075769470164	0.000102187820916	0.000542172669933	0.000439984849017
6050	A	9.41233712444e-05	1.0	1.32240893032	0.000382146753482	0.000288023382237	0.000125537124768	0.000468372478298	0.000342835353529
6051	G	0.00010104735372	1.0	1.42975134954	0.000398811600066	0.000297764246346	9.84615582124e-05	0.000387657790903	0.00028919623269
6052	A	7.46954508779e-05	1.0	1.02121810844	0.000353483509353	0.000278788058475	7.91433781802e-05	0.000340404530997	0.000261261152817
6151	A	0.000100110054746	1.0	1.41522041452	0.00031281643701	0.000212706382264	7.79044637098e-05	0.000244378982953	0.000166474519243
6152	G	0.000106564647947	1.0	1.51528589731	0.000332405368679	0.000225840720733	0.000146025351071	0.000424904880218	0.000278879529147
6153	A	0.000102228587374	1.0	1.44806400105	0.000344707454526	0.000242478867152	9.5764129059e-05	0.000327932242867	0.000232168113808
6183	T	8.00051494223e-05	1.0	1.10353430278	0.000295769272802	0.00021576412338	9.95801647426e-05	0.000302853419128	0.000203273254386
6184	A	9.32544960433e-05	1.0	1.30893876826	0.000284237494226	0.000190982998182	0.000105087805182	0.000327922983347	0.000222835178165
6185	A	9.11272476501e-05	1.0	1.27596006133	0.000280804260118	0.000189677012468	7.5095518205e-05	0.000221936080201	0.000146840561996
6186	T	8.02086093913e-05	1.0	1.10668854029	0.000245973560013	0.000165764950622	9.31984195628e-05	0.000292553716807	0.000199355297244
