DB 0 MOTIF	YAWSACUSAG	MEME-1
 -16.0	0
 -15.0	0
 -14.0	0
 -13.0	0
 -12.0	0
 -11.0	0
 -10.0	0
  -9.0	0
  -8.0	2
  -7.0	0
  -6.0	0
  -5.0	1
  -4.0	0
  -3.0	1
  -2.0	0
  -1.0	2
   0.0	0
   1.0	1
   2.0	1
   3.0	0
   4.0	0
   5.0	0
   6.0	0
   7.0	0
   8.0	0
   9.0	0
  10.0	1
  11.0	0
  12.0	0
  13.0	1
  14.0	0
  15.0	0
  16.0	1
DB 0 MOTIF	CCCAUACCC	MEME-2
 -16.5	0.5
 -15.5	0
 -14.5	0
 -13.5	0.5
 -12.5	1.5
 -11.5	0
 -10.5	0
  -9.5	0
  -8.5	0
  -7.5	0
  -6.5	1
  -5.5	0
  -4.5	0
  -3.5	0
  -2.5	0
  -1.5	0
  -0.5	0
   0.5	0
   1.5	0
   2.5	0
   3.5	0
   4.5	0
   5.5	0
   6.5	0
   7.5	0
   8.5	0
   9.5	0
  10.5	0.5
  11.5	0
  12.5	1
  13.5	0
  14.5	0
  15.5	0
  16.5	1
DB 0 MOTIF	AAUUUCACUU	MEME-3
 -16.0	1
 -15.0	0
 -14.0	0
 -13.0	0
 -12.0	0
 -11.0	1
 -10.0	0
  -9.0	0
  -8.0	0
  -7.0	0
  -6.0	0
  -5.0	0
  -4.0	0
  -3.0	0
  -2.0	0
  -1.0	0
   0.0	0
   1.0	0
   2.0	0
   3.0	1
   4.0	1
   5.0	0
   6.0	0
   7.0	0
   8.0	0
   9.0	0
  10.0	0
  11.0	0
  12.0	0
  13.0	0
  14.0	0
  15.0	0
  16.0	0
