DB 0 MOTIF	CUUCCUUGC	MEME-1
 -11.5	0
 -10.5	0.5
  -9.5	2
  -8.5	1
  -7.5	1
  -6.5	0
  -5.5	0
  -4.5	0
  -3.5	1
  -2.5	0
  -1.5	0
  -0.5	0
   0.5	0
   1.5	0
   2.5	0
   3.5	0
   4.5	0
   5.5	0
   6.5	0
   7.5	0
   8.5	0
   9.5	0
  10.5	0
  11.5	0.5
DB 0 MOTIF	GUKUCUA	MEME-2
 -12.5	0
 -11.5	0
 -10.5	0
  -9.5	0
  -8.5	0
  -7.5	0
  -6.5	0
  -5.5	0
  -4.5	0
  -3.5	0
  -2.5	1
  -1.5	0
  -0.5	0
   0.5	1
   1.5	0
   2.5	0
   3.5	2
   4.5	0
   5.5	0
   6.5	0
   7.5	1
   8.5	1
   9.5	0
  10.5	0
  11.5	0
  12.5	0
DB 0 MOTIF	RVVCMUCRR	MEME-3
 -11.5	0
 -10.5	0
  -9.5	0
  -8.5	0
  -7.5	0
  -6.5	0
  -5.5	0
  -4.5	0
  -3.5	0
  -2.5	0
  -1.5	0
  -0.5	0
   0.5	0
   1.5	0
   2.5	0
   3.5	0
   4.5	0
   5.5	0
   6.5	0
   7.5	0
   8.5	0
   9.5	0
  10.5	0
  11.5	2
