DB 0 MOTIF	AAGRWGAAUC	MEME-3
 -11.0	0
 -10.0	0
  -9.0	0
  -8.0	1
  -7.0	0
  -6.0	0
  -5.0	1
  -4.0	0
  -3.0	0
  -2.0	1
  -1.0	0
   0.0	0
   1.0	1
   2.0	0
   3.0	0
   4.0	1
   5.0	2
   6.0	0
   7.0	0
   8.0	0
   9.0	0
  10.0	0
  11.0	0
DB 0 MOTIF	GYACAUKKGC	MEME-6
 -11.0	0
 -10.0	1
  -9.0	0
  -8.0	0
  -7.0	0
  -6.0	1
  -5.0	0
  -4.0	0
  -3.0	0
  -2.0	0
  -1.0	1
   0.0	0
   1.0	0
   2.0	4
   3.0	0
   4.0	0
   5.0	0
   6.0	2
   7.0	0
   8.0	1
   9.0	0
  10.0	0
  11.0	0
DB 0 MOTIF	GYCYGKSCUK	MEME-10
 -11.0	1
 -10.0	0
  -9.0	0
  -8.0	3
  -7.0	0
  -6.0	1
  -5.0	2
  -4.0	2
  -3.0	1
  -2.0	2
  -1.0	0
   0.0	1
   1.0	0
   2.0	0
   3.0	1
   4.0	0
   5.0	0
   6.0	1
   7.0	0
   8.0	1
   9.0	0
  10.0	0
  11.0	0
