RDN18	1	3807	7640	2417	773	896	2032
RDN18	2	3847	7705	2440	783	905	2058
RDN18	3	3860	7775	2451	787	910	2076
RDN18	4	3873	7811	2470	790	919	2090
RDN18	5	3879	7814	2484	793	920	2091
RDN18	6	3900	7822	2491	797	923	2099
RDN18	7	3914	7841	2504	799	926	2109
RDN18	8	3923	7852	2510	799	935	2122
RDN18	9	3926	7858	2516	805	940	2132
RDN18	10	3944	7876	2526	818	954	2149
RDN18	11	4022	7906	2617	870	988	2261
RDN18	12	4032	7911	2620	871	993	2275
RDN18	13	4040	7922	2636	880	996	2293
RDN18	14	4041	7923	2640	882	996	2301
RDN18	15	4062	7931	2651	884	999	2314
RDN18	16	4069	7932	2654	886	1000	2324
RDN18	17	4086	7936	2673	891	1000	2387
RDN18	18	4105	7948	2689	894	1005	2479
RDN18	19	4106	7951	2690	895	1007	2494
RDN18	20	4172	7984	2712	910	1017	2947
RDN18	21	4182	7990	2723	912	1018	2997
RDN18	22	4186	7995	2728	917	1023	3014
RDN18	23	4206	8045	2740	946	1043	3098
RDN18	24	4214	8051	2746	950	1050	3156
RDN18	25	4241	8162	2790	1086	1268	4121
RDN18	26	4261	8187	2804	1101	1290	4223
RDN18	27	4299	8250	2851	1122	1315	4383
RDN18	28	4361	8261	2929	1135	1315	4425
RDN18	29	4374	8265	2937	1138	1318	4429
RDN18	30	4378	8269	2942	1142	1320	4438
RDN18	31	4380	8277	2950	1144	1325	4454
RDN18	32	4387	8278	2957	1146	1324	4458
RDN18	33	4402	8287	2972	1148	1327	4467
RDN18	34	4407	8295	2979	1153	1328	4482
RDN18	35	4411	8299	2985	1154	1329	4494
RDN18	36	4421	8356	2996	1169	1343	4631
RDN18	37	4451	8400	3020	1178	1359	4929
RDN18	38	4457	8403	3029	1178	1359	4983
RDN18	39	4458	8392	3034	1213	1395	5062
RDN18	40	4387	8292	2964	1201	1410	5108
RDN18	41	4391	8286	2975	1204	1410	5160
RDN18	42	4457	8469	3030	1278	1539	5399
RDN18	43	4474	8498	3044	1312	1564	5482
RDN18	44	4484	8521	3057	1318	1571	5548
RDN18	45	4507	8548	3075	1330	1580	5611
RDN18	46	4520	8560	3079	1340	1592	5634
RDN18	47	4527	8574	3098	1345	1600	5669
RDN18	48	4531	8593	3110	1366	1622	5773
RDN18	49	4534	8612	3126	1375	1626	6500
RDN18	50	4541	8631	3129	1392	1643	6714
RDN18	51	4547	8628	3125	1401	1644	6716
RDN18	52	4550	8640	3127	1417	1697	6773
RDN18	53	4552	8642	3127	1417	1700	6985
RDN18	54	4614	8724	3173	1465	1809	9940
RDN18	55	4629	8713	3210	1451	1811	9895
RDN18	56	4651	8731	3266	1464	1817	9931
RDN18	57	4707	8811	3316	1490	1846	10017
RDN18	58	4719	8830	3329	1507	1866	10110
RDN18	59	4714	8843	3355	1519	1882	10328
RDN18	60	4807	8969	3425	1619	1978	11589
RDN18	61	4788	9000	3443	1630	2030	11384
RDN18	62	4835	9029	3474	1656	2063	11434
RDN18	63	4881	9063	3506	1692	2088	11623
RDN18	64	4932	9164	3552	1735	2138	12356
RDN18	65	4976	9201	3631	1960	2667	13127
RDN18	66	5023	9230	3658	1973	2698	13216
RDN18	67	5063	9257	3713	2290	3335	14042
RDN18	68	5074	9279	3728	2298	3357	14061
RDN18	69	5132	9310	3794	2313	3373	14330
RDN18	70	5189	9357	3813	2329	3403	14459
RDN18	71	5310	9591	3940	3078	4564	16153
RDN18	72	5353	9659	3961	3147	4704	16251
RDN18	73	5394	9710	3990	3161	4741	16208
RDN18	74	5439	9739	4038	3174	4778	16273
RDN18	75	5480	9803	4084	3203	4825	16411
RDN18	76	5498	9821	4107	3271	4975	16620
RDN18	77	5569	9959	4155	3332	5068	16863
RDN18	78	5579	9974	4161	3345	5080	16934
RDN18	79	5632	10017	4189	3368	5121	17042
RDN18	80	5712	10104	4272	3581	5551	17543
RDN18	81	5749	10156	4308	3585	5565	17564
RDN18	82	5798	10230	4343	3611	5593	17610
RDN18	83	5818	10260	4356	3614	5601	17624
RDN18	84	5880	10341	4390	3808	5942	18056
RDN18	85	5972	10485	4462	3953	6167	18368
RDN18	86	5978	10505	4469	3957	6174	18368
RDN18	87	5986	10517	4480	3953	6171	18323
RDN18	88	6057	10544	4520	3963	6182	18334
RDN18	89	6089	10571	4545	3975	6183	18354
RDN18	90	6143	10749	4594	3958	6200	18052
RDN18	91	6141	10757	4580	3927	6169	17592
RDN18	92	6212	11080	4633	4179	6611	17701
RDN18	93	6147	11027	4614	4104	6524	16886
RDN18	94	6166	11032	4617	4101	6512	16391
RDN18	95	6189	11041	4641	4106	6513	16372
RDN18	96	6204	11038	4656	4106	6514	16301
RDN18	97	6495	11070	4766	4083	6437	15609
RDN18	98	6451	10998	4686	3998	6336	14208
RDN18	99	6658	11486	4841	4225	6546	14705
RDN18	100	6881	11517	4911	4298	6579	14437
RDN18	101	6840	11527	4888	4306	6571	14714
RDN18	102	6860	11561	4894	4358	6599	14867
RDN18	103	6862	11574	4913	4454	6731	15075
RDN18	104	6902	11646	4970	4883	7209	15837
RDN18	105	6916	11657	4990	4925	7271	15929
RDN18	106	6924	11667	5017	4935	7274	16026
RDN18	107	6812	11608	4981	4923	7257	16037
RDN18	108	6845	11595	5028	4948	7271	16093
RDN18	109	6816	11562	5035	4941	7263	16083
RDN18	110	6678	11406	4974	4832	7132	15775
RDN18	111	6692	11527	5005	4874	7125	15998
RDN18	112	6797	11654	5064	5033	7353	16291
RDN18	113	6774	11622	5045	5014	7346	16299
RDN18	114	6816	11704	5047	5034	7374	16354
RDN18	115	6830	11728	5098	5023	7375	16344
RDN18	116	6795	11712	5078	4973	7342	16318
RDN18	117	6752	11725	5047	4940	7303	16366
RDN18	118	6915	12302	5129	5040	7473	17067
RDN18	119	6727	12163	5054	4961	7400	17016
RDN18	120	6569	12129	5014	4842	7319	16914
RDN18	121	6497	12152	5045	4810	7270	16846
RDN18	122	6479	12173	5031	4771	7231	16778
RDN18	123	6573	12750	5152	4815	7340	16928
RDN18	124	6839	12927	5452	5064	7717	17481
RDN18	125	6978	12885	5515	4953	7596	17499
RDN18	126	7038	12985	5585	4968	7645	17589
RDN18	127	7070	13014	5627	4942	7659	17601
RDN18	128	7130	13118	5677	4953	7693	17640
RDN18	129	7170	13178	5725	5086	7911	17931
RDN18	130	7244	13293	5812	5173	8020	18184
RDN18	131	7377	13398	5889	5287	8169	18383
RDN18	132	7485	13505	5971	5358	8287	18517
RDN18	133	7685	13706	6103	5464	8465	18696
RDN18	134	8160	14660	6611	6839	10428	20976
RDN18	135	8196	14688	6706	7212	10924	21460
RDN18	136	8298	14780	6857	8080	12129	22542
RDN18	137	8717	16285	7354	9383	13484	25761
RDN18	138	8857	16447	7458	9557	13745	26887
RDN18	139	8991	16805	7573	10261	14424	27935
RDN18	140	9020	16849	7629	10289	14504	27657
RDN18	141	8931	16731	7606	10150	14359	26936
RDN18	142	9197	17007	7815	10264	14486	27047
RDN18	143	9559	17422	8030	10392	14673	27075
RDN18	144	10570	20960	8892	12588	17212	32222
RDN18	145	10615	21129	8935	12797	17529	32525
RDN18	146	10939	21658	9175	13027	17854	33089
RDN18	147	11274	22514	9465	14932	20092	35369
RDN18	148	11540	22778	9694	15391	20696	36115
RDN18	149	11613	22874	9742	15444	20776	36233
RDN18	150	11662	22974	9781	15499	20858	36319
RDN18	151	12015	23152	9943	15595	21002	36523
RDN18	152	12008	23080	9880	15480	20863	36245
RDN18	153	12215	23313	9992	15543	21003	36453
RDN18	154	13045	24172	10353	15982	21751	40233
RDN18	155	13382	24500	10525	16046	22132	41480
RDN18	156	13440	24644	10553	16203	22848	42092
RDN18	157	13608	24745	10690	16279	23139	42301
RDN18	158	13704	24835	10788	16326	23252	42401
RDN18	159	13739	24847	10799	16359	23300	42463
RDN18	160	13840	24892	10877	16392	23367	42599
RDN18	161	13996	24926	11006	16431	23435	42894
RDN18	162	13997	24918	11008	16429	23435	42903
RDN18	163	14040	24947	11046	16439	23480	42923
RDN18	164	14074	24961	11077	16450	23495	42961
RDN18	165	14087	24958	11083	16452	23500	42955
RDN18	166	14052	24804	11006	16354	23388	42476
RDN18	167	13980	24692	10933	16281	23298	41987
RDN18	168	13917	24598	10872	16247	23246	41713
RDN18	169	13910	24585	10861	16245	23262	41657
RDN18	170	13920	24688	10872	16310	23331	41944
RDN18	171	13915	24694	10864	16314	23343	42062
RDN18	172	13920	24800	10854	16344	23392	42447
RDN18	173	13924	24801	10844	16359	23408	42478
RDN18	174	13925	24800	10845	16348	23403	42452
RDN18	175	13945	24794	10859	16362	23418	42479
RDN18	176	13841	24743	10812	16238	23309	42360
RDN18	177	13814	25094	10775	16188	23349	42451
RDN18	178	13821	25120	10760	16235	23447	42614
RDN18	179	13842	25210	10788	16508	23701	43234
RDN18	180	13832	25216	10789	16592	23825	43507
RDN18	181	13874	25287	10839	17147	24832	45230
RDN18	182	13901	25294	10862	17172	24873	45324
RDN18	183	13910	25292	10867	17176	24877	45342
RDN18	184	13923	25313	10880	17182	24901	45393
RDN18	185	13931	25278	10884	17180	24898	45389
RDN18	186	13925	25215	10884	17169	24892	45368
RDN18	187	13916	25205	10887	17170	24895	45364
RDN18	188	13918	25160	10875	17169	24878	45322
RDN18	189	13813	24809	10750	16855	24510	44625
RDN18	190	13031	22924	10043	15378	22578	41297
RDN18	191	6665	11378	5456	8182	11274	23771
RDN18	192	2204	3721	2093	3068	4041	10751
RDN18	193	1447	2464	1511	2148	2909	8473
RDN18	194	1447	2457	1511	2123	2889	8436
RDN18	195	1454	2465	1517	2124	2902	8459
RDN18	196	1467	2515	1524	2138	2942	8518
RDN18	197	1477	2540	1544	2157	3031	8702
RDN18	198	1480	2545	1583	2226	3194	9123
RDN18	199	1320	2421	1522	2175	3084	8898
RDN18	200	1317	2412	1530	2172	3078	8879
RDN18	201	1378	2535	1570	2207	3139	9045
RDN18	202	1389	2539	1567	2209	3144	9070
RDN18	203	1391	2550	1568	2208	3150	9086
RDN18	204	1420	2610	1594	2228	3164	9163
RDN18	205	1506	2987	1669	2308	3279	10762
RDN18	206	1534	3027	1685	2319	3288	10818
RDN18	207	1606	3099	1740	2343	3312	10903
RDN18	208	1621	3153	1749	2353	3327	10955
RDN18	209	1698	3540	1790	2410	3446	11589
RDN18	210	1712	3565	1798	2438	3486	11695
RDN18	211	1744	3692	1813	2457	3518	11826
RDN18	212	1810	4047	1818	2421	3554	11864
RDN18	213	1842	4104	1840	2432	3588	11956
RDN18	214	2043	5359	1910	2570	3948	12675
RDN18	215	2156	5539	1986	2871	4637	13833
RDN18	216	2173	5594	1996	2891	4717	13840
RDN18	217	2197	5678	1995	2913	4773	13866
RDN18	218	2207	5700	1996	2905	4777	13762
RDN18	219	2191	5730	2012	2825	4724	13521
RDN18	220	2219	5714	2025	2796	4694	13393
RDN18	221	2276	5932	2078	2917	5011	13840
RDN18	222	2318	6051	2093	2944	5138	13934
RDN18	223	2365	6168	2120	2929	5163	14464
RDN18	224	2399	6193	2109	2900	5157	14530
RDN18	225	2461	6452	2148	2936	5350	14764
RDN18	226	2443	6416	2132	2779	5224	14526
RDN18	227	2460	6412	2152	2713	5161	14393
RDN18	228	2531	6573	2230	2710	5184	14395
RDN18	229	2572	6554	2265	2676	5135	14338
RDN18	230	2721	6538	2403	2678	5100	14362
RDN18	231	2770	6610	2439	2681	5136	14420
RDN18	232	2813	6632	2483	2699	5171	14506
RDN18	233	2855	6636	2515	2706	5170	14521
RDN18	234	2939	6756	2601	2728	5197	14566
RDN18	235	2988	6924	2658	2753	5235	14602
RDN18	236	3068	6951	2714	2781	5259	14670
RDN18	237	3761	7093	3159	2844	5379	15076
RDN18	238	4332	7290	3651	2996	5466	15496
RDN18	239	4454	7309	3773	2983	5397	15543
RDN18	240	4721	7463	3955	3053	5496	15776
RDN18	241	4923	7580	4090	3093	5556	15909
RDN18	242	4993	7609	4155	3102	5564	15940
RDN18	243	5217	8294	4333	3244	5869	16380
RDN18	244	5359	8363	4475	3293	5958	16555
RDN18	245	5562	8528	4651	3321	6000	16659
RDN18	246	5979	9381	4857	3428	6243	17026
RDN18	247	6157	9492	5017	3466	6310	17213
RDN18	248	6577	10259	5251	3621	6598	17761
RDN18	249	7101	10386	5699	3704	6636	18156
RDN18	250	8123	12370	6321	4166	7672	23723
RDN18	251	9237	13021	7276	5232	9867	27951
RDN18	252	9868	13514	7644	5399	10077	28739
RDN18	253	10917	14717	8351	6241	11823	30997
RDN18	254	11057	14743	8456	6301	11913	31333
RDN18	255	11975	15261	8971	6387	12065	32267
RDN18	256	12743	15990	9530	6841	12948	33515
RDN18	257	13276	16238	9945	6975	13137	33882
RDN18	258	13876	16500	10261	7083	13330	34216
RDN18	259	14260	16661	10489	7116	13371	34282
RDN18	260	14543	16821	10690	7170	13428	34359
RDN18	261	15015	17308	10951	7284	13584	34713
RDN18	262	15192	17394	11062	7322	13622	34837
RDN18	263	15951	18006	11459	7431	13816	35174
RDN18	264	16178	18123	11601	7458	13846	35114
RDN18	265	16934	18805	12085	8041	14778	36664
RDN18	266	17208	18975	12311	8526	15663	38036
RDN18	267	17305	19063	12400	8624	15879	38285
RDN18	268	17458	19270	12527	8646	15904	38289
RDN18	269	17557	19319	12605	8684	15930	38555
RDN18	270	17872	19852	12744	8875	16255	41178
RDN18	271	17954	19887	12786	8895	16289	41125
RDN18	272	18001	19872	12804	8876	16267	41035
RDN18	273	18131	19960	12891	8884	16276	41045
RDN18	274	18195	20037	12927	8927	16289	41162
RDN18	275	18238	20085	12938	8930	16298	41183
RDN18	276	18186	20108	12878	8860	16267	41009
RDN18	277	18062	20000	12791	8764	16183	40597
RDN18	278	18036	19987	12747	8725	16163	40450
RDN18	279	18133	20079	12813	8749	16199	40501
RDN18	280	18213	20135	12858	8768	16230	40553
RDN18	281	18293	20285	12896	8835	16385	40716
RDN18	282	18324	20308	12912	8841	16398	40741
RDN18	283	18357	20318	12942	8846	16404	40759
RDN18	284	18579	20522	13076	8897	16471	40880
RDN18	285	18678	20545	13144	8911	16486	40975
RDN18	286	18694	20571	13161	8909	16482	40975
RDN18	287	18826	20946	13216	8969	16586	41119
RDN18	288	19060	21068	13374	9011	16619	41234
RDN18	289	19264	21105	13483	9036	16624	41266
RDN18	290	19476	21212	13639	9087	16663	41366
RDN18	291	20005	21489	13916	9195	16760	41670
RDN18	292	20348	22141	14090	9377	17072	42260
RDN18	293	21122	22598	14446	9510	17304	44374
RDN18	294	21449	23042	14621	9644	17520	46178
RDN18	295	22015	23317	14929	9842	17792	46738
RDN18	296	22561	24266	15225	10142	18284	47660
RDN18	297	25417	28117	16105	10607	19477	52573
RDN18	298	25977	28879	16285	10768	19755	53508
RDN18	299	26705	29402	16721	10995	20079	54118
RDN18	300	29624	35350	18029	12521	22720	58855
RDN18	301	30225	35711	18456	12705	22985	59303
RDN18	302	30651	35997	18741	12798	23127	59511
RDN18	303	31358	36557	19098	12949	23324	59906
RDN18	304	31610	36742	19281	13035	23455	60159
RDN18	305	31696	36779	19336	13050	23476	60212
RDN18	306	31771	36800	19383	13067	23481	60234
RDN18	307	32155	37015	19707	13270	23785	60657
RDN18	308	32348	37071	19884	13338	23870	60923
RDN18	309	32669	37170	20131	13447	23942	61129
RDN18	310	30849	36252	18652	12439	23125	57493
RDN18	311	31642	38119	19156	13442	24537	71635
RDN18	312	32691	39654	19867	16643	30211	80128
RDN18	313	33398	40011	20114	16915	30864	86311
RDN18	314	34687	40609	20772	17329	31425	92614
RDN18	315	37190	43142	22666	19964	34795	97596
RDN18	316	38665	43735	23927	20593	35533	99352
RDN18	317	39170	43950	24257	20794	35770	100001
RDN18	318	39793	44245	24667	20970	35998	100561
RDN18	319	41728	45675	25820	21907	37431	103448
RDN18	320	42765	45956	26532	22164	37785	106658
RDN18	321	43110	46073	26684	22215	37900	106950
RDN18	322	43996	46625	27192	22448	38288	107967
RDN18	323	44596	46755	27619	22516	38421	108272
RDN18	324	44942	46824	27894	22546	38447	108349
RDN18	325	45294	47006	28158	22595	38524	108572
RDN18	326	45590	47176	28396	22649	38632	109425
RDN18	327	46478	47490	29027	22804	38796	112097
RDN18	328	47669	47758	29805	22903	38971	112429
RDN18	329	48220	47872	30115	22947	39034	112526
RDN18	330	50158	50169	31151	23492	39928	114292
RDN18	331	51885	50885	32391	23891	40632	115842
RDN18	332	54587	51760	34316	24311	41233	117541
RDN18	333	55430	52393	34948	24576	41740	118133
RDN18	334	55692	52500	35092	24630	41823	118275
RDN18	335	55748	52515	35145	24635	41831	118297
RDN18	336	56491	52725	35640	24746	41913	118555
RDN18	337	57501	52929	36310	24911	42061	118945
RDN18	338	57657	52944	36487	24958	42075	119040
RDN18	339	57705	52940	36541	24954	42067	118991
RDN18	340	57999	53234	36828	25065	42272	120298
RDN18	341	58125	53299	36972	25106	42384	120636
RDN18	342	58275	53310	37044	25127	42397	121073
RDN18	343	58374	53372	37124	25168	42455	121356
RDN18	344	58519	53433	37217	25184	42475	121417
RDN18	345	58727	53449	37355	25205	42483	121446
RDN18	346	59281	53589	37780	25320	42560	121667
RDN18	347	59675	53717	38059	25420	42658	121986
RDN18	348	59906	53803	38192	25468	42724	122238
RDN18	349	61023	54687	38733	26000	43396	123897
RDN18	350	62182	54984	39028	26140	43618	126009
RDN18	351	62813	55207	39128	26242	43818	127898
RDN18	352	64350	56902	41024	38785	66261	164929
RDN18	353	64359	56925	40989	38898	66457	165242
RDN18	354	65146	56834	41295	38697	66230	163960
RDN18	355	64726	56107	40974	37737	65095	159618
RDN18	356	66190	55909	41614	37322	64470	157545
RDN18	357	65483	54869	41019	36094	62731	152451
RDN18	358	62462	51997	38771	33545	58953	141340
RDN18	359	61438	52065	38307	36998	64780	148807
RDN18	360	61006	51788	38040	36767	64488	147961
RDN18	361	60528	51499	37642	36478	64153	146896
RDN18	362	60676	51373	37816	36417	64005	146529
RDN18	363	60254	50451	37575	35913	63171	144525
RDN18	364	60893	49639	38080	35554	62139	142318
RDN18	365	57687	45234	35820	33769	57773	134934
RDN18	366	51770	40914	32378	33192	54633	129147
RDN18	367	48504	38496	30368	32395	52995	127157
RDN18	368	49441	38601	31483	32702	53119	131122
RDN18	369	58773	38208	41337	36613	55290	141881
RDN18	370	59569	38063	42285	37008	55659	143032
RDN18	371	60827	38282	43479	37248	55870	143723
RDN18	372	61389	38554	44098	37368	56049	143966
RDN18	373	78803	55511	58706	43603	62321	163435
RDN18	374	78551	56103	58705	43704	62412	163613
RDN18	375	76497	54557	57554	43105	61490	161043
RDN18	376	75335	53714	56928	42733	61089	159549
RDN18	377	76504	55041	58088	43255	61847	161128
RDN18	378	76512	54924	58148	43252	61793	161030
RDN18	379	76784	55115	58391	43333	61915	161439
RDN18	380	77108	55330	58685	43476	62222	163705
RDN18	381	77267	55387	58827	43528	62285	165211
RDN18	382	77375	55402	58894	43573	62345	165314
RDN18	383	77832	55640	59284	43760	62696	165959
RDN18	384	78510	56208	59644	44120	63657	167136
RDN18	385	79020	56416	60110	44458	64845	168464
RDN18	386	80120	57042	61041	45931	69612	174440
RDN18	387	81651	57345	61923	46175	69911	175219
RDN18	388	86051	58102	64581	46481	70115	175671
RDN18	389	86924	58191	65214	46518	70145	175699
RDN18	390	86868	58159	65203	46504	70100	175537
RDN18	391	86927	58110	65339	46523	70071	175426
RDN18	392	87242	58149	65525	46546	70081	175552
RDN18	393	87309	58173	65533	46541	70066	175564
RDN18	394	87231	58126	65448	46494	69976	175411
RDN18	395	87756	58297	65769	46561	70027	175606
RDN18	396	88589	58915	66248	46688	70229	175916
RDN18	397	92091	60612	68334	47189	70934	177511
RDN18	398	93689	61396	69217	47356	71227	178096
RDN18	399	94342	61645	69735	47558	71572	178777
RDN18	400	97314	63955	71690	49045	74091	183343
RDN18	401	97463	64001	71842	49089	74132	183471
RDN18	402	98217	64130	72264	49195	74180	183789
RDN18	403	98830	64214	72710	49295	74320	184085
RDN18	404	98950	64259	72820	49326	74380	184189
RDN18	405	98946	64239	72822	49322	74375	183960
RDN18	406	99430	64571	73256	49763	75437	185199
RDN18	407	99405	64593	73245	49781	75466	185080
RDN18	408	99426	64602	73292	49797	75489	185194
RDN18	409	99755	64978	73552	50002	75798	186665
RDN18	410	99762	64980	73556	50012	75799	186729
RDN18	411	99625	64950	73413	49891	75653	186427
RDN18	412	99284	64877	73362	50779	77211	188395
RDN18	413	98852	64695	73019	50439	76698	187016
RDN18	414	98663	64584	72844	50227	76363	186346
RDN18	415	97419	63982	71754	49222	74933	182635
RDN18	416	96414	63746	70855	49434	75491	181662
RDN18	417	95820	63181	70472	49118	75005	179789
RDN18	418	95690	63054	70386	48924	74625	179005
RDN18	419	96189	63810	70628	48966	74579	178372
RDN18	420	104498	65191	75977	50153	73999	178351
RDN18	421	104243	65021	75630	49874	73576	176916
RDN18	422	104519	65180	75773	49837	73471	176364
RDN18	423	104829	65124	75944	49749	73220	176042
RDN18	424	103141	63858	74351	48026	70973	169595
RDN18	425	102633	63604	73962	47627	70545	167850
RDN18	426	102629	63474	73895	47498	70397	168917
RDN18	427	96329	58316	69469	43277	64433	154526
RDN18	428	94582	57308	68225	42035	63001	149988
RDN18	429	94282	57018	68091	41794	62594	149103
RDN18	430	94851	56778	68408	41577	62095	148113
RDN18	431	87480	48710	61780	34586	49088	125352
RDN18	432	86231	46983	60797	33273	46312	120455
RDN18	433	75461	34842	52304	28587	37736	102410
RDN18	434	71049	31069	49046	26936	34774	96298
RDN18	435	69329	28496	46768	26395	32660	96021
RDN18	436	96810	35180	62425	37502	36291	127805
RDN18	437	97130	36227	62893	39325	38696	132072
RDN18	438	97247	36315	63003	39688	39185	133353
RDN18	439	97242	36317	62994	39705	39211	133421
RDN18	440	97630	36631	63296	39822	39345	133998
RDN18	441	97829	36687	63447	39898	39388	134152
RDN18	442	98311	36754	63860	40018	39455	134499
RDN18	443	99122	37007	64541	40256	39694	136440
RDN18	444	99242	37064	64598	40282	39735	136668
RDN18	445	99283	37114	64613	40451	40006	137100
RDN18	446	99140	36960	64409	40556	40187	137249
RDN18	447	99180	36993	64466	40574	40202	137233
RDN18	448	99217	37011	64495	40588	40222	137266
RDN18	449	99411	37135	64601	40635	40267	137727
RDN18	450	99824	37310	64815	40733	40374	138086
RDN18	451	100459	38013	65261	41255	41023	139074
RDN18	452	100944	38282	65565	41672	41610	139981
RDN18	453	101189	38713	65668	41912	41935	140427
RDN18	454	101185	38714	65634	41897	41945	140443
RDN18	455	101220	38725	65580	41847	42031	140776
RDN18	456	101322	38745	65628	41833	42018	140714
RDN18	457	101231	38641	65575	41758	41888	140407
RDN18	458	101183	38521	65541	41669	41696	139962
RDN18	459	97598	36337	63377	38330	35623	128039
RDN18	460	95668	35326	62152	36932	33435	123946
RDN18	461	94958	34877	61727	36403	32475	122136
RDN18	462	94473	34592	61377	35649	31045	120210
RDN18	463	86355	31414	56347	31962	25324	107506
RDN18	464	86035	31222	56124	31724	25001	106628
RDN18	465	85949	31171	56085	31624	24866	106355
RDN18	466	86081	31172	56144	31570	24786	106148
RDN18	467	86915	33035	56655	32369	25671	107809
RDN18	468	87515	33267	57009	32591	25941	110200
RDN18	469	87389	33332	56794	32548	25875	111415
RDN18	470	86995	34452	56565	33729	27551	113159
RDN18	471	85757	34506	55366	33402	27526	112220
RDN18	472	84970	35105	54398	33162	27594	112353
RDN18	473	84207	35451	53706	33057	28019	111516
RDN18	474	84711	38487	53920	34566	31162	115614
RDN18	475	82316	38372	51998	33427	30927	113158
RDN18	476	80888	38630	50373	32604	30814	112386
RDN18	477	81325	41636	50483	33623	33781	114534
RDN18	478	79879	41462	49374	32515	33317	111922
RDN18	479	76705	41417	46850	30956	33140	107858
RDN18	480	75763	41806	46003	30178	33108	105972
RDN18	481	74460	41705	45022	29256	33163	103856
RDN18	482	73601	42401	44347	29024	33800	108486
RDN18	483	73523	42391	44314	29021	33850	109885
RDN18	484	73388	42409	44207	28933	33847	110895
RDN18	485	73366	42396	44206	28922	33861	110870
RDN18	486	73310	42390	44156	28882	33846	110781
RDN18	487	73310	42395	44208	28870	33839	110691
RDN18	488	73240	42318	44220	28832	33778	110539
RDN18	489	72838	42015	43934	28614	33458	109827
RDN18	490	71790	41585	43171	28321	32993	109920
RDN18	491	70874	41956	42695	30081	34807	111841
RDN18	492	69876	41800	41845	33360	36637	115800
RDN18	493	71256	46229	43108	46890	49636	127836
RDN18	494	71355	46350	43170	47208	49970	128206
RDN18	495	71482	46437	43264	47358	50133	128442
RDN18	496	71589	46482	43356	47390	50161	128528
RDN18	497	72280	46673	44049	47686	50358	129032
RDN18	498	75363	47185	45883	48698	50884	131216
RDN18	499	76258	47566	46500	49145	51266	132034
RDN18	500	80774	47915	48053	49993	51679	134563
RDN18	501	80971	47964	48169	50044	51757	134906
RDN18	502	81206	48105	48289	50181	51884	135443
RDN18	503	82847	48682	48987	50799	52377	157587
RDN18	504	83736	49034	49430	51510	53011	162900
RDN18	505	86409	52739	51791	65189	68340	184826
RDN18	506	87229	53618	52362	67608	70654	189181
RDN18	507	87405	53751	52504	67790	70966	189688
RDN18	508	87577	53853	52609	67838	71078	189774
RDN18	509	87841	54053	52833	67979	71339	190049
RDN18	510	88143	54269	53079	68135	71588	190449
RDN18	511	89558	56153	54251	71647	76756	196760
RDN18	512	89535	56196	54250	71695	76862	196780
RDN18	513	89871	56255	54546	71730	76941	196739
RDN18	514	89779	56119	54972	71608	76916	194720
RDN18	515	89852	55996	55075	71969	77203	195174
RDN18	516	90192	56067	55448	71958	77174	195250
RDN18	517	91346	57753	56143	73034	78702	203031
RDN18	518	91833	58124	56416	73029	79076	205577
RDN18	519	91365	57845	55945	72711	78747	204835
RDN18	520	91775	58685	56393	73383	79688	205712
RDN18	521	91202	58025	56117	72810	78878	203313
RDN18	522	91154	57904	56054	72681	78643	202709
RDN18	523	91333	57926	56311	72575	78573	202347
RDN18	524	92855	58795	57400	72802	78685	203107
RDN18	525	93426	59073	57948	72952	78886	203262
RDN18	526	93763	59607	58212	73232	79440	203841
RDN18	527	93657	59542	58130	73166	79425	203631
RDN18	528	94036	59803	58286	73242	79625	204154
RDN18	529	94223	59828	58589	73533	80145	204856
RDN18	530	94387	59851	58688	73530	80158	204784
RDN18	531	94482	59890	58784	73455	80106	204508
RDN18	532	94198	59693	58598	73127	79883	203523
RDN18	533	94204	59600	58652	72785	79672	202792
RDN18	534	97184	61188	61464	80643	95895	226750
RDN18	535	97185	61129	61492	80461	95820	226316
RDN18	536	96970	61015	61352	80254	95667	225631
RDN18	537	95376	60696	60579	79203	95034	222425
RDN18	538	92762	59635	59074	77016	93220	216921
RDN18	539	89581	58337	57292	74825	90988	211219
RDN18	540	80421	53901	52937	68943	84540	193071
RDN18	541	78532	55220	56222	64540	78878	177280
RDN18	542	70829	51139	51707	57351	70695	156441
RDN18	543	56513	42011	43157	42724	56229	122364
RDN18	544	48005	37371	38494	32501	47068	98850
RDN18	545	45526	35613	36894	28646	43582	90220
RDN18	546	45107	35318	36686	28023	42997	88617
RDN18	547	45191	35255	36853	27904	42820	88264
RDN18	548	45286	35264	36933	27868	42802	88209
RDN18	549	45335	35261	37037	27830	42778	88101
RDN18	550	45414	35207	37148	27788	42717	87893
RDN18	551	45756	35194	37597	27739	42591	87691
RDN18	552	45929	35168	37857	27650	42462	87325
RDN18	553	45692	34949	37692	27401	42155	86130
RDN18	554	44698	33778	36997	26600	40912	82415
RDN18	555	41356	30893	35069	24432	37871	73320
RDN18	556	40667	30427	34578	23962	37349	71682
RDN18	557	40782	30408	34661	23955	37329	71613
RDN18	558	40863	30417	34686	23952	37327	71610
RDN18	559	40861	30403	34696	23949	37314	71586
RDN18	560	40962	30406	34793	23950	37314	71585
RDN18	561	40981	30404	34808	23946	37318	71567
RDN18	562	40973	30368	34816	23934	37305	71554
RDN18	563	40947	30357	34821	23928	37300	71534
RDN18	564	40971	30354	34820	23918	37300	71529
RDN18	565	40900	30319	34770	23903	37277	71457
RDN18	566	40263	29918	34232	23667	37014	70621
RDN18	567	40173	29838	34153	23636	36991	70497
RDN18	568	40065	29732	34007	23600	36940	70380
RDN18	569	36591	27235	31562	22415	35633	67049
RDN18	570	35900	26874	30964	22185	35363	66303
RDN18	571	35426	26660	30700	22083	35221	65940
RDN18	572	34612	26253	30125	21861	34969	65228
RDN18	573	30517	23208	26451	19736	31634	58861
RDN18	574	29516	22451	25761	19212	30560	57105
RDN18	575	19758	13452	17253	11401	16126	33765
RDN18	576	14980	9369	13071	7888	9112	22384
RDN18	577	11524	5800	10311	5971	4707	15204
RDN18	578	9765	4281	9368	5252	2982	12325
RDN18	579	9223	4107	9008	5368	3074	12350
RDN18	580	9130	4096	8945	5347	3059	12294
RDN18	581	9137	4118	8948	5364	3071	12340
RDN18	582	9144	4139	8963	5377	3097	12387
RDN18	583	9154	4138	8983	5385	3098	12452
RDN18	584	9164	4140	9004	5389	3105	12542
RDN18	585	9168	4138	9003	5395	3110	12548
RDN18	586	9178	4134	9014	5401	3114	12564
RDN18	587	9177	4073	9005	5375	3096	12524
RDN18	588	9031	3990	8942	5311	3075	12342
RDN18	589	9012	3934	8923	5245	3042	12680
RDN18	590	8367	3599	8165	4734	2841	11932
RDN18	591	7335	3233	7149	4341	2777	11073
RDN18	592	7021	2944	6723	4069	2621	10826
RDN18	593	6838	2795	6526	3912	2509	10617
RDN18	594	6883	2781	6549	3891	2525	10593
RDN18	595	6889	2767	6574	3890	2525	10603
RDN18	596	6734	2654	6450	3805	2460	10534
RDN18	597	6352	2486	6121	3615	2344	10338
RDN18	598	5863	2362	5734	3425	2180	10245
RDN18	599	5156	2050	5102	3032	1878	9354
RDN18	600	5305	2438	5215	3154	2082	10315
RDN18	601	5456	2652	5357	3239	2210	10555
RDN18	602	5617	2767	5433	3283	2255	10865
RDN18	603	5668	2841	5429	3304	2292	10945
RDN18	604	6190	3545	5795	3530	2574	11261
RDN18	605	6806	4112	6235	3676	2762	11409
RDN18	606	7235	4391	6568	3729	2828	11488
RDN18	607	7707	4904	6880	3816	2940	11664
RDN18	608	7829	4987	6992	3838	2949	11689
RDN18	609	8017	5141	7100	3863	2984	11761
RDN18	610	8214	5346	7187	3886	3035	11840
RDN18	611	8241	5371	7202	3882	3040	11831
RDN18	612	8241	5386	7197	3875	3050	11834
RDN18	613	8250	5400	7213	3873	3050	11885
RDN18	614	7734	5294	6651	3535	2934	11166
RDN18	615	7707	5293	6586	3469	2920	10951
RDN18	616	7674	5285	6555	3413	2867	10796
RDN18	617	7304	5232	6222	3139	2772	10196
RDN18	618	7201	5218	6130	3006	2766	9993
RDN18	619	7458	5331	6451	3065	2836	10110
RDN18	620	7505	5380	6555	3071	2860	10132
RDN18	621	7541	5402	6584	3072	2866	10116
RDN18	622	7571	5424	6617	3066	2866	10077
RDN18	623	7571	5424	6622	3061	2863	10052
RDN18	624	7576	5429	6628	3060	2863	10058
RDN18	625	7629	5469	6706	3086	2870	10121
RDN18	626	7654	5482	6737	3086	2869	10138
RDN18	627	7709	5487	6799	3083	2864	10138
RDN18	628	7753	5510	6857	3082	2862	10249
RDN18	629	6942	5463	6160	2651	2731	9905
RDN18	630	6956	5462	6169	2637	2723	9847
RDN18	631	7015	5485	6196	2651	2735	9878
RDN18	632	7036	5527	6200	2631	2726	9882
RDN18	633	7038	5545	6161	2609	2719	9842
RDN18	634	7095	5615	6198	2610	2734	9888
RDN18	635	7313	5775	6317	2676	2851	10134
RDN18	636	7416	5864	6374	2669	2918	10286
RDN18	637	7460	5903	6416	2672	2929	10375
RDN18	638	7471	5938	6446	2674	2931	10398
RDN18	639	7496	5952	6451	2668	2933	10404
RDN18	640	7503	5965	6453	2665	2933	10411
RDN18	641	7502	5968	6443	2659	2934	10398
RDN18	642	7501	5969	6451	2660	2936	10396
RDN18	643	7489	5959	6451	2662	2934	10393
RDN18	644	7466	5922	6421	2644	2915	10337
RDN18	645	7182	5734	6239	2533	2777	10085
RDN18	646	4208	3811	3760	1465	1579	6810
RDN18	647	3232	3429	2966	1198	1343	5872
RDN18	648	2886	3417	2654	1142	1373	5794
RDN18	649	2831	3430	2624	1156	1396	5881
RDN18	650	2864	3434	2680	1170	1444	5949
RDN18	651	3074	3750	2851	1302	1635	6277
RDN18	652	3189	3878	2951	1377	1718	6490
RDN18	653	3373	3951	3151	1414	1747	6739
RDN18	654	3577	4079	3330	1458	1816	6890
RDN18	655	3758	4219	3515	1489	1870	6992
RDN18	656	3995	4321	3732	1543	1907	7126
RDN18	657	4087	4395	3772	1548	1917	7192
RDN18	658	4079	4406	3750	1553	1917	7210
RDN18	659	4106	4419	3697	1549	1942	7233
RDN18	660	4387	4700	3968	1630	2132	7521
RDN18	661	4634	4799	4221	1696	2213	7697
RDN18	662	4987	4972	4511	1795	2410	8004
RDN18	663	5293	5214	4923	1929	2752	8373
RDN18	664	5536	5303	5114	1964	2902	8559
RDN18	665	5650	5342	5231	2002	2984	8662
RDN18	666	5903	5464	5465	2090	3150	8921
RDN18	667	5952	5472	5490	2094	3157	8936
RDN18	668	6008	5506	5524	2099	3162	8980
RDN18	669	6197	5586	5660	2130	3188	9059
RDN18	670	6493	5595	5935	2189	3191	9231
RDN18	671	6579	5665	6005	2207	3209	9283
RDN18	672	6644	5793	6048	2240	3287	9583
RDN18	673	6661	5802	6062	2248	3294	9610
RDN18	674	6661	5798	6078	2256	3324	9605
RDN18	675	6497	5746	5983	2222	3316	9224
RDN18	676	6386	5666	5898	2200	3295	8875
RDN18	677	6552	6136	6020	2274	3498	9133
RDN18	678	6547	6178	5981	2273	3534	8977
RDN18	679	6463	6163	5931	2250	3536	8761
RDN18	680	6569	6290	6049	2279	3607	8864
RDN18	681	6661	6392	6134	2295	3656	8938
RDN18	682	6723	6398	6180	2313	3661	8998
RDN18	683	6817	6430	6278	2341	3667	9169
RDN18	684	7026	6627	6504	2397	3744	9355
RDN18	685	7079	6632	6560	2410	3746	9393
RDN18	686	7133	6651	6606	2419	3743	9425
RDN18	687	7198	6653	6690	2430	3743	9439
RDN18	688	7212	6635	6727	2431	3721	9457
RDN18	689	7240	6615	6734	2421	3676	9453
RDN18	690	7210	6560	6772	2399	3602	9392
RDN18	691	6701	5640	6256	2045	2864	8243
RDN18	692	5275	4558	5042	1607	2086	6809
RDN18	693	4789	4151	4540	1482	1868	6414
RDN18	694	4740	4123	4469	1476	1884	6445
RDN18	695	4779	4146	4521	1487	1924	6672
RDN18	696	4810	4154	4536	1489	1935	6713
RDN18	697	4889	4259	4600	1575	2168	7197
RDN18	698	4951	4329	4654	1600	2185	7254
RDN18	699	4990	4373	4683	1604	2197	7306
RDN18	700	5002	4377	4686	1606	2200	7323
RDN18	701	5172	4452	4802	1621	2207	7406
RDN18	702	5391	4543	4958	1640	2252	7541
RDN18	703	5718	4754	5219	1697	2345	9863
RDN18	704	5794	4820	5290	1705	2389	11074
RDN18	705	5813	4850	5345	1710	2408	11335
RDN18	706	6027	5145	5676	3299	6318	17982
RDN18	707	6070	5172	5758	3386	6543	18482
RDN18	708	6146	5218	5803	3408	6580	18634
RDN18	709	6192	5284	5842	3429	6621	18732
RDN18	710	6210	5293	5867	3430	6632	18769
RDN18	711	6332	5413	5997	3475	6708	18932
RDN18	712	6331	5420	5968	3477	6721	18941
RDN18	713	6348	5425	5988	3489	6739	18961
RDN18	714	6427	5585	6047	3517	6819	19148
RDN18	715	6435	5656	6068	3523	6836	19192
RDN18	716	6419	5677	6061	3536	6851	19236
RDN18	717	6427	5767	6099	3594	6948	19426
RDN18	718	6373	5712	6056	3630	6982	19484
RDN18	719	6368	5773	6086	3706	7112	19652
RDN18	720	6385	5783	6108	3715	7116	19687
RDN18	721	6553	5883	6307	3765	7207	19826
RDN18	722	6552	5895	6322	3773	7217	19842
RDN18	723	6637	5956	6391	3794	7256	19914
RDN18	724	6726	6046	6449	3831	7346	20060
RDN18	725	6743	6073	6459	3849	7373	20127
RDN18	726	6792	6118	6484	3863	7403	20187
RDN18	727	6789	6124	6490	3864	7413	20207
RDN18	728	6816	6147	6502	3876	7425	20235
RDN18	729	6879	6235	6566	3924	7551	20411
RDN18	730	6917	6279	6620	3978	7617	20749
RDN18	731	6941	6315	6631	3999	7651	20819
RDN18	732	7058	6743	6715	4119	8047	21184
RDN18	733	7215	7445	7103	11349	20863	34103
RDN18	734	7332	7719	7398	14230	26376	40062
RDN18	735	7345	7776	7413	14267	26467	40662
RDN18	736	7478	8004	7484	14435	26811	43817
RDN18	737	7414	7990	7359	14444	26842	43695
RDN18	738	7852	8050	7568	14523	26939	43759
RDN18	739	8415	9172	7768	15596	29118	46819
RDN18	740	8649	9359	8102	18135	36064	56323
RDN18	741	8501	9658	8090	19445	40237	60599
RDN18	742	8590	9953	8164	19542	40482	60964
RDN18	743	8542	9988	8111	19546	40531	60974
RDN18	744	8638	10271	8188	19610	40706	61366
RDN18	745	9085	11601	8515	19990	41423	63873
RDN18	746	9176	11840	8578	20144	41667	64306
RDN18	747	9308	12121	8619	20218	41821	64648
RDN18	748	9502	12484	8751	20329	42029	65074
RDN18	749	9832	12813	8955	20447	42217	65377
RDN18	750	9980	12957	9045	20554	42371	65769
RDN18	751	10333	13371	9282	20779	42779	66492
RDN18	752	10661	13831	9440	20974	43138	67142
RDN18	753	11448	15362	9774	21233	43768	68049
RDN18	754	12786	16946	10281	21927	45397	70582
RDN18	755	13707	17762	10787	22445	46372	72092
RDN18	756	15922	21617	12242	25793	52033	81125
RDN18	757	16268	22198	12467	26212	52757	82245
RDN18	758	17048	22846	12832	26467	53187	84144
RDN18	759	18599	23884	13680	26978	53823	85844
RDN18	760	19557	24609	14355	27592	54640	86964
RDN18	761	20187	25109	14664	28053	55093	87504
RDN18	762	21129	25993	15154	28668	55898	88767
RDN18	763	21449	26160	15345	28723	55913	88820
RDN18	764	21519	26234	15343	28693	55838	88647
RDN18	765	22269	26950	15782	28904	56185	89329
RDN18	766	23612	29390	16440	29724	57839	92772
RDN18	767	24618	30518	16941	30086	58876	99458
RDN18	768	24946	30787	17072	30211	59127	100178
RDN18	769	25678	31470	17567	30816	60279	101703
RDN18	770	26636	31905	18131	31335	61179	102823
RDN18	771	27072	32172	18542	32508	63743	105438
RDN18	772	28021	32546	19066	32741	64239	108432
RDN18	773	28360	32479	19127	32370	63775	108447
RDN18	774	28424	32445	19178	32241	63598	107909
RDN18	775	29910	33028	20054	32402	63654	108075
RDN18	776	30263	33003	20359	32166	63189	107225
RDN18	777	28698	30106	18931	23043	44285	86208
RDN18	778	28276	29459	18501	20549	39676	80742
RDN18	779	28063	29286	18302	19360	37684	78548
RDN18	780	27955	29025	18163	18623	36537	77310
RDN18	781	28116	29034	18257	18591	36471	77192
RDN18	782	28158	29045	18281	18595	36465	77196
RDN18	783	28380	29061	18439	18639	36476	77313
RDN18	784	28622	29169	18606	18781	36547	77903
RDN18	785	28698	29168	18656	18796	36544	77937
RDN18	786	29033	29217	18866	18838	36573	78095
RDN18	787	29268	29308	19004	18906	36629	78280
RDN18	788	29914	29887	19545	20633	38464	81136
RDN18	789	30005	29934	19663	21017	38976	81805
RDN18	790	35625	35902	23131	24178	43130	94956
RDN18	791	41478	37570	26857	26529	45935	100129
RDN18	792	48820	43473	31152	29931	50187	110042
RDN18	793	51637	44764	33028	31451	51998	112731
RDN18	794	52511	44986	33574	31581	52149	113111
RDN18	795	63122	46925	40364	32912	53494	116718
RDN18	796	72780	50279	46378	34767	55745	121806
RDN18	797	74841	50854	47749	35068	56612	129853
RDN18	798	77532	52779	49658	35977	59182	151115
RDN18	799	79220	53080	50981	36195	59450	151678
RDN18	800	78678	51356	50511	34564	57845	147538
RDN18	801	82742	53668	53824	35406	59084	149685
RDN18	802	84697	54720	55335	36053	59826	150970
RDN18	803	88879	60863	60381	75114	114982	231319
RDN18	804	102178	69554	70591	80857	123857	255679
RDN18	805	108525	72682	75453	82887	126459	262257
RDN18	806	111565	76993	78149	92028	140621	281297
RDN18	807	114312	78355	80791	93943	143970	286905
RDN18	808	121983	81333	87280	95307	146641	297866
RDN18	809	130911	92452	94986	102424	160026	316533
RDN18	810	135640	97035	99038	106041	165236	324139
RDN18	811	140901	105202	104852	135862	208028	375378
RDN18	812	142877	106750	109129	163729	256157	428767
RDN18	813	150656	113430	116143	168545	264154	449855
RDN18	814	151690	114073	117439	169505	265619	451302
RDN18	815	151994	114281	117789	169619	265818	451585
RDN18	816	156476	132264	121934	180326	284128	470671
RDN18	817	159075	133105	124483	181575	285546	472853
RDN18	818	165374	137879	130325	183838	288044	477709
RDN18	819	170389	142970	134569	188175	293303	485392
RDN18	820	171774	145400	135841	190634	296566	488908
RDN18	821	174151	147756	137881	191908	298702	491287
RDN18	822	177822	149892	141175	193197	300536	493898
RDN18	823	180268	151853	143013	193892	301646	495175
RDN18	824	190221	154628	149109	196273	303648	500605
RDN18	825	193448	155919	151117	197507	305341	503664
RDN18	826	193901	156208	151576	197872	305728	504893
RDN18	827	196468	157102	153366	198600	306534	507169
RDN18	828	213348	171184	163799	209340	320492	641598
RDN18	829	220302	176813	168667	212779	325760	648880
RDN18	830	222250	178416	170191	213668	327593	651494
RDN18	831	237116	186369	178680	220177	340484	669169
RDN18	832	241173	189043	181427	221840	343965	675254
RDN18	833	243962	191498	183092	222742	346763	679276
RDN18	834	245051	192763	183954	223141	348043	680887
RDN18	835	246677	193288	185275	223411	348618	681782
RDN18	836	248020	193454	186262	223571	348760	682197
RDN18	837	249580	193925	187642	223853	349300	682939
RDN18	838	250868	194090	188513	224041	349486	683375
RDN18	839	257229	194653	192704	225155	350199	686353
RDN18	840	258684	195164	193922	225618	351098	687621
RDN18	841	259214	195345	194360	225840	351442	688139
RDN18	842	259976	195579	195027	226143	352032	689089
RDN18	843	263300	196398	197976	227204	353789	695626
RDN18	844	263538	196438	198188	227274	353898	695895
RDN18	845	263637	196445	198292	227285	353895	695915
RDN18	846	266103	196871	199882	227961	354195	698067
RDN18	847	268387	196962	201480	228325	354321	699408
RDN18	848	268429	196904	201502	228253	354235	699271
RDN18	849	268787	196937	201744	228315	354189	701106
RDN18	850	273159	196869	204048	228948	353407	704703
RDN18	851	273200	196674	204071	228610	352977	704025
RDN18	852	273691	196602	204262	228464	352667	703803
RDN18	853	274629	197063	204957	228794	352888	706651
RDN18	854	275146	197105	205283	228956	352950	707494
RDN18	855	276409	197940	206321	230679	354602	711528
RDN18	856	276899	197986	206678	230899	354775	711970
RDN18	857	277647	197977	207129	230966	354725	712037
RDN18	858	278646	198654	207989	231470	355288	713544
RDN18	859	279459	198910	208726	232401	356346	716498
RDN18	860	280282	199199	209196	232498	356500	717236
RDN18	861	281199	199440	209776	232600	356617	718267
RDN18	862	282634	200313	210672	233165	357410	720105
RDN18	863	282767	200182	210689	232976	357210	720132
RDN18	864	282711	199870	210501	232632	356846	719425
RDN18	865	282931	199435	210499	232153	356333	717667
RDN18	866	281814	198264	209404	230379	354298	710066
RDN18	867	279326	195648	207225	226594	349220	697946
RDN18	868	266283	181953	196167	206504	319728	643428
RDN18	869	234801	151228	170290	167942	259302	530165
RDN18	870	119892	47026	81234	59358	74303	193628
RDN18	871	93279	27481	61683	35282	35757	122602
RDN18	872	88660	23191	58016	29812	26449	106930
RDN18	873	88008	22573	57463	29028	25197	104755
RDN18	874	87492	21981	57055	28415	24074	102834
RDN18	875	87366	21736	56923	28199	23545	101871
RDN18	876	87101	20978	56586	27441	21958	99067
RDN18	877	88077	20543	57026	27247	20958	97704
RDN18	878	95851	20652	60955	28399	20218	98495
RDN18	879	95920	19968	60776	28000	19036	96448
RDN18	880	94615	18855	59618	27411	17278	97470
RDN18	881	90933	16837	57165	25871	14075	90975
RDN18	882	90349	16499	56586	25613	13570	90228
RDN18	883	90568	16367	56430	25620	13376	91760
RDN18	884	91016	16492	56636	25749	13448	92095
RDN18	885	92585	17041	57460	26107	13645	93894
RDN18	886	94490	18388	58391	26825	14123	97652
RDN18	887	94826	18491	58580	26958	14180	97994
RDN18	888	95262	18779	58774	27142	14373	98520
RDN18	889	96584	19126	59158	27335	14640	101346
RDN18	890	96985	19198	59311	27422	14712	102073
RDN18	891	97466	19491	59620	27933	15154	103760
RDN18	892	97716	19618	59784	28013	15258	103996
RDN18	893	97323	19588	59462	27859	15227	103581
RDN18	894	97289	19606	59401	27831	15248	103513
RDN18	895	97151	19814	59282	27833	15341	103509
RDN18	896	96579	19790	58844	27602	15325	103274
RDN18	897	87748	19311	53152	25669	14922	99036
RDN18	898	87240	19249	52799	25530	14844	98697
RDN18	899	68498	17856	41770	21443	13415	88337
RDN18	900	61728	17168	37708	19567	12649	84069
RDN18	901	60216	17148	36883	19159	12528	83036
RDN18	902	53392	16511	33168	17585	11742	78993
RDN18	903	48941	16060	30619	16425	11138	75880
RDN18	904	46805	15752	29517	15897	10701	74187
RDN18	905	47631	15967	30126	16245	10913	74808
RDN18	906	48271	16166	30512	17011	11627	76679
RDN18	907	50414	16612	31764	17616	12086	78002
RDN18	908	51967	16931	32596	17922	12262	78718
RDN18	909	52638	17135	33032	18120	12420	79106
RDN18	910	53392	17366	33504	18313	12566	79660
RDN18	911	54375	17512	34160	18462	12646	79985
RDN18	912	54937	17564	34597	18563	12676	80108
RDN18	913	56355	17732	35573	18742	12772	80401
RDN18	914	64629	21819	40242	23092	14821	90556
RDN18	915	67160	22219	41643	23575	15084	91814
RDN18	916	68346	22477	42331	23779	15217	92378
RDN18	917	69987	22774	43361	24000	15368	92963
RDN18	918	73911	25553	45837	25773	16874	103843
RDN18	919	75979	26170	47354	26287	17446	105439
RDN18	920	76878	26320	48047	26395	17538	105727
RDN18	921	77275	26401	48418	26453	17591	105863
RDN18	922	78937	27401	49799	26961	18291	107267
RDN18	923	79273	27469	50085	27143	18418	107774
RDN18	924	80275	27626	50911	27342	18572	108215
RDN18	925	82097	28816	52229	28314	19495	110692
RDN18	926	82784	29161	52816	28676	19856	111543
RDN18	927	82974	29217	52951	28717	19881	111673
RDN18	928	85039	30174	54604	29317	20469	115657
RDN18	929	88799	32674	59268	50260	44107	157861
RDN18	930	88982	32788	59475	50360	44231	158167
RDN18	931	89557	32998	59882	50530	44372	158465
RDN18	932	92301	35088	62174	52125	45619	171732
RDN18	933	92888	35623	62629	52462	45988	172728
RDN18	934	93059	35630	62855	52599	45978	172753
RDN18	935	94052	36049	63727	52814	46130	173174
RDN18	936	94441	36334	64216	53032	46327	173915
RDN18	937	94974	37377	64610	53369	46844	174417
RDN18	938	95974	38230	65435	54403	47416	175971
RDN18	939	97495	40011	66721	57991	50509	181634
RDN18	940	97997	40338	67183	59426	51502	183271
RDN18	941	98879	41084	67984	60799	52566	185790
RDN18	942	99683	41466	68623	61336	52978	189418
RDN18	943	101840	43703	70108	66772	57521	210396
RDN18	944	103689	45559	71585	71493	60239	217894
RDN18	945	105090	46781	72513	73644	61774	221008
RDN18	946	105696	46903	72906	74012	61898	221629
RDN18	947	107090	47612	73807	74921	62567	223487
RDN18	948	109701	50879	75232	78182	66813	235806
RDN18	949	110110	51216	75512	78523	67280	242633
RDN18	950	110635	51586	75859	78839	67620	248945
RDN18	951	110777	51811	76641	80082	69400	250555
RDN18	952	107999	49664	74868	78215	67469	244668
RDN18	953	106967	48997	74221	77521	66863	242214
RDN18	954	110322	53093	79137	81606	69042	251720
RDN18	955	110275	52927	79411	81509	68908	251226
RDN18	956	108657	51059	78649	80590	67024	247840
RDN18	957	109119	51047	79554	80688	66934	247951
RDN18	958	108960	50863	79554	80593	66711	247500
RDN18	959	109119	50886	79718	80681	66741	247683
RDN18	960	109423	51094	79990	80801	66873	248056
RDN18	961	109482	51122	80085	80827	66901	248304
RDN18	962	109649	51481	80256	80995	67144	250402
RDN18	963	109772	51584	80350	81061	67213	250619
RDN18	964	109982	51791	80481	81115	67282	251102
RDN18	965	110147	51878	80585	81146	67320	251325
RDN18	966	110388	52262	80771	81461	67727	252328
RDN18	967	110490	52428	80832	81558	67861	252615
RDN18	968	110485	52432	80829	81543	67872	252664
RDN18	969	110507	52562	80834	81525	67903	253144
RDN18	970	109751	52442	80387	81580	69249	250659
RDN18	971	109612	52390	80305	81422	69194	249034
RDN18	972	109730	52468	80400	81435	69217	248999
RDN18	973	118967	59554	88081	84177	71831	257125
RDN18	974	122532	59993	92376	84475	71868	257129
RDN18	975	122464	60054	92308	84342	71791	256664
RDN18	976	122382	60058	92245	84248	71748	256326
RDN18	977	122394	60211	92282	84218	71786	255988
RDN18	978	121003	59989	91277	83354	71476	252777
RDN18	979	121176	60119	91554	83375	71532	252727
RDN18	980	121447	60337	91790	83395	71587	252733
RDN18	981	121399	60389	91747	83288	71547	252413
RDN18	982	121800	60851	91895	83093	71490	252426
RDN18	983	120951	60543	91216	82260	70954	249377
RDN18	984	115647	59278	87545	78313	68943	236640
RDN18	985	64882	37239	53906	40653	36219	132337
RDN18	986	42429	28450	38519	24945	22503	87177
RDN18	987	36547	28332	34716	19501	18786	67983
RDN18	988	34679	28292	33551	17502	17227	59870
RDN18	989	33210	27541	32479	16088	15895	55149
RDN18	990	32274	27008	31873	15379	15109	52714
RDN18	991	32239	27556	31838	15276	15099	51915
RDN18	992	31674	27014	31335	14656	14747	49625
RDN18	993	31745	27070	31441	14777	14986	50036
RDN18	994	32408	28957	31771	15046	15673	50600
RDN18	995	32269	28840	31606	14497	15296	48854
RDN18	996	32101	28668	31440	14141	15040	47698
RDN18	997	32745	30401	31819	14703	16252	49187
RDN18	998	32938	30787	31968	15225	17055	50299
RDN18	999	33377	30972	32158	15274	17186	51165
RDN18	1000	33343	31118	31724	14811	17090	50792
RDN18	1001	34248	31543	32214	15031	17464	51431
RDN18	1002	34976	32874	32606	15343	18053	52335
RDN18	1003	35061	32900	32630	15411	18146	52556
RDN18	1004	36041	34069	33020	15819	18814	55820
RDN18	1005	36787	34715	33437	16282	19642	57453
RDN18	1006	36806	34710	33417	16250	19645	57403
RDN18	1007	38059	35133	34094	16347	19674	57326
RDN18	1008	38975	36386	34612	16594	20181	58213
RDN18	1009	39167	36398	34559	16533	20148	58126
RDN18	1010	34543	34281	29861	14610	18262	52771
RDN18	1011	34815	35201	29443	14426	18344	53846
RDN18	1012	30667	34031	25175	12960	17422	49758
RDN18	1013	31024	34149	25225	12964	17494	49746
RDN18	1014	32907	35244	26348	13333	17785	50489
RDN18	1015	33275	35394	26576	13405	17850	50651
RDN18	1016	33809	35787	26866	13544	18028	51070
RDN18	1017	34469	36074	27192	13635	18084	51398
RDN18	1018	34864	36230	27402	13697	18135	51565
RDN18	1019	35123	36532	27559	13953	18557	52355
RDN18	1020	35409	36723	27758	14127	18826	53456
RDN18	1021	35760	36883	27944	14177	18877	54206
RDN18	1022	35986	37375	28027	14284	19039	55403
RDN18	1023	36372	37821	28148	14343	19226	55905
RDN18	1024	36127	37790	27976	14209	19207	55441
RDN18	1025	36525	38134	28181	14273	19386	55533
RDN18	1026	36932	38578	28379	14457	19771	56154
RDN18	1027	37057	38636	28440	14470	19798	56254
RDN18	1028	37254	38722	28534	14492	19824	56429
RDN18	1029	37806	38996	28806	14600	19935	57203
RDN18	1030	37874	39024	28813	14624	19976	57277
RDN18	1031	38017	39055	28923	14632	19985	57299
RDN18	1032	38849	39338	29387	14742	20146	58095
RDN18	1033	38902	39348	29390	14735	20139	58093
RDN18	1034	39114	39391	29433	14674	20098	57903
RDN18	1035	40398	40971	30047	14919	20540	58565
RDN18	1036	40499	41246	29908	14720	20416	58766
RDN18	1037	37017	39889	25390	12894	18521	56140
RDN18	1038	37446	40048	25453	12895	18492	57070
RDN18	1039	36996	39754	24660	12544	18236	56350
RDN18	1040	33345	38977	20564	11304	17309	52853
RDN18	1041	32658	38673	19872	10900	16937	51201
RDN18	1042	33279	40346	20192	11158	17622	51578
RDN18	1043	33536	40747	20343	11516	18382	52546
RDN18	1044	33479	40718	20287	11471	18348	52308
RDN18	1045	33637	40882	20355	11464	18328	52228
RDN18	1046	34228	41009	20738	11531	18363	52339
RDN18	1047	35928	41374	21755	11771	18457	52758
RDN18	1048	39784	43492	24126	12374	18860	53739
RDN18	1049	41085	44301	25114	12571	19014	54034
RDN18	1050	46235	46786	28685	13411	19691	55219
RDN18	1051	50806	47673	32140	14085	20019	56161
RDN18	1052	56840	49232	36983	15002	20573	57475
RDN18	1053	67822	50744	44487	16275	21218	59366
RDN18	1054	72628	51758	47640	16947	21625	60509
RDN18	1055	75799	52586	49636	17403	22007	61352
RDN18	1056	78635	53562	51437	17912	22529	62221
RDN18	1057	80769	54417	52847	18362	23152	63179
RDN18	1058	82022	55282	53750	18742	23854	64102
RDN18	1059	83264	56331	54443	19028	24349	65019
RDN18	1060	84587	57237	55298	19384	24915	66177
RDN18	1061	88125	61218	58612	33026	52787	99403
RDN18	1062	88362	61296	58846	33314	53313	100163
RDN18	1063	88541	61348	58957	33353	53344	100241
RDN18	1064	89030	61978	59264	33495	53600	100594
RDN18	1065	89292	62096	59441	33613	53781	100851
RDN18	1066	89328	62131	59474	33629	53801	100926
RDN18	1067	89708	62235	59744	33691	53860	102929
RDN18	1068	90065	62440	59978	33780	53951	104692
RDN18	1069	90306	62545	60105	33839	54003	104161
RDN18	1070	90828	62829	60468	33938	54138	104457
RDN18	1071	91011	62876	60569	33954	54158	104509
RDN18	1072	91707	63034	61098	34024	54230	104744
RDN18	1073	92612	63530	61635	34165	54465	105068
RDN18	1074	92762	63574	61719	34176	54478	105221
RDN18	1075	95311	64539	63467	34832	55134	110089
RDN18	1076	95505	64526	63637	34845	55155	110093
RDN18	1077	95654	64388	63763	34762	55058	109801
RDN18	1078	94653	63771	62745	34447	54719	108842
RDN18	1079	94781	63548	62695	34363	54636	108594
RDN18	1080	98531	66226	65837	35864	56858	117274
RDN18	1081	98836	66283	66119	35950	56974	117651
RDN18	1082	99036	66341	66329	35977	57025	117752
RDN18	1083	101418	67182	68619	36444	57826	118731
RDN18	1084	103283	68256	70361	36810	59391	119620
RDN18	1085	107101	69911	74082	37672	61186	121037
RDN18	1086	107834	70030	74820	37811	61564	120842
RDN18	1087	111653	73626	78252	40185	65222	125501
RDN18	1088	115507	76608	81705	42679	68583	131772
RDN18	1089	118935	78268	84160	43204	69665	140756
RDN18	1090	119157	78350	84331	43232	69713	141173
RDN18	1091	122396	79755	88015	47387	75109	152208
RDN18	1092	123109	80075	88789	47531	75243	152304
RDN18	1093	124078	80353	89846	47700	75381	152720
RDN18	1094	126778	81331	92501	48102	75696	153548
RDN18	1095	127740	81717	93381	48410	75969	154244
RDN18	1096	128129	81911	93774	48514	76046	154395
RDN18	1097	128443	82147	94040	48582	76074	154516
RDN18	1098	128499	82160	94110	48509	75872	154231
RDN18	1099	128995	82226	94442	48497	75807	154169
RDN18	1100	130063	82648	95295	48597	75914	154312
RDN18	1101	130439	82692	95598	48562	75811	154132
RDN18	1102	135731	83179	100484	49065	75829	154898
RDN18	1103	136182	83296	100896	49081	75733	154668
RDN18	1104	136243	83343	100959	49213	75744	154632
RDN18	1105	135824	83096	100652	48776	75279	153487
RDN18	1106	135922	83020	100683	48700	75165	153209
RDN18	1107	135969	82984	100804	48672	75108	153056
RDN18	1108	136591	82976	101453	48703	75057	153036
RDN18	1109	140203	83123	105334	48918	74333	152648
RDN18	1110	133846	78649	101779	45829	67594	143135
RDN18	1111	137766	75467	110338	45590	62936	140504
RDN18	1112	126207	63710	104131	38594	45202	117608
RDN18	1113	120096	59652	99372	35949	38872	110966
RDN18	1114	115393	56701	95948	33910	34065	108519
RDN18	1115	113874	56184	94897	33716	32776	114415
RDN18	1116	115809	56222	98138	36677	36195	123716
RDN18	1117	115641	56121	98071	36653	36101	123457
RDN18	1118	115787	56149	98201	36699	36147	123547
RDN18	1119	116265	56265	98674	36829	36200	123954
RDN18	1120	116539	56270	98901	36864	36205	124088
RDN18	1121	116665	56292	98964	36900	36258	124194
RDN18	1122	116707	56279	99005	36909	36259	124537
RDN18	1123	116564	56078	98877	36852	36149	124783
RDN18	1124	115115	55272	98044	36501	35653	123713
RDN18	1125	116651	55210	99640	36687	35574	124174
RDN18	1126	138438	55847	122896	39966	35788	131488
RDN18	1127	143089	55806	130728	40436	35691	132303
RDN18	1128	142361	55002	130317	40145	35158	131238
RDN18	1129	142243	54820	130168	40024	34970	130796
RDN18	1130	141835	54492	129908	39841	34701	130154
RDN18	1131	142163	54589	130277	40017	34879	130696
RDN18	1132	142794	54949	130892	40530	35412	132301
RDN18	1133	142969	54986	131130	40586	35450	132470
RDN18	1134	144330	55172	132532	40815	35560	133698
RDN18	1135	145225	55558	133284	40967	35705	134950
RDN18	1136	145398	55608	133492	40950	35715	135045
RDN18	1137	145647	55628	133720	40985	35737	135182
RDN18	1138	145839	55573	133959	41052	35892	135667
RDN18	1139	146974	55600	136506	47352	43024	159710
RDN18	1140	146961	55356	136543	47104	42720	158805
RDN18	1141	145372	53771	135332	46080	41389	154777
RDN18	1142	139463	50058	130863	44110	39028	146393
RDN18	1143	128474	43193	121733	39766	33945	131378
RDN18	1144	102937	26951	101438	31016	23053	103432
RDN18	1145	95604	22871	95348	28282	20166	94704
RDN18	1146	93432	22126	93776	27493	19507	91677
RDN18	1147	92548	21680	93149	27204	19230	90711
RDN18	1148	91289	21108	92323	26818	18859	89386
RDN18	1149	91263	21068	92304	26796	18840	89272
RDN18	1150	91283	21165	92290	26790	18909	89218
RDN18	1151	91178	21115	92208	26743	18936	88993
RDN18	1152	91067	21063	92202	26709	18898	88758
RDN18	1153	91425	21110	92510	26721	18905	88677
RDN18	1154	91357	21116	92471	26693	18898	88528
RDN18	1155	91358	21124	92451	26653	18879	88363
RDN18	1156	91260	21062	92535	26673	18854	88393
RDN18	1157	90897	20664	92332	26453	18439	87253
RDN18	1158	90350	19976	91905	26099	17825	85528
RDN18	1159	90106	19665	91770	26009	17604	85059
RDN18	1160	89836	19245	91590	25833	17241	84128
RDN18	1161	89720	19126	91513	25762	17153	83818
RDN18	1162	88322	18636	90759	25437	16892	82777
RDN18	1163	86489	18520	89267	25103	16755	81520
RDN18	1164	83980	18507	87489	24556	16690	79629
RDN18	1165	63034	16743	73653	20821	15984	68841
RDN18	1166	52731	16435	64755	18806	15714	62208
RDN18	1167	50699	16370	62589	18352	15648	60369
RDN18	1168	49738	16320	61380	18110	15606	59607
RDN18	1169	49543	16364	61007	18044	15624	59329
RDN18	1170	49071	16322	60437	17871	15618	58930
RDN18	1171	49094	16347	60463	17886	15695	58995
RDN18	1172	49163	16375	60484	17886	15714	58975
RDN18	1173	48972	16346	60079	17830	15700	58753
RDN18	1174	45440	15880	55208	17254	15513	57504
RDN18	1175	45006	15932	54246	17099	15520	56910
RDN18	1176	44692	15856	53606	16992	15496	56505
RDN18	1177	38874	15102	42790	14951	15091	51744
RDN18	1178	39855	15217	43168	14841	15100	51063
RDN18	1179	40134	15202	43078	14761	15081	50634
RDN18	1180	31344	13866	32550	12602	13936	44779
RDN18	1181	25271	13741	19595	10313	13508	39590
RDN18	1182	25047	13999	17655	9906	13596	38599
RDN18	1183	26295	15438	18482	10950	15165	40144
RDN18	1184	26917	15767	18901	11143	15435	40483
RDN18	1185	27456	16149	19276	11291	15624	40797
RDN18	1186	27602	16199	19410	11354	15654	40892
RDN18	1187	28040	16318	19768	11492	15724	41296
RDN18	1188	30143	19311	21271	12542	17052	43318
RDN18	1189	39385	22442	28847	14767	18503	48411
RDN18	1190	153293	91031	101595	43926	48994	103474
RDN18	1191	892963	284568	553024	111689	128233	209994
RDN18	1192	897479	285971	555142	112421	129304	211645
RDN18	1193	901678	288943	559266	138083	166533	253038
RDN18	1194	902234	289120	559551	138195	166691	253318
RDN18	1195	904533	291024	560701	139154	168346	258169
RDN18	1196	904761	291092	560811	139206	168428	258359
RDN18	1197	904827	291115	560846	139216	168435	258372
RDN18	1198	906114	291364	561516	139334	168622	258680
RDN18	1199	906359	291474	561679	139347	168658	258572
RDN18	1200	906738	291775	562029	139406	168839	258635
RDN18	1201	906911	291903	562237	139479	168871	258582
RDN18	1202	907990	292489	563193	140056	169387	259436
RDN18	1203	908252	292662	563609	140611	169955	260490
RDN18	1204	908445	292743	563771	140718	170086	260684
RDN18	1205	909134	293008	564073	140804	170246	260888
RDN18	1206	909193	293008	564090	140809	170246	260910
RDN18	1207	909612	293237	564340	140959	170433	261647
RDN18	1208	909720	293278	564495	141050	170537	261907
RDN18	1209	909525	293133	564390	140970	170354	261455
RDN18	1210	906828	290772	562669	139754	168214	255625
RDN18	1211	906246	290172	562192	139347	167525	253960
RDN18	1212	906574	290129	562481	139384	167450	253908
RDN18	1213	909647	290979	564844	140956	167637	257829
RDN18	1214	909623	290931	564807	140960	167585	257782
RDN18	1215	909605	290897	564879	140997	167593	258794
RDN18	1216	908134	289722	563610	140405	166603	256508
RDN18	1217	907700	289516	563148	140363	166493	256318
RDN18	1218	907865	289842	563287	140711	166852	256897
RDN18	1219	907999	289846	563359	140904	167000	258046
RDN18	1220	908060	290040	563402	141366	167365	261415
RDN18	1221	908068	290109	563345	141489	167432	263672
RDN18	1222	907372	289825	562758	141421	167302	264503
RDN18	1223	907918	291104	563395	144289	169568	268954
RDN18	1224	907106	291103	562583	144493	169664	271626
RDN18	1225	906837	291146	562288	144752	169851	272639
RDN18	1226	907015	291386	562628	146532	171626	276871
RDN18	1227	902566	290149	560310	146731	171704	277061
RDN18	1228	901542	290008	559887	146769	171644	276918
RDN18	1229	900982	291684	560291	148032	173128	278931
RDN18	1230	895630	290226	557152	147635	172543	278097
RDN18	1231	880027	285077	546862	145569	170017	274280
RDN18	1232	862018	279569	535369	143298	167334	270326
RDN18	1233	818755	267324	508826	137881	161255	261162
RDN18	1234	784699	255385	486500	132781	155014	252290
RDN18	1235	212072	64393	122459	38481	38574	87421
RDN18	1236	152919	46064	84061	29680	27787	71824
RDN18	1237	142654	43887	77504	28466	26665	69914
RDN18	1238	138421	42291	74954	27867	26183	68686
RDN18	1239	135256	41103	72929	27360	25682	67645
RDN18	1240	134822	41008	72667	27323	25677	67537
RDN18	1241	134731	41139	72516	27337	25997	67464
RDN18	1242	134698	41152	72488	27340	26019	67435
RDN18	1243	135183	41431	72860	27411	26239	67600
RDN18	1244	135062	41381	72811	27394	26229	67569
RDN18	1245	134855	41282	72690	27476	26273	67790
RDN18	1246	129620	39533	69402	27534	26454	68844
RDN18	1247	128022	38918	68557	27403	26350	68447
RDN18	1248	123697	38131	65465	26893	25722	67117
RDN18	1249	123907	38194	65632	26896	25713	67065
RDN18	1250	124530	38491	66132	27001	25849	67238
RDN18	1251	126615	39252	68119	27388	26252	67823
RDN18	1252	127137	39493	68584	27440	26347	67916
RDN18	1253	127263	39533	68731	27453	26357	67924
RDN18	1254	128059	39814	69509	27538	26422	68038
RDN18	1255	145500	47596	83300	29028	28244	70251
RDN18	1256	151500	49622	88001	29520	28821	71030
RDN18	1257	152828	50190	89012	29660	28985	71248
RDN18	1258	154140	50720	90057	29720	29124	71409
RDN18	1259	154522	50806	90450	29726	29159	71383
RDN18	1260	154663	50840	90533	29713	29185	71318
RDN18	1261	154579	50769	90623	29620	29157	71019
RDN18	1262	154039	50426	90378	29083	28871	69308
RDN18	1263	153621	50188	90127	28745	28687	68283
RDN18	1264	153080	49917	89775	28407	28472	67306
RDN18	1265	150764	49095	88520	27338	27505	63763
RDN18	1266	146002	47254	85273	25427	25627	58169
RDN18	1267	144751	46636	84481	24990	25137	56844
RDN18	1268	140621	45014	81651	23622	23693	52566
RDN18	1269	137116	42846	79212	22185	21998	48544
RDN18	1270	136595	42497	78903	21998	21759	47940
RDN18	1271	137927	42829	80930	22195	21646	48147
RDN18	1272	137786	42546	80904	22014	21454	47258
RDN18	1273	137684	42381	80762	21940	21368	46927
RDN18	1274	137718	42406	80796	22047	21584	48075
RDN18	1275	137725	42381	80811	22058	21583	48114
RDN18	1276	137736	42368	80830	22057	21579	48106
RDN18	1277	137760	42371	80869	22068	21577	48125
RDN18	1278	137912	42360	81138	22081	21564	48177
RDN18	1279	137860	42311	81148	22051	21523	48138
RDN18	1280	137382	41889	80714	21790	21190	47334
RDN18	1281	137383	41345	80964	21348	20515	45828
RDN18	1282	136064	40446	79304	20466	19584	43313
RDN18	1283	135865	40406	78988	20345	19489	42998
RDN18	1284	135506	40301	78663	20228	19370	42731
RDN18	1285	135384	40275	78426	20133	19318	42930
RDN18	1286	133670	39849	76912	19656	18859	42680
RDN18	1287	133675	39871	76918	19676	18871	42732
RDN18	1288	133712	39838	76950	19680	18864	42782
RDN18	1289	133474	39666	76690	19616	18801	42671
RDN18	1290	132931	39382	76331	19513	18667	42460
RDN18	1291	132901	39368	76332	19510	18669	42555
RDN18	1292	132500	39026	76028	19441	18568	42508
RDN18	1293	127071	36648	72144	18689	17590	41020
RDN18	1294	124546	35671	70539	18330	17184	40483
RDN18	1295	38856	14333	28120	7933	7002	22090
RDN18	1296	30792	11754	22439	6494	5937	19530
RDN18	1297	22326	8942	17701	5262	4711	17362
RDN18	1298	20035	8099	16403	4863	4368	16569
RDN18	1299	18614	8076	15682	4779	4430	16599
RDN18	1300	18523	8057	15663	4808	4451	16683
RDN18	1301	18453	8158	15671	4839	4480	16757
RDN18	1302	18675	8149	15847	4888	4480	16892
RDN18	1303	18791	8215	15919	4903	4497	16948
RDN18	1304	18869	8308	15996	4926	4527	17060
RDN18	1305	18938	8322	16035	4944	4535	17089
RDN18	1306	19042	8359	16107	4966	4545	17134
RDN18	1307	19224	8414	16258	5007	4559	17188
RDN18	1308	19363	8446	16352	5035	4565	17223
RDN18	1309	19593	8498	16458	5071	4580	17308
RDN18	1310	19886	8800	16609	5161	4650	17969
RDN18	1311	19956	8817	16636	5174	4670	18013
RDN18	1312	20184	9173	16800	5333	4965	18625
RDN18	1313	20278	9254	16846	5358	5004	18707
RDN18	1314	20399	9276	16902	5378	5013	18743
RDN18	1315	20544	9327	17026	5406	5038	18795
RDN18	1316	20654	9363	17094	5434	5061	18890
RDN18	1317	20649	9370	17117	5446	5073	18933
RDN18	1318	20994	10221	17321	5770	5670	20054
RDN18	1319	20914	10244	17260	5777	5696	20139
RDN18	1320	21216	10379	17362	5839	5698	20296
RDN18	1321	21409	10650	17531	5993	5955	20731
RDN18	1322	21588	10689	17648	6023	5984	20793
RDN18	1323	21581	10665	17624	5994	5963	20694
RDN18	1324	21756	10809	17725	6027	6023	20819
RDN18	1325	22047	11312	17933	6630	7386	23080
RDN18	1326	21996	11299	17906	6615	7377	23032
RDN18	1327	21532	11174	17380	6489	7284	22604
RDN18	1328	14938	8967	13129	4921	5698	18419
RDN18	1329	14406	8884	12597	4805	5619	17990
RDN18	1330	14632	9205	12860	4924	5771	18170
RDN18	1331	14535	9204	12861	4920	5807	18078
RDN18	1332	13335	8874	11828	4686	5607	17265
RDN18	1333	12373	8851	10698	4530	5556	16873
RDN18	1334	11902	8838	10193	4460	5531	16576
RDN18	1335	11707	8828	9916	4422	5516	16366
RDN18	1336	11884	8956	9997	4529	5692	16802
RDN18	1337	12047	9034	10098	4588	5745	17042
RDN18	1338	12073	9047	10118	4596	5757	17070
RDN18	1339	12286	9117	10220	4629	5798	17456
RDN18	1340	12820	9499	10605	4834	6014	22001
RDN18	1341	12890	9513	10681	4852	6030	22178
RDN18	1342	12786	9466	10619	4873	6093	26230
RDN18	1343	13688	9972	11359	5232	6383	30859
RDN18	1344	14083	10095	11723	5351	6459	31277
RDN18	1345	14878	10768	12336	5745	6910	32859
RDN18	1346	15842	11048	13084	6029	7371	35851
RDN18	1347	16933	11334	13903	6177	7452	41197
RDN18	1348	17247	11444	14152	6205	7510	41377
RDN18	1349	17456	11535	14291	6230	7535	41627
RDN18	1350	17610	11573	14437	6250	7545	41679
RDN18	1351	17776	11600	14565	6269	7548	41765
RDN18	1352	18159	11698	14876	6334	7590	41913
RDN18	1353	18273	11748	14980	6351	7605	41950
RDN18	1354	18302	11784	15018	6358	7613	41970
RDN18	1355	18297	11801	15006	6342	7595	41972
RDN18	1356	18391	11831	15076	6297	7574	42250
RDN18	1357	18548	11890	15209	6313	7606	42307
RDN18	1358	18671	11931	15352	6361	7638	42662
RDN18	1359	19019	12261	15632	6655	8063	45600
RDN18	1360	19360	12437	15919	6988	8356	46772
RDN18	1361	19637	12504	16100	7053	8422	46968
RDN18	1362	19890	12599	16296	7124	8485	47162
RDN18	1363	20212	12721	16566	7171	8533	47235
RDN18	1364	20270	12743	16631	7178	8539	47255
RDN18	1365	20320	12755	16691	7189	8546	47283
RDN18	1366	21035	12800	17347	7260	8588	47380
RDN18	1367	21372	12862	17700	7313	8624	47488
RDN18	1368	21957	13070	18176	7429	8726	47886
RDN18	1369	22345	13192	18452	7474	8784	48241
RDN18	1370	23049	13743	18990	7612	8967	49083
RDN18	1371	23370	13862	19343	7932	9605	50265
RDN18	1372	23418	13886	19382	7943	9614	50324
RDN18	1373	23463	13902	19424	7961	9628	50535
RDN18	1374	23561	13950	19519	7982	9652	51155
RDN18	1375	23588	13954	19559	7985	9655	51182
RDN18	1376	25881	13985	20909	8107	9700	51363
RDN18	1377	26642	14025	21415	8179	9742	51543
RDN18	1378	26776	14051	21552	8219	9774	51654
RDN18	1379	27156	14137	21855	8295	9829	51996
RDN18	1380	27731	14261	22323	8363	9891	52740
RDN18	1381	29011	14551	23429	8508	10018	54814
RDN18	1382	29616	14690	23898	8545	10074	54965
RDN18	1383	29883	14763	24130	8575	10131	55068
RDN18	1384	30582	14853	24694	8693	10242	55389
RDN18	1385	30469	14733	24606	8553	10103	52623
RDN18	1386	31511	14711	26069	8611	10042	50710
RDN18	1387	33141	15498	28369	8954	10318	49056
RDN18	1388	32962	15371	28488	8815	10267	45221
RDN18	1389	30925	14687	26693	8239	9707	38133
RDN18	1390	31319	15109	26930	8351	9832	43247
RDN18	1391	31440	15158	26973	8384	9910	43302
RDN18	1392	31534	15182	27052	8392	9930	43351
RDN18	1393	31592	15186	27136	8398	9935	43379
RDN18	1394	32071	15293	27747	8469	9988	43492
RDN18	1395	32819	15448	28782	8682	10201	44045
RDN18	1396	33270	15593	29199	8791	10286	44297
RDN18	1397	33706	16070	29593	9026	10619	44945
RDN18	1398	34365	16323	29998	9192	10846	46202
RDN18	1399	34742	16481	30244	9310	10978	46904
RDN18	1400	34858	16520	30367	9386	11098	47185
RDN18	1401	34988	16548	30498	9409	11124	47248
RDN18	1402	35230	16631	30825	9458	11190	47585
RDN18	1403	35268	16627	30871	9448	11167	47742
RDN18	1404	34986	16507	30668	9362	11052	47392
RDN18	1405	35634	16991	31129	9518	11358	47838
RDN18	1406	36113	17058	31477	9572	11436	48040
RDN18	1407	36334	17085	31749	9563	11450	48002
RDN18	1408	36476	17123	31909	9569	11487	48045
RDN18	1409	38574	18017	34195	9949	11843	48939
RDN18	1410	39405	18232	35086	10047	12025	48956
RDN18	1411	40494	18436	36361	10207	12185	49311
RDN18	1412	44900	19763	41590	10780	12824	50808
RDN18	1413	46417	20705	42859	11001	13175	51622
RDN18	1414	46733	20782	43059	10979	13166	51593
RDN18	1415	46935	20838	43286	10985	13196	51627
RDN18	1416	47030	20853	43414	10935	13092	51022
RDN18	1417	47531	20952	44020	10954	13139	51057
RDN18	1418	48422	21133	45399	11058	13237	51310
RDN18	1419	50714	21959	48276	11424	13921	61638
RDN18	1420	49026	21397	47195	10958	13379	60132
RDN18	1421	48467	22628	46955	14799	20524	71493
RDN18	1422	47664	22516	46064	14694	20518	69654
RDN18	1423	49034	23283	46839	14755	20793	70947
RDN18	1424	51339	25401	48241	16094	23286	75711
RDN18	1425	51109	25348	48059	16008	23239	75326
RDN18	1426	49881	25009	47144	15600	22995	76243
RDN18	1427	49788	24903	47182	15589	23047	76074
RDN18	1428	52028	25121	50091	15894	23147	76553
RDN18	1429	53600	25390	52001	16066	23237	76915
RDN18	1430	54052	25432	52278	16111	23267	76990
RDN18	1431	53053	25053	51467	15887	23043	76073
RDN18	1432	53379	25149	51602	15910	23087	76119
RDN18	1433	53201	25135	51512	15866	23078	76038
RDN18	1434	53480	25175	51718	15906	23097	76173
RDN18	1435	54023	25532	52215	16101	23357	76793
RDN18	1436	54076	25544	52254	16109	23375	76830
RDN18	1437	54118	25544	52296	16120	23380	76845
RDN18	1438	54536	25586	52874	16207	23387	76910
RDN18	1439	55062	25619	53749	16309	23391	77016
RDN18	1440	55188	25635	53855	16329	23403	77019
RDN18	1441	55004	25559	53577	16271	23361	76789
RDN18	1442	54990	25619	53574	16279	23346	77102
RDN18	1443	50342	24513	49505	15436	22684	74540
RDN18	1444	50460	24525	49571	15445	22681	74499
RDN18	1445	51154	25211	50070	15595	22851	74993
RDN18	1446	51428	25268	50268	15612	22870	75084
RDN18	1447	51374	25268	50265	15596	22850	74987
RDN18	1448	51804	25435	50796	15679	22885	75171
RDN18	1449	51927	25527	50929	15705	22900	75261
RDN18	1450	52081	25630	51010	15760	22965	75395
RDN18	1451	52045	25655	50999	15762	22969	75409
RDN18	1452	51944	25622	50923	15751	22958	75258
RDN18	1453	51872	25592	50844	15737	22944	75161
RDN18	1454	51885	25594	50853	15736	22940	75144
RDN18	1455	52062	25590	50989	15773	22926	75142
RDN18	1456	51777	25451	50893	15734	22796	74637
RDN18	1457	48853	24589	48524	15319	22094	72034
RDN18	1458	45053	23388	45031	14600	20898	67091
RDN18	1459	42205	21520	42030	13601	19355	64147
RDN18	1460	40277	20237	40203	12987	18037	60572
RDN18	1461	39582	19113	39663	12575	16685	57789
RDN18	1462	40008	18990	40167	12681	16506	57840
RDN18	1463	38267	17785	38417	11906	15050	54310
RDN18	1464	38030	17647	38285	11824	14834	53743
RDN18	1465	34801	15858	35180	10573	12488	48060
RDN18	1466	33196	15274	33713	10150	11891	45904
RDN18	1467	17567	7069	19272	5388	3887	25980
RDN18	1468	16627	7305	17954	5192	3581	26261
RDN18	1469	16321	7313	17570	5093	3509	27250
RDN18	1470	16069	7452	17362	5001	3495	29319
RDN18	1471	15722	7447	17111	4841	3381	28397
RDN18	1472	15058	7313	16410	4563	3157	26835
RDN18	1473	14699	7288	16089	4428	3051	26079
RDN18	1474	14864	7916	16153	4424	3122	26080
RDN18	1475	14838	7910	16137	4405	3108	26057
RDN18	1476	14658	7885	15946	4296	3023	25543
RDN18	1477	14680	7894	15976	4289	3017	25501
RDN18	1478	14721	7893	15964	4269	2991	25317
RDN18	1479	14741	7901	16028	4281	2979	25289
RDN18	1480	15021	7968	16300	4323	2979	25583
RDN18	1481	14966	7914	16152	4227	2914	25342
RDN18	1482	14603	7889	15584	4099	2851	25692
RDN18	1483	14687	7917	15621	4088	2900	25707
RDN18	1484	14611	7872	15545	4074	2875	25650
RDN18	1485	13808	7614	14544	3857	2713	24916
RDN18	1486	12769	7391	13285	3580	2601	24139
RDN18	1487	12911	7423	13462	3588	2611	24101
RDN18	1488	13772	7640	14661	3868	2824	25099
RDN18	1489	14178	8050	15086	4087	3069	26948
RDN18	1490	14503	8445	15302	4192	3192	28491
RDN18	1491	14672	8506	15422	4208	3210	28895
RDN18	1492	15258	8970	15914	4557	3755	31044
RDN18	1493	15382	9028	16043	4595	3809	31350
RDN18	1494	15526	9124	16161	4613	3826	31536
RDN18	1495	15588	9193	16222	4621	3833	31607
RDN18	1496	15611	9233	16259	4612	3843	31594
RDN18	1497	15677	9239	16303	4613	3845	31595
RDN18	1498	15863	9259	16464	4648	3852	31678
RDN18	1499	16279	9505	16783	4708	3877	32167
RDN18	1500	16560	9614	17040	4753	3889	32466
RDN18	1501	16738	9708	17127	4876	4009	32706
RDN18	1502	18449	10603	18252	5870	5377	35220
RDN18	1503	19349	10661	19044	6162	5505	36099
RDN18	1504	20889	11775	19850	6758	6700	38040
RDN18	1505	21140	11827	20038	6821	6759	38239
RDN18	1506	21677	11975	20565	6920	6796	38371
RDN18	1507	22022	12112	20876	6971	6841	38512
RDN18	1508	22097	12180	21012	6996	6883	38593
RDN18	1509	22207	12214	21140	7014	6896	38638
RDN18	1510	22390	12244	21263	7035	6912	38698
RDN18	1511	22592	12329	21449	7077	6931	38792
RDN18	1512	22910	12406	21664	7126	6965	38940
RDN18	1513	23294	12640	22046	7211	7031	40306
RDN18	1514	23337	12676	22114	7218	7044	40440
RDN18	1515	23674	13137	22414	7396	7434	41079
RDN18	1516	23871	13270	22598	7488	7583	41394
RDN18	1517	23965	13342	22681	7519	7627	41481
RDN18	1518	24070	13434	22746	7545	7663	41581
RDN18	1519	24154	13473	22806	7560	7672	41619
RDN18	1520	24533	13601	23133	7636	7739	41833
RDN18	1521	24789	13811	23302	7704	7847	42101
RDN18	1522	25951	14583	24057	7933	8098	42783
RDN18	1523	26052	14688	24127	7945	8131	42858
RDN18	1524	26349	14958	24358	8073	8364	43416
RDN18	1525	26525	15133	24484	8140	8496	43759
RDN18	1526	26516	15141	24480	8144	8500	43736
RDN18	1527	26505	15150	24471	8147	8503	43713
RDN18	1528	26553	15187	24504	8167	8538	43883
RDN18	1529	26531	15182	24483	8168	8535	43862
RDN18	1530	26942	15130	24645	8168	8528	43584
RDN18	1531	28400	15391	25235	8270	8605	43765
RDN18	1532	28528	15446	25273	8262	8600	43775
RDN18	1533	28411	15383	25108	8205	8524	43403
RDN18	1534	28711	15530	25205	8230	8516	43423
RDN18	1535	29022	15706	25402	8235	8525	43468
RDN18	1536	29507	16373	25674	8376	8788	44575
RDN18	1537	30120	16939	25932	8429	8837	44894
RDN18	1538	30219	16930	25929	8387	8695	44584
RDN18	1539	30270	16893	25844	8277	8406	43978
RDN18	1540	28204	16241	23174	7362	7432	39371
RDN18	1541	25874	15742	20866	6606	6716	35154
RDN18	1542	25208	17291	20368	6657	7017	34874
RDN18	1543	24692	17856	19710	6794	7403	36022
RDN18	1544	23346	18243	18340	6407	6985	36182
RDN18	1545	23408	18269	18325	6410	7000	35975
RDN18	1546	23851	18523	18676	6540	7154	36211
RDN18	1547	24145	18720	18972	6633	7288	36479
RDN18	1548	24320	18794	19132	6692	7323	38295
RDN18	1549	24733	18963	19497	6818	7431	40643
RDN18	1550	25033	19132	19792	6926	7522	40850
RDN18	1551	25185	19183	19951	6934	7518	40829
RDN18	1552	25423	19259	20111	6958	7551	40886
RDN18	1553	26367	19958	20891	7206	7790	42990
RDN18	1554	27752	20528	21917	7449	8012	44507
RDN18	1555	28825	22073	22749	8599	9387	47484
RDN18	1556	29959	22976	23652	9405	10530	49858
RDN18	1557	30598	23242	24246	9552	10681	50351
RDN18	1558	32412	25231	25615	10592	11866	55142
RDN18	1559	32722	25366	25878	10712	11999	55446
RDN18	1560	33157	25483	26251	10781	12079	55583
RDN18	1561	33347	25542	26386	10805	12102	55640
RDN18	1562	33546	25617	26570	10842	12141	55715
RDN18	1563	33788	25803	26785	10913	12252	55896
RDN18	1564	34084	25949	27079	10990	12319	56108
RDN18	1565	34482	26078	27384	11057	12398	56420
RDN18	1566	37067	29018	29015	11829	13513	58631
RDN18	1567	38482	29708	29774	12002	14044	61889
RDN18	1568	40035	30669	30715	12275	14724	66423
RDN18	1569	42848	36374	32690	14584	18494	72320
RDN18	1570	43560	36734	33214	14680	18705	72690
RDN18	1571	44023	36909	33676	14737	18782	72869
RDN18	1572	62939	45447	52718	19494	21540	79632
RDN18	1573	68669	46522	60977	20389	21926	80499
RDN18	1574	77175	53220	69724	22332	24833	84870
RDN18	1575	82906	56948	74686	23876	26822	87383
RDN18	1576	84095	58880	75650	25242	28788	89870
RDN18	1577	84970	59560	76366	25604	29306	90422
RDN18	1578	86891	61347	77937	26196	30257	91706
RDN18	1579	88883	62760	79541	26891	31371	94427
RDN18	1580	89203	63090	79760	27040	31618	95001
RDN18	1581	91527	64228	81364	27480	32291	96895
RDN18	1582	101168	69483	88866	29519	35216	114141
RDN18	1583	102511	70437	89783	29864	35745	115252
RDN18	1584	111171	78434	96246	31788	39393	145795
RDN18	1585	117874	82856	100555	33121	41316	157851
RDN18	1586	120363	83842	102211	33452	41907	158547
RDN18	1587	121407	84585	102936	33691	42146	158993
RDN18	1588	122124	84905	103671	33774	42252	159253
RDN18	1589	122825	85894	104165	34087	42615	159626
RDN18	1590	123043	86052	104345	34142	42706	160964
RDN18	1591	124395	87143	105292	34519	43296	163904
RDN18	1592	124449	87289	105254	34386	43251	160985
RDN18	1593	124625	87392	105381	34424	43335	160364
RDN18	1594	126777	90524	106850	35416	44637	162596
RDN18	1595	127378	90762	107218	35556	44844	163288
RDN18	1596	132581	96223	110422	38529	49896	176539
RDN18	1597	137533	104104	113467	42480	56116	184735
RDN18	1598	137956	104430	113801	42638	56412	185766
RDN18	1599	139619	105187	114570	43040	57133	188716
RDN18	1600	140738	105784	115458	43396	57577	189499
RDN18	1601	141388	106393	116006	43598	57839	190059
RDN18	1602	141676	106588	116189	43668	57920	190231
RDN18	1603	141943	106649	116365	43714	57938	190347
RDN18	1604	143371	106980	117143	43807	58030	190555
RDN18	1605	143629	107082	117338	43825	58042	190701
RDN18	1606	144042	107219	117696	43864	58094	190802
RDN18	1607	145336	107473	118811	43962	58149	190988
RDN18	1608	145506	107518	118995	43963	58170	191011
RDN18	1609	145653	107546	119118	43966	58191	191024
RDN18	1610	147808	108757	120967	44409	59007	192079
RDN18	1611	148138	108883	121237	44456	59100	192169
RDN18	1612	148304	108954	121436	44485	59169	192199
RDN18	1613	150253	110007	123354	45004	60105	194261
RDN18	1614	150372	110046	123461	45014	60149	194325
RDN18	1615	150406	110061	123547	45025	60172	194352
RDN18	1616	150535	110069	123666	45060	60187	194415
RDN18	1617	150487	110068	123648	45046	60188	194388
RDN18	1618	150481	110054	123630	45038	60177	194334
RDN18	1619	150392	109959	123546	44917	60061	193571
RDN18	1620	147628	108756	121036	43033	58447	182591
RDN18	1621	145450	107592	118967	41337	57054	166520
RDN18	1622	145064	107258	118618	40956	56720	163454
RDN18	1623	141054	104239	115431	39190	54480	154480
RDN18	1624	134247	99613	110108	36997	51436	142366
RDN18	1625	123959	94291	102878	34582	47757	128462
RDN18	1626	119326	92108	99509	33490	46327	121338
RDN18	1627	115182	90351	95461	32257	44950	113720
RDN18	1628	114966	90292	95261	32186	44894	113438
RDN18	1629	115201	90338	95528	32211	44907	113875
RDN18	1630	115155	90383	95474	32237	44948	114450
RDN18	1631	115108	90380	95466	32210	44958	114506
RDN18	1632	115835	90422	96128	32441	44992	115836
RDN18	1633	115761	90381	96037	32399	44969	115729
RDN18	1634	115568	90183	95867	32313	44772	115385
RDN18	1635	115433	90000	95752	32261	44620	115153
RDN18	1636	114416	89417	94949	31840	44083	113777
RDN18	1637	110445	86758	91338	30256	42288	108868
RDN18	1638	106569	83914	88286	28789	40467	103897
RDN18	1639	103174	78471	86062	27629	37433	97959
RDN18	1640	84027	62711	69390	22024	29671	78858
RDN18	1641	39270	22569	36117	11140	10779	36941
RDN18	1642	21057	8180	20748	6310	3540	19060
RDN18	1643	14161	2450	14558	4201	1019	11808
RDN18	1644	12961	1483	13630	3887	578	10684
RDN18	1645	13373	1479	13935	4020	572	11006
RDN18	1646	13895	1446	14291	4139	589	11453
RDN18	1647	13628	1201	14096	4084	581	12203
RDN18	1648	13706	1189	14137	4110	583	12216
RDN18	1649	13769	1151	14157	4121	580	12426
RDN18	1650	13708	1105	14125	4136	589	12893
RDN18	1651	13806	1118	14146	4160	625	13034
RDN18	1652	13881	1110	14148	4156	638	13137
RDN18	1653	13766	1096	13993	4129	639	13053
RDN18	1654	13861	1298	14039	4250	768	13281
RDN18	1655	14269	1398	14304	4340	797	13519
RDN18	1656	14436	1413	14384	4353	806	13505
RDN18	1657	14775	1513	14567	4402	838	13609
RDN18	1658	14905	1537	14650	4421	848	13637
RDN18	1659	15591	1859	15166	4564	968	14023
RDN18	1660	15673	1868	15246	4598	968	14126
RDN18	1661	15772	1887	15293	4605	969	14142
RDN18	1662	15845	1898	15349	4608	971	14136
RDN18	1663	15914	1925	15391	4616	975	14158
RDN18	1664	15941	1936	15388	4634	975	14168
RDN18	1665	15942	1968	15403	4633	985	14188
RDN18	1666	16065	2027	15437	4627	995	14436
RDN18	1667	16156	2055	15520	4636	997	14444
RDN18	1668	16165	2068	15525	4637	999	14467
RDN18	1669	16146	2075	15524	4640	1009	14506
RDN18	1670	16206	2103	15579	4657	1034	14576
RDN18	1671	16225	2106	15596	4657	1036	14577
RDN18	1672	16253	2110	15631	4664	1037	14587
RDN18	1673	16283	2107	15687	4664	1037	14587
RDN18	1674	16341	2111	15718	4672	1037	14580
RDN18	1675	16243	2101	15543	4622	1012	14178
RDN18	1676	16154	2083	15342	4559	989	14218
RDN18	1677	14089	1860	13053	3981	839	12845
RDN18	1678	12936	1747	11763	3664	762	11574
RDN18	1679	12842	1736	11662	3650	752	11456
RDN18	1680	13007	1782	11788	3703	795	11601
RDN18	1681	13110	1807	11895	3870	913	12401
RDN18	1682	13136	1823	11923	3872	916	12394
RDN18	1683	13139	1827	11921	3873	918	12395
RDN18	1684	13297	1881	12052	3888	941	12447
RDN18	1685	13637	2057	12521	3975	1082	12801
RDN18	1686	13862	2137	12800	4023	1191	13022
RDN18	1687	14161	2204	13210	4106	1332	13824
RDN18	1688	14426	2272	13672	4191	1545	14822
RDN18	1689	14926	2362	14165	4267	1605	14942
RDN18	1690	14959	2364	14200	4291	1640	14575
RDN18	1691	15181	2466	14400	4368	1734	14662
RDN18	1692	15860	2864	14999	4565	1924	14968
RDN18	1693	18145	3732	16712	4912	2211	15329
RDN18	1694	18335	3864	16843	4963	2275	15392
RDN18	1695	18369	3901	16877	4969	2287	15373
RDN18	1696	18619	3913	17085	5010	2317	15432
RDN18	1697	18882	3843	17537	5108	2398	15622
RDN18	1698	19069	3920	18102	5256	2607	16061
RDN18	1699	18714	3833	17828	5210	2579	16114
RDN18	1700	18464	3723	17684	5181	2588	16297
RDN18	1701	18586	3782	17759	5498	2808	17042
RDN18	1702	18574	3776	17758	5507	2822	17061
RDN18	1703	18629	3796	17805	5535	2846	17146
RDN18	1704	18719	3866	17876	5598	2909	17335
RDN18	1705	18725	3868	17881	5603	2913	17360
RDN18	1706	18791	3929	17967	5654	2976	17801
RDN18	1707	18847	3946	18004	5694	3017	17965
RDN18	1708	18974	4047	18148	5779	3137	18085
RDN18	1709	19216	4326	18359	5968	3373	18392
RDN18	1710	19257	4370	18410	6005	3413	18514
RDN18	1711	19420	4485	18628	6139	3677	18907
RDN18	1712	19685	4587	18814	6280	3821	19246
RDN18	1713	19785	4621	18918	6324	3868	19312
RDN18	1714	19892	4688	18987	6369	3903	19391
RDN18	1715	19931	4704	19025	6374	3912	19439
RDN18	1716	19898	4703	19013	6371	3908	19432
RDN18	1717	19894	4709	19004	6376	3909	19447
RDN18	1718	18974	4607	17780	6140	3773	18804
RDN18	1719	18549	4532	17189	6094	3713	18519
RDN18	1720	18215	4439	16523	6078	3622	18428
RDN18	1721	18269	4479	16697	8040	4823	23393
RDN18	1722	18148	4423	16537	8222	4781	23828
RDN18	1723	18128	4427	16529	8244	4791	23842
RDN18	1724	18150	4436	16528	8255	4794	23855
RDN18	1725	18132	4436	16516	8253	4795	23853
RDN18	1726	18155	4443	16523	8262	4800	23874
RDN18	1727	18254	4568	16556	8412	4917	24384
RDN18	1728	18254	4569	16559	8422	4928	24594
RDN18	1729	18169	4539	16502	8401	4910	24487
RDN18	1730	18014	4482	16389	8486	4953	24494
RDN18	1731	17612	4300	16186	9659	5951	27704
RDN18	1732	17342	4179	16012	9586	5880	27512
RDN18	1733	16826	4011	15670	9450	5758	27077
RDN18	1734	15808	3667	14762	9202	5512	26235
RDN18	1735	15181	3435	14322	9030	5333	25648
RDN18	1736	15145	3410	14285	9009	5319	25584
RDN18	1737	15115	3384	14253	8995	5302	25525
RDN18	1738	15040	3323	14168	8953	5257	25399
RDN18	1739	14670	3190	13886	8803	5091	25014
RDN18	1740	14063	2990	13423	8604	4912	24332
RDN18	1741	13295	2592	12690	8309	4609	23398
RDN18	1742	13062	2478	12451	8202	4527	23139
RDN18	1743	12832	2389	12268	8120	4452	22903
RDN18	1744	12742	2379	12212	8102	4450	22829
RDN18	1745	12567	2376	12039	8050	4446	22679
RDN18	1746	12474	2352	11962	8022	4403	22535
RDN18	1747	12249	2293	11814	7959	4362	22327
RDN18	1748	12029	2193	11642	7896	4288	22095
RDN18	1749	11596	1955	11184	7746	4123	21636
RDN18	1750	10997	1649	10541	7425	3860	20807
RDN18	1751	10126	1310	9489	6952	3525	19916
RDN18	1752	9271	1190	8423	6546	3417	18951
RDN18	1753	8679	1126	7780	6298	3361	18252
RDN18	1754	8184	1079	7351	6124	3319	17822
RDN18	1755	6421	860	5905	5543	3184	16076
RDN18	1756	6235	833	5668	5478	3168	15820
RDN18	1757	6038	826	5515	5417	3165	15630
RDN18	1758	5942	820	5369	5367	3162	15483
RDN18	1759	5803	796	5251	5215	3121	15006
RDN18	1760	5690	779	5139	5063	3080	14536
RDN18	1761	5387	764	4792	4778	3025	13658
RDN18	1762	5197	749	4506	4550	2999	12894
RDN18	1763	4876	746	4241	4425	2978	12506
RDN18	1764	4261	721	3590	4109	2908	11578
RDN18	1765	1599	400	1425	2592	1963	6761
RDN18	1766	1378	332	1220	2204	1677	5732
RDN18	1767	1215	275	1047	1879	1337	4570
RDN18	1768	1040	204	900	1431	867	3055
RDN18	1769	802	143	706	666	340	1399
RDN18	1770	735	137	666	488	292	1079
RDN18	1771	713	134	653	438	290	988
RDN18	1772	695	134	636	413	290	952
RDN18	1773	694	134	633	411	290	937
RDN18	1774	680	132	620	409	290	924
RDN18	1775	664	132	619	401	289	908
RDN18	1776	654	130	616	397	283	888
RDN18	1777	646	130	611	385	281	859
RDN18	1778	632	123	595	375	270	823
RDN18	1779	581	108	576	347	250	763
RDN18	1780	566	99	568	319	222	707
RDN18	1781	508	67	505	261	157	609
RDN18	1782	369	34	396	170	80	439
RDN18	1783	345	17	368	152	58	400
RDN18	1784	332	14	362	148	46	380
RDN18	1785	331	14	356	146	46	373
RDN18	1786	330	14	353	146	46	369
RDN18	1787	325	14	352	142	45	366
RDN18	1788	325	14	352	142	44	366
RDN18	1789	323	14	351	142	43	365
RDN18	1790	313	14	341	135	34	355
RDN18	1791	304	10	326	117	19	314
RDN18	1792	292	7	324	113	12	298
RDN18	1793	287	7	324	112	11	293
RDN18	1794	285	7	319	111	10	292
RDN18	1795	272	7	309	107	8	276
RDN18	1796	248	7	273	101	6	252
RDN18	1797	232	6	263	96	2	240
RDN18	1798	194	6	228	78	2	206
RDN18	1799	175	4	221	72	0	184
RDN18	1800	0	0	0	0	0	0