gene	position	ETOH1	ET0H2	ET0H3	DMS1	DMS2	DMS3
1	18S	1	209900	111031	307801	97083	28175	106338
2	18S	2	214304	113515	323739	98602	31619	108288
3	18S	3	218391	116006	327971	101125	34867	110014
4	18S	4	221350	120423	328695	105387	36543	110917
5	18S	5	222111	122937	328913	106941	37182	111647
6	18S	6	222208	123455	328957	107341	37253	111730
7	18S	7	222725	124508	329165	108085	37673	112092
8	18S	8	224735	127538	330527	109601	38820	113124
9	18S	9	225723	130522	330723	111922	39451	113833
10	18S	10	226030	131339	330946	112590	39710	114122
11	18S	11	226422	132881	331347	113093	40109	114422
12	18S	12	226839	133673	331738	114937	41137	116763
13	18S	13	227464	135040	331918	115874	41458	117173
14	18S	14	227994	138090	332256	117640	41798	117922
15	18S	15	228175	139523	332332	118390	41933	118163
16	18S	16	228485	140290	332544	118805	42114	118299
17	18S	17	229177	144220	332770	120192	42506	118692
18	18S	18	229535	146299	333048	121432	42800	119273
19	18S	19	230202	149023	333582	123283	43343	120113
20	18S	20	230617	150290	333742	124436	43725	120841
21	18S	21	234581	157725	335350	128310	46147	122843
22	18S	22	235212	161323	335699	130062	46547	123404
23	18S	23	236604	165709	336209	134858	47654	125702
24	18S	24	242235	176535	342303	139711	51829	128045
25	18S	25	242842	180613	343185	141641	52672	129472
26	18S	26	246703	186531	348951	157156	64538	155908
27	18S	27	248709	189405	349704	161338	67031	160321
28	18S	28	252441	200695	355218	164895	69771	163098
29	18S	29	252841	204417	355607	168671	70908	165266
30	18S	30	253409	205837	355885	169895	71580	165487
31	18S	31	253916	210396	356144	171555	72126	165893
32	18S	32	256486	213834	357276	175280	74117	168747
33	18S	33	257096	216956	357366	177948	74555	169195
34	18S	34	257906	218846	357787	179570	75184	169607
35	18S	35	259873	226358	358482	182747	76596	170345
36	18S	36	260488	230244	358429	185279	76924	171121
37	18S	37	55233	123100	55359	91770	52965	68515
38	18S	38	51184	122624	40324	91439	49709	67255
39	18S	39	46765	121239	37414	88813	46812	66596
40	18S	40	48301	123451	38678	95331	50506	72067
41	18S	41	45641	119081	37676	96314	50599	74796
42	18S	42	45968	120967	37962	101707	52000	77515
43	18S	43	51542	131803	43399	113825	61802	89629
44	18S	44	53486	134858	44774	117664	64655	94320
45	18S	45	55408	138138	46458	119414	66258	95700
46	18S	46	56490	142921	47305	121199	67073	96730
47	18S	47	56006	142736	47105	122569	66943	96293
48	18S	48	56638	144056	47436	124969	67792	97339
49	18S	49	57448	146394	47984	125949	68521	97753
50	18S	50	57584	144332	47955	125159	68795	97562
51	18S	51	59149	144033	51030	125596	70030	98797
52	18S	52	59406	144797	51139	128438	71059	100889
53	18S	53	60051	142794	51679	128406	72605	101365
54	18S	54	59875	142068	51491	127682	72553	100946
55	18S	55	62675	140104	54276	128172	76066	103782
56	18S	56	63152	141481	54333	131178	76797	105058
57	18S	57	59910	135258	53171	128746	75350	103615
58	18S	58	63464	136569	53924	130543	80960	104216
59	18S	59	63476	134003	54554	128236	81325	103513
60	18S	60	59754	125033	49308	124805	78619	101997
61	18S	61	57224	117572	44664	109811	68190	75823
62	18S	62	52516	106694	38954	108104	65810	72925
63	18S	63	53673	110588	39423	114463	69693	76719
64	18S	64	55195	125842	40019	118665	73290	77719
65	18S	65	56000	123197	43072	115472	73818	77599
66	18S	66	56864	125409	43787	136522	86327	111463
67	18S	67	54592	119121	43693	132771	85297	110274
68	18S	68	53826	118165	43641	177116	95896	151866
69	18S	69	54453	119959	44036	182416	97979	155465
70	18S	70	55249	121915	44600	184528	99879	155879
71	18S	71	54471	113639	45000	182215	100837	156241
72	18S	72	55011	113354	44388	193854	114882	169792
73	18S	73	58865	118142	45980	204754	122876	180364
74	18S	74	60340	119742	45838	206972	125541	182331
75	18S	75	59434	117540	44815	206081	126167	182921
76	18S	76	58204	112671	46502	193970	122369	174715
77	18S	77	58986	114929	46890	207151	129798	191919
78	18S	78	56680	106638	48930	193006	122329	180290
79	18S	79	57221	108990	49199	199439	123897	183621
80	18S	80	52770	99471	45499	196580	119854	179277
81	18S	81	53832	102404	46018	226714	128748	199204
82	18S	82	55171	113936	46329	237581	131523	200637
83	18S	83	56129	116714	47109	238082	133896	199298
84	18S	84	55264	123501	46459	238018	134016	198323
85	18S	85	55648	124701	47272	257258	142395	216550
86	18S	86	55615	126503	45603	265964	146437	222523
87	18S	87	56006	127947	45975	269608	147268	223981
88	18S	88	56124	129032	46071	268796	146792	222667
89	18S	89	55344	128862	45670	269308	145567	222323
90	18S	90	55384	129066	45696	270179	145853	222356
91	18S	91	53635	132060	43714	273000	146000	219272
92	18S	92	52602	134447	43410	269951	144864	217467
93	18S	93	51318	135035	47675	278480	145426	224873
94	18S	94	51459	137039	47919	281657	145950	226370
95	18S	95	50341	137276	47014	280995	145116	225177
96	18S	96	48727	136373	46491	280267	143931	224425
97	18S	97	47733	137823	44871	282743	142715	223578
98	18S	98	51050	138356	47701	281655	145367	223059
99	18S	99	50515	135591	47754	276692	142703	219935
100	18S	100	69719	128732	66672	285215	156293	229145
101	18S	101	74192	133870	75907	293278	166265	237606
102	18S	102	75669	134951	77466	275710	157606	206653
103	18S	103	75205	131811	77023	228310	146760	164579
104	18S	104	75379	132174	77954	239190	152594	177471
105	18S	105	76772	134014	80511	266087	169701	216674
106	18S	106	77921	136260	81415	273383	176851	225563
107	18S	107	76367	135250	80397	271967	175358	224649
108	18S	108	66389	125900	75035	245798	148127	196009
109	18S	109	66971	127037	75471	251310	151272	199095
110	18S	110	69370	132181	76880	255574	155987	200243
111	18S	111	68027	129649	76123	253207	154138	198104
112	18S	112	66659	126293	73760	239777	146058	179038
113	18S	113	69700	128962	76632	246098	152829	183231
114	18S	114	66334	125855	69038	244117	149683	180196
115	18S	115	66879	127877	69456	241497	150660	177828
116	18S	116	68610	129066	69258	242261	152099	176040
117	18S	117	69915	128781	69726	215228	146273	157727
118	18S	118	69973	118831	70442	206907	145818	157677
119	18S	119	69896	106063	71614	201184	143835	157758
120	18S	120	71339	109256	72178	205481	146570	160471
121	18S	121	72548	111197	72882	190231	140600	144638
122	18S	122	70805	108558	71444	181650	135652	137868
123	18S	123	70843	108194	71733	179670	135839	136731
124	18S	124	70962	108697	73137	178238	137236	135996
125	18S	125	72430	111301	75115	188126	145339	145442
126	18S	126	70459	103250	73831	182822	141050	145027
127	18S	127	70924	105730	74307	188862	143140	147676
128	18S	128	71857	109555	74592	192807	144677	148757
129	18S	129	69717	105661	70152	182933	139739	141427
130	18S	130	69860	105175	70201	182893	140328	141767
131	18S	131	70688	106585	70783	188708	142361	145057
132	18S	132	73377	112020	71875	199948	148013	153088
133	18S	133	74535	112201	72591	204234	151281	157463
134	18S	134	71422	110995	71195	202938	148488	156121
135	18S	135	52745	104116	60048	201622	140620	156766
136	18S	136	53102	106637	60313	218851	146441	166978
137	18S	137	50188	105100	53361	228222	147628	178120
138	18S	138	50522	102692	60616	227129	149009	178257
139	18S	139	51469	104216	62325	233506	151579	181674
140	18S	140	51524	104485	71084	197069	132309	136028
141	18S	141	52131	108639	71457	203029	131545	134324
142	18S	142	51236	108090	70951	198322	124982	126019
143	18S	143	51484	109247	71388	200738	125296	125543
144	18S	144	54336	114403	73333	204903	129151	125946
145	18S	145	56666	112281	80786	200804	129802	125634
146	18S	146	57082	113941	81176	205923	133229	129725
147	18S	147	55955	112980	80359	204786	131503	128968
148	18S	148	53547	111580	79137	206118	130298	131522
149	18S	149	53764	112524	79498	211862	132448	134724
150	18S	150	53755	112374	79524	212268	132283	135056
151	18S	151	52766	108795	78977	209449	129659	134049
152	18S	152	50245	106615	78523	207872	127318	133288
153	18S	153	48026	105269	77630	207867	124529	132150
154	18S	154	47293	105811	76975	210019	124006	131832
155	18S	155	47066	106142	75440	213327	124179	132461
156	18S	156	44786	102093	74335	210995	120869	130123
157	18S	157	45887	103503	75185	219456	126017	138549
158	18S	158	47098	106499	76441	229227	129870	145377
159	18S	159	47702	108383	77435	233022	131743	148218
160	18S	160	47042	106335	76068	235007	130768	150356
161	18S	161	47470	107371	77190	236922	128721	152700
162	18S	162	45305	100607	75863	226855	122583	147099
163	18S	163	45346	101140	75952	229087	122949	147885
164	18S	164	45523	109674	76207	234594	123397	146792
165	18S	165	45947	113483	76634	243442	125141	149595
166	18S	166	46427	122249	77008	249575	126243	150879
167	18S	167	46360	122241	77732	248344	127049	152051
168	18S	168	42425	117162	77297	235542	120410	143415
169	18S	169	42074	117619	78284	240267	123634	150134
170	18S	170	42906	121004	79780	253227	128731	158991
171	18S	171	41164	118403	76341	224029	113947	136329
172	18S	172	41504	120717	76960	233625	115569	139801
173	18S	173	38507	121160	74994	218371	101025	120241
174	18S	174	38872	125443	75279	231443	102819	124292
175	18S	175	38237	125951	74117	230854	101736	123011
176	18S	176	36010	132017	61719	238674	99851	120458
177	18S	177	37961	136825	64342	245271	105061	134847
178	18S	178	40169	146203	68478	254027	110395	142285
179	18S	179	36886	139777	66135	254891	107949	148613
180	18S	180	33167	143126	59364	300922	111399	185486
181	18S	181	33110	145551	59593	342707	116880	213602
182	18S	182	33505	149133	60188	428514	133663	294673
183	18S	183	33780	152234	60628	447112	137489	305462
184	18S	184	33238	151965	59142	443448	133416	300417
185	18S	185	34654	157838	62050	457361	136321	308778
186	18S	186	34505	157572	61954	457412	135899	308566
187	18S	187	34449	157934	61900	458446	135922	308865
188	18S	188	35334	162534	62576	469564	137497	312397
189	18S	189	35550	164544	63203	479366	139805	318706
190	18S	190	35035	164060	62987	477669	138402	318785
191	18S	191	33652	162432	62804	475082	136332	318571
192	18S	192	32936	161306	63033	472482	135946	317440
193	18S	193	32397	162065	63932	466095	132347	310290
194	18S	194	31400	161024	62977	459588	129083	304677
195	18S	195	30468	159514	61493	456280	126306	301666
196	18S	196	30253	158914	61251	453541	125309	299329
197	18S	197	28117	152381	58447	438106	119660	288094
198	18S	198	27407	139249	58342	425442	117579	287698
199	18S	199	27558	140256	58645	491620	125009	321297
200	18S	200	25198	125794	55236	477793	118632	314128
201	18S	201	25234	126264	55297	479970	119216	314987
202	18S	202	26992	129169	58455	484893	123788	317190
203	18S	203	27305	133733	58671	497175	125453	321262
204	18S	204	27556	136037	59019	500427	126238	322271
205	18S	205	28116	151036	57403	507208	124585	315569
206	18S	206	27163	153145	52252	504182	121080	310153
207	18S	207	27915	158286	53532	511923	123340	315756
208	18S	208	28894	161069	55221	509357	124514	315492
209	18S	209	27350	156179	45508	506520	122599	313097
210	18S	210	28228	154360	49942	494378	123202	310740
211	18S	211	28901	157964	50742	502614	126403	315826
212	18S	212	29026	151597	52094	495648	126050	315954
213	18S	213	21826	119644	41740	368112	90123	213936
214	18S	214	22102	122733	42815	378131	91764	217046
215	18S	215	25276	132825	51034	390514	98903	221661
216	18S	216	26757	136858	53948	422107	113166	259036
217	18S	217	26839	135925	55818	344417	99276	187225
218	18S	218	27626	138442	57880	337004	98814	190886
219	18S	219	28334	143502	59316	340920	98823	195238
220	18S	220	27523	143296	58504	336769	97140	197482
221	18S	221	28091	149181	59885	352903	99767	211405
222	18S	222	29823	156192	64749	378805	107822	238593
223	18S	223	31359	162116	67990	398292	114465	255854
224	18S	224	30552	157299	68493	386790	113476	254263
225	18S	225	30503	158302	68826	379283	111718	250948
226	18S	226	32082	166375	72169	408955	117765	271583
227	18S	227	32204	169383	72237	418405	118321	275769
228	18S	228	31659	169309	70987	417413	116888	275103
229	18S	229	32261	186025	70267	430491	119456	276613
230	18S	230	32195	185297	70259	429431	119285	276385
231	18S	231	32248	185810	70553	429244	119374	276964
232	18S	232	33031	189100	75658	431934	120541	279492
233	18S	233	32832	190130	74657	435430	120171	280653
234	18S	234	32622	189746	73676	428846	118451	276423
235	18S	235	32620	191390	73788	367855	111838	244146
236	18S	236	32577	192506	74014	364531	111115	242447
237	18S	237	32676	194868	74222	374373	112076	246805
238	18S	238	31667	195556	72752	380816	111565	257990
239	18S	239	31695	194190	73632	373013	110956	257306
240	18S	240	31825	195432	74001	374072	111349	260422
241	18S	241	30985	181327	75179	362140	108369	259830
242	18S	242	28313	173245	69896	351091	102284	253915
243	18S	243	27606	168805	68773	344056	100138	248398
244	18S	244	26635	171664	68618	340383	98712	243985
245	18S	245	26784	174348	68883	349365	99695	248712
246	18S	246	25399	172284	64039	346805	96660	246155
247	18S	247	24810	172727	64394	338487	94141	239719
248	18S	248	25654	182688	65592	348924	96244	245868
249	18S	249	27500	187660	71444	350675	98309	247283
250	18S	250	27429	187955	71047	344272	97048	245235
251	18S	251	25670	184843	72579	309608	81054	210380
252	18S	252	26667	189752	76280	334144	91879	239548
253	18S	253	25198	185803	73068	319391	86392	218763
254	18S	254	26754	187664	79067	330106	92579	226939
255	18S	255	27287	193161	79544	343752	95119	236952
256	18S	256	26608	186632	77661	317655	90879	212748
257	18S	257	25713	183304	75552	306865	87934	200594
258	18S	258	26592	190575	76649	328690	90227	209544
259	18S	259	26709	195991	75618	327171	86453	202784
260	18S	260	26741	196496	75293	326713	85786	203735
261	18S	261	27044	197996	75107	329927	85992	203352
262	18S	262	27145	200279	74890	314512	82001	190330
263	18S	263	27164	201836	74921	311038	81485	187404
264	18S	264	27581	212887	75844	322722	82739	191058
265	18S	265	26188	206908	74511	308253	78235	187468
266	18S	266	27303	214622	76026	334493	83507	206782
267	18S	267	28116	223945	77103	369703	91624	236039
268	18S	268	27225	221793	71716	368717	90209	233500
269	18S	269	27212	221150	71854	365406	89868	232266
270	18S	270	27251	221864	71914	365833	90036	232420
271	18S	271	27436	218683	72686	368194	90127	234634
272	18S	272	27583	222438	72800	376790	90593	237431
273	18S	273	27514	220880	72628	367733	89687	233182
274	18S	274	26866	221946	71056	361015	86060	220470
275	18S	275	26645	221114	70085	359240	85195	217704
276	18S	276	26407	219044	69660	357639	84288	214527
277	18S	277	26112	218408	68036	358472	83391	214181
278	18S	278	26101	220692	67854	361840	83238	214458
279	18S	279	26060	220999	67746	361851	83108	214627
280	18S	280	25053	213001	64353	356790	80036	213638
281	18S	281	24954	211042	64211	348800	79159	209204
282	18S	282	24922	211845	64619	348152	78860	209585
283	18S	283	23932	203249	61435	341817	75994	208063
284	18S	284	23121	194496	60260	332412	73915	202127
285	18S	285	21104	188756	53395	328665	71399	199082
286	18S	286	20924	187541	52650	327171	71014	198047
287	18S	287	18141	177121	40386	318132	66043	191162
288	18S	288	16627	168356	34265	289285	53659	158553
289	18S	289	16789	170323	34465	294184	54274	160585
290	18S	290	14559	164052	27107	277046	46258	144631
291	18S	291	14308	164367	26989	269160	44476	135026
292	18S	292	14864	173440	25934	276978	44177	133185
293	18S	293	15612	174285	26984	265133	41061	119945
294	18S	294	15238	171758	27178	249409	39723	112019
295	18S	295	14898	166154	27961	234790	37973	102462
296	18S	296	16510	179377	30013	248554	40070	109661
297	18S	297	18465	184098	35373	248252	41961	110755
298	18S	298	17197	177643	33738	238090	40299	104653
299	18S	299	16933	165855	34012	221437	39036	101098
300	18S	300	17304	155888	35625	223683	39844	104545
301	18S	301	17248	152568	38253	210199	38989	96143
302	18S	302	17655	155897	38838	217405	40353	101177
303	18S	303	17059	149388	38615	186260	34592	74890
304	18S	304	17344	151337	39566	184632	32867	73903
305	18S	305	17520	151482	39729	185379	32882	74278
306	18S	306	17524	151899	39738	185156	32828	74402
307	18S	307	16886	148501	37742	175334	31162	70464
308	18S	308	16909	157269	37916	171637	31235	69316
309	18S	309	17033	159731	38085	173271	31475	70349
310	18S	310	17256	158774	38461	171382	31643	71112
311	18S	311	17412	160382	39058	171126	31928	72703
312	18S	312	17901	161199	42530	166548	32466	72477
313	18S	313	20349	174111	49312	196711	43712	90808
314	18S	314	20305	173955	49403	193465	43611	90634
315	18S	315	21124	183088	51698	198590	44771	95542
316	18S	316	21940	188708	54157	206771	47687	103560
317	18S	317	22408	194172	55201	216108	48761	107666
318	18S	318	22727	197277	55397	217507	49239	109482
319	18S	319	23408	202546	56445	221213	50120	111741
320	18S	320	24652	209080	62688	225525	51610	115388
321	18S	321	24482	209373	62695	225679	50757	116231
322	18S	322	24577	209993	62924	225228	50716	116746
323	18S	323	24809	231012	63190	229096	51037	117062
324	18S	324	24913	233457	63499	232933	51319	119481
325	18S	325	24787	232342	63401	228706	50732	117663
326	18S	326	24768	232063	63616	226962	50610	117816
327	18S	327	25053	233547	63851	226008	50664	119622
328	18S	328	21654	211172	58217	201624	46063	115330
329	18S	329	21725	213419	58433	204752	46195	115983
330	18S	330	21778	214521	58582	205865	46318	116248
331	18S	331	18785	193941	54441	184175	42909	105046
332	18S	332	19260	196229	57091	190503	44709	110670
333	18S	333	15594	176025	47701	172798	39527	100556
334	18S	334	15940	179433	48535	177188	40075	102156
335	18S	335	16085	184799	48777	180293	40260	102829
336	18S	336	15619	180823	47010	173792	39053	98511
337	18S	337	14545	179543	42691	161716	34432	87080
338	18S	338	14541	185171	42544	160386	33559	82459
339	18S	339	14468	185007	41938	159954	33216	81973
340	18S	340	14247	182453	41243	157149	32830	80913
341	18S	341	14426	179599	43402	154031	32991	79776
342	18S	342	14663	180071	43993	155407	33337	80894
343	18S	343	14745	179533	44167	155222	33360	80953
344	18S	344	14847	165629	46970	150110	32868	79466
345	18S	345	15162	169580	47210	157244	33161	81747
346	18S	346	14967	167736	46892	159133	32882	81066
347	18S	347	15474	174365	46983	171555	33845	81125
348	18S	348	15725	183605	43142	182178	33423	83189
349	18S	349	14055	175903	37631	157611	23002	67276
350	18S	350	16659	176514	44079	160271	24624	69149
351	18S	351	15631	164502	41972	152013	23110	63752
352	18S	352	14657	155780	40365	137579	19568	52717
353	18S	353	15151	153774	44121	183562	28517	85685
354	18S	354	15349	160099	44293	194487	28821	87915
355	18S	355	15093	158721	43505	203337	28470	87007
356	18S	356	13951	153953	37372	203101	27047	83713
357	18S	357	14227	154919	37855	206873	27699	83435
358	18S	358	14302	155855	38188	208360	28003	83194
359	18S	359	13867	130787	37496	198641	27019	80079
360	18S	360	14763	131175	42643	211924	31195	89756
361	18S	361	14840	131945	42891	213766	31342	90421
362	18S	362	14805	132018	42665	214907	31339	90440
363	18S	363	14330	128703	42149	215022	30726	88832
364	18S	364	14263	127953	41851	216140	30684	88487
365	18S	365	14419	127981	42427	215574	31104	88636
366	18S	366	14679	127962	44089	215718	31572	88943
367	18S	367	15308	126835	48068	213142	32798	88210
368	18S	368	15859	127999	50069	217430	34356	91613
369	18S	369	16010	125651	51106	214740	34296	91240
370	18S	370	16161	122951	51637	220115	35424	95237
371	18S	371	16233	124247	51931	222590	35728	96205
372	18S	372	16398	128256	52252	225760	36149	96442
373	18S	373	16735	128328	52809	226214	36810	96674
374	18S	374	18829	146168	61864	231128	39107	100755
375	18S	375	20755	151727	66815	238541	40946	106494
376	18S	376	20719	152065	66750	240505	40879	106717
377	18S	377	20453	154753	64425	243101	40926	107084
378	18S	378	22561	182704	67952	254664	45292	110845
379	18S	379	22782	187564	68548	258931	45949	113723
380	18S	380	22753	190509	66635	260231	46108	113897
381	18S	381	22736	189581	67189	255901	46122	112769
382	18S	382	22828	192153	67384	255056	46171	112774
383	18S	383	22082	182657	66741	241417	44722	110780
384	18S	384	20962	170061	66133	228599	43678	106053
385	18S	385	17050	158655	56352	213138	40475	99296
386	18S	386	17190	159798	56667	215391	40764	99978
387	18S	387	16626	164504	52548	169745	32120	64993
388	18S	388	16692	165554	52710	172149	32392	65488
389	18S	389	16800	168739	52802	173947	32513	65601
390	18S	390	16738	163823	53143	163745	32286	63792
391	18S	391	15977	151861	51872	138090	30744	60582
392	18S	392	16005	152067	52030	138881	30853	61067
393	18S	393	16087	153262	52292	139509	30965	61458
394	18S	394	16031	151479	52321	137352	30648	61817
395	18S	395	15952	152759	51700	136775	30517	62253
396	18S	396	15180	152270	47111	123680	26551	52793
397	18S	397	15061	145629	47015	112830	26102	50737
398	18S	398	15656	148939	49243	118184	27286	52224
399	18S	399	16012	153993	50764	120396	27757	52978
400	18S	400	16154	153579	52190	122539	28182	55018
401	18S	401	19164	156197	62385	131569	30717	62137
402	18S	402	19237	157749	62659	132861	30858	62495
403	18S	403	18403	159310	56436	131860	28141	58129
404	18S	404	18130	161692	55012	130427	26908	55248
405	18S	405	17626	160393	52903	127743	26308	53930
406	18S	406	17420	157798	52633	119385	25087	49500
407	18S	407	17835	154722	56653	116153	25228	50248
408	18S	408	17919	155494	56984	117676	25444	51319
409	18S	409	17532	151261	56635	115425	24707	51287
410	18S	410	15679	122353	55585	103439	22159	47232
411	18S	411	15967	125514	55981	110050	22398	49340
412	18S	412	17304	125111	63792	111914	22844	52969
413	18S	413	17979	130681	65780	133715	27263	70401
414	18S	414	15860	103657	62967	122814	22733	66356
415	18S	415	15763	99872	62816	119988	22277	64130
416	18S	416	15583	98083	64586	119551	22085	65186
417	18S	417	16029	99593	66785	129852	23885	70391
418	18S	418	16255	101804	67386	137879	24719	72449
419	18S	419	16503	103608	67984	139563	24983	73089
420	18S	420	16806	105477	69463	140656	25289	74029
421	18S	421	16444	98849	69681	139019	24867	74913
422	18S	422	16538	100341	69908	142446	25158	75913
423	18S	423	17151	109723	70689	146305	26427	76638
424	18S	424	17347	114882	71451	146302	26548	76855
425	18S	425	17442	113748	72449	147028	26432	77036
426	18S	426	17671	114900	73002	148759	26757	77722
427	18S	427	18117	120277	74723	153013	27141	78630
428	18S	428	18342	120828	76278	154083	27063	77782
429	18S	429	18522	123356	77003	157525	27340	78361
430	18S	430	18644	125436	77952	158509	27497	78517
431	18S	431	18801	127873	79719	160130	27633	77883
432	18S	432	18939	129638	82982	160749	27681	78088
433	18S	433	18927	131270	84024	161715	27744	78017
434	18S	434	19304	130925	86039	160544	28004	78464
435	18S	435	19191	130472	85341	160388	27835	78271
436	18S	436	18782	126417	81355	149671	26660	72079
437	18S	437	21308	142217	128766	157936	32033	80043
438	18S	438	23025	143053	138722	163233	36617	88684
439	18S	439	23820	148200	141425	171644	38849	96560
440	18S	440	23730	146146	141493	169647	38761	96624
441	18S	441	23866	146097	142389	169714	38849	96809
442	18S	442	23933	147001	142777	171457	39047	98093
443	18S	443	23431	145967	138858	170481	38421	97062
444	18S	444	23638	146299	139421	170941	38647	96839
445	18S	445	21357	142435	126964	164805	36926	90519
446	18S	446	21383	141653	127627	161695	37921	91587
447	18S	447	22233	145924	129761	168364	39733	96456
448	18S	448	20850	143719	121765	163985	38843	92193
449	18S	449	21024	148339	120155	156147	35226	79272
450	18S	450	23231	157202	120585	167940	36521	86839
451	18S	451	23540	154905	118036	167320	36550	86176
452	18S	452	23927	150335	118167	160308	37739	85789
453	18S	453	24483	152692	119520	173746	40756	92655
454	18S	454	25821	153501	123756	169281	41088	92000
455	18S	455	25700	152720	123600	168726	40945	91626
456	18S	456	25059	143095	120975	164882	40447	89000
457	18S	457	25176	143787	121154	166749	40618	89217
458	18S	458	25276	144794	121295	167602	40742	89310
459	18S	459	24717	136420	120578	164156	39538	88754
460	18S	460	24228	126864	118103	157927	38990	86475
461	18S	461	24293	127267	118282	159091	39130	86715
462	18S	462	24368	127518	118436	159249	39192	86740
463	18S	463	24703	123243	119252	156010	39600	86165
464	18S	464	23979	114796	115359	148077	38838	84679
465	18S	465	24201	115441	116010	149069	39155	85127
466	18S	466	24271	116381	116188	149593	39231	85282
467	18S	467	24018	112192	114379	147041	38980	84959
468	18S	468	26022	108495	118270	144974	40755	85018
469	18S	469	26326	109408	119854	146684	41388	86310
470	18S	470	26253	104685	120010	143698	40922	87435
471	18S	471	25166	104645	119057	143909	40570	88098
472	18S	472	26495	107161	123048	148655	42611	92025
473	18S	473	23216	88186	70450	134390	33751	77493
474	18S	474	23246	84467	70752	130032	33070	73088
475	18S	475	25269	84217	77975	133603	36686	76679
476	18S	476	25642	85572	78583	136610	37789	78709
477	18S	477	25775	86037	78247	136041	37777	77331
478	18S	478	27205	88617	85758	140500	40365	82522
479	18S	479	27279	89869	85984	142514	40522	83322
480	18S	480	27326	91796	85491	142936	40567	83563
481	18S	481	27274	94886	86283	138910	39641	80599
482	18S	482	27954	97266	88762	145555	41156	87015
483	18S	483	28192	91303	95722	136361	39960	83023
484	18S	484	28247	91802	96011	138179	40113	84317
485	18S	485	24172	69886	93089	106566	37085	68882
486	18S	486	24200	70744	93180	107777	37178	69261
487	18S	487	24236	71563	93293	108129	37219	69310
488	18S	488	23226	69953	90438	100806	34123	63663
489	18S	489	22827	69557	89267	88336	31302	57323
490	18S	490	21351	67488	84863	85109	30208	56308
491	18S	491	21305	66939	84825	84911	30214	56764
492	18S	492	21346	65201	86219	76757	29832	56742
493	18S	493	21511	65860	87026	80969	31132	61660
494	18S	494	23206	67886	95607	84791	32497	64843
495	18S	495	23197	67685	95765	84969	32499	65049
496	18S	496	22941	66700	95106	88622	32667	66757
497	18S	497	22892	67078	94947	87738	32540	66571
498	18S	498	22891	67074	95032	87842	32592	66683
499	18S	499	22414	66958	93549	87416	32124	66895
500	18S	500	22465	67472	93578	87557	32183	67000
501	18S	501	22964	69416	95331	88177	32753	67968
502	18S	502	23033	71088	95335	89117	32849	68366
503	18S	503	23106	71352	95449	89234	32900	68511
504	18S	504	20922	68863	86828	87714	30752	67984
505	18S	505	19642	65162	80478	83137	28998	63672
506	18S	506	17903	61727	73013	84370	30213	66171
507	18S	507	18752	65248	74406	88687	31348	69821
508	18S	508	17598	63904	70674	85423	29576	67054
509	18S	509	16353	62390	65476	82997	28375	65091
510	18S	510	15765	61377	62969	79950	27078	62325
511	18S	511	13695	60612	55769	73620	22764	56264
512	18S	512	14934	58677	60168	75355	26367	60027
513	18S	513	15167	60184	60355	78497	26898	61713
514	18S	514	13794	57146	52652	74015	24380	56078
515	18S	515	13525	50741	49779	75556	24250	56422
516	18S	516	14013	52269	50251	84609	25861	64004
517	18S	517	15548	61843	52543	89302	27358	65630
518	18S	518	17586	59909	52442	83262	26985	59542
519	18S	519	19272	61618	56569	87579	28228	62812
520	18S	520	19848	59970	58907	85074	28521	63888
521	18S	521	22637	61535	69482	88653	31863	69659
522	18S	522	23407	64666	70758	95300	32841	73385
523	18S	523	23847	65164	71697	96581	33233	74261
524	18S	524	25101	67249	73843	98388	34681	75444
525	18S	525	25911	65445	76485	98716	35346	76788
526	18S	526	26846	66486	78975	102436	36930	81132
527	18S	527	27598	68594	80183	106260	38613	86452
528	18S	528	28444	75756	80694	116522	40145	93237
529	18S	529	27722	76150	74902	112146	38476	88617
530	18S	530	27988	78663	75360	138600	42366	112905
531	18S	531	28326	81720	75712	142779	42610	114703
532	18S	532	29229	83584	77688	142025	43123	116382
533	18S	533	29483	83657	78697	142606	43317	117243
534	18S	534	29707	84019	79417	143406	43715	118024
535	18S	535	31591	84892	89014	208241	61919	218334
536	18S	536	31763	85514	89647	210579	62361	219702
537	18S	537	31197	84275	87830	211285	62201	219417
538	18S	538	31376	87605	87424	218008	62787	223297
539	18S	539	31761	90844	87953	224081	63936	225463
540	18S	540	32090	94066	88556	226681	64245	226521
541	18S	541	33271	112015	89119	238875	62601	233914
542	18S	542	43304	126198	191880	249465	74178	260943
543	18S	543	44672	129536	194431	278792	80060	297737
544	18S	544	46250	132528	199767	285063	82836	308154
545	18S	545	47220	133937	203246	312010	93694	369350
546	18S	546	47985	135912	206216	318640	95275	374897
547	18S	547	47737	135245	205574	318994	95198	375283
548	18S	548	46008	134373	199312	315253	91165	370510
549	18S	549	45898	133959	199384	312920	90702	369178
550	18S	550	44882	131486	197888	299626	88289	360232
551	18S	551	45040	134045	198069	303876	88751	361939
552	18S	552	45444	143604	198308	309089	89707	362508
553	18S	553	45201	140818	198130	308180	89807	362180
554	18S	554	41290	141293	186496	307885	88000	361531
555	18S	555	40150	140777	181706	316924	90406	372715
556	18S	556	36788	136425	170190	309340	86489	365205
557	18S	557	37150	138505	170534	314335	87402	367432
558	18S	558	38255	160398	171509	323303	89385	369196
559	18S	559	37957	160628	170820	323290	89194	368891
560	18S	560	36977	160326	168944	324630	88260	369545
561	18S	561	36142	162555	165935	325978	87603	367858
562	18S	562	35428	176038	163272	326871	86430	363539
563	18S	563	34346	175949	159478	322095	83996	356436
564	18S	564	33782	170230	159101	313176	82771	350219
565	18S	565	33237	171499	156185	311325	82466	348229
566	18S	566	33101	170036	156024	285884	78763	324740
567	18S	567	31672	163604	152730	276829	77130	318778
568	18S	568	32810	167383	153797	281377	78524	321270
569	18S	569	33442	171685	154842	283889	78960	322491
570	18S	570	30790	169164	142714	215814	59709	219627
571	18S	571	31067	172123	142985	219863	60409	220577
572	18S	572	31319	179159	143627	222098	60703	221009
573	18S	573	31377	179359	143684	220600	59999	220105
574	18S	574	30725	172448	143070	212174	58973	215549
575	18S	575	30650	180445	142736	213795	58419	213990
576	18S	576	30988	181142	143386	216797	58912	213905
577	18S	577	30341	171973	139788	206172	57483	199948
578	18S	578	21916	173723	39522	200431	47292	172031
579	18S	579	25194	179071	55574	170815	41996	129766
580	18S	580	27012	180981	59103	159444	38362	94460
581	18S	581	27777	183945	61731	164893	39453	100127
582	18S	582	27945	185453	61857	160614	38534	96172
583	18S	583	28713	186778	63234	160791	38388	96540
584	18S	584	28716	187394	63314	160747	38354	96718
585	18S	585	28360	181136	63333	155186	37628	94998
586	18S	586	28821	183329	63777	158437	38333	96994
587	18S	587	29158	187956	64326	160290	38717	97455
588	18S	588	29602	182664	66045	157563	38673	98405
589	18S	589	28728	177777	65224	154833	37419	97709
590	18S	590	29267	175158	66747	153567	37735	96798
591	18S	591	28298	171177	65758	135157	33650	77258
592	18S	592	30279	169770	70973	132807	36351	78576
593	18S	593	31515	170472	72753	135144	38228	80838
594	18S	594	30119	144856	71724	121210	35648	76661
595	18S	595	30806	145714	72693	123892	37260	78728
596	18S	596	31125	148123	72901	126573	37656	79007
597	18S	597	31740	147111	73704	127304	38371	79432
598	18S	598	34166	140547	75143	136192	40370	82559
599	18S	599	37621	140456	80095	141553	42309	85088
600	18S	600	40421	144597	82562	153000	46380	93143
601	18S	601	48710	143036	97726	157825	51037	98911
602	18S	602	53489	145607	102956	164872	55306	105759
603	18S	603	57178	147255	108107	167785	57678	108445
604	18S	604	55793	140341	106902	161779	56206	105355
605	18S	605	57338	140011	110020	166965	58926	109839
606	18S	606	57367	131879	110187	168653	59841	113233
607	18S	607	57857	132864	110819	172784	60980	115540
608	18S	608	60287	139791	113934	178463	63448	117132
609	18S	609	60339	139023	113538	178377	63593	117103
610	18S	610	60832	139602	113858	179659	64070	117279
611	18S	611	62217	136956	116811	178213	65025	118487
612	18S	612	62080	134488	116446	174899	64521	118653
613	18S	613	60928	125896	116679	167510	63344	117483
614	18S	614	59811	114778	115536	166824	62437	117384
615	18S	615	51040	100215	84747	145631	51468	83840
616	18S	616	53229	106982	87621	158980	54667	91716
617	18S	617	56630	118191	90247	169679	57482	99269
618	18S	618	58469	118103	91215	171715	59228	102230
619	18S	619	60499	120165	95905	181548	63065	114986
620	18S	620	63273	125452	106415	188702	66770	124587
621	18S	621	64319	128099	108121	192267	67791	127626
622	18S	622	64782	125980	109136	199763	69206	134191
623	18S	623	62970	122174	105143	202124	67410	133904
624	18S	624	63285	123940	105452	205324	67885	135064
625	18S	625	63475	129001	105656	208276	68161	135696
626	18S	626	65343	132614	108514	215736	70917	144562
627	18S	627	65053	133395	106337	216508	70458	143934
628	18S	628	62982	134462	101176	215333	67134	141155
629	18S	629	66314	155562	103991	225974	70721	143583
630	18S	630	66006	157135	103420	225060	69434	142834
631	18S	631	66348	160855	103750	229851	70177	146169
632	18S	632	69447	219209	108514	250023	73458	159074
633	18S	633	70420	273580	110119	272577	74386	170689
634	18S	634	68515	278511	109664	267996	72582	170638
635	18S	635	64271	318327	106056	266175	68829	168905
636	18S	636	58307	335837	96082	277833	70022	186700
637	18S	637	60438	345989	97624	300250	74064	206300
638	18S	638	58465	357049	95260	301118	71783	206059
639	18S	639	55442	357480	91114	298726	69661	203718
640	18S	640	55395	360965	90494	299775	69588	204023
641	18S	641	53908	364305	87006	295114	66953	199459
642	18S	642	53464	373094	85936	290167	65146	194692
643	18S	643	53050	376068	85357	287023	64068	192523
644	18S	644	50789	371281	82440	282168	61756	191312
645	18S	645	50680	372913	82262	282068	61693	191582
646	18S	646	50206	373522	81571	282611	61222	192159
647	18S	647	48832	367186	78694	278558	59956	190801
648	18S	648	49098	369470	78543	278621	60301	190275
649	18S	649	49333	374140	78465	279310	60481	190655
650	18S	650	48354	368422	76327	272756	59367	188942
651	18S	651	46829	363793	72746	265164	57888	184594
652	18S	652	45583	361501	70012	254813	55423	176940
653	18S	653	43072	362290	67638	247361	53438	169765
654	18S	654	40409	360103	63691	244337	51022	165622
655	18S	655	37291	354979	56812	231901	46525	151037
656	18S	656	34189	347578	45267	220733	42333	138542
657	18S	657	33037	345824	43619	215027	40926	134107
658	18S	658	32627	350141	42770	208837	39593	128352
659	18S	659	32098	352943	41967	203335	38473	124778
660	18S	660	32012	354693	42033	203606	39525	124604
661	18S	661	32443	354612	41187	201596	40726	123018
662	18S	662	34450	364974	43454	209472	43122	128223
663	18S	663	36237	372838	46138	213349	45029	132303
664	18S	664	38347	382148	48509	218032	46770	136274
665	18S	665	36560	364811	46870	210131	44311	135960
666	18S	666	36637	368318	46615	208395	44376	135928
667	18S	667	40135	378978	51506	210957	46549	136951
668	18S	668	37290	322858	46811	192015	43476	124421
669	18S	669	35852	269361	44572	167756	42037	112975
670	18S	670	36415	262190	43834	162967	42676	110693
671	18S	671	34227	215234	39896	146329	40196	101365
672	18S	672	33152	201348	34829	131113	35939	77323
673	18S	673	30096	182900	33437	106823	32374	54088
674	18S	674	31059	196339	34168	124785	33444	59549
675	18S	675	31804	224792	33260	156747	34197	66137
676	18S	676	31515	221994	33024	156137	33954	65391
677	18S	677	31877	220515	33261	157915	34544	66256
678	18S	678	50160	263485	41347	189414	46479	92191
679	18S	679	60455	302236	48888	226200	52428	121279
680	18S	680	62689	323787	52147	237730	53928	129159
681	18S	681	66149	337892	59639	244777	55850	135686
682	18S	682	67871	348696	61952	249461	57101	137342
683	18S	683	67684	350586	61938	248699	56973	137428
684	18S	684	66797	349838	62067	248022	56232	137654
685	18S	685	67753	353474	67472	255207	58139	142234
686	18S	686	68010	355499	67623	256590	58371	142665
687	18S	687	68100	363036	67745	258062	58514	142887
688	18S	688	67549	379314	67757	260113	58151	143012
689	18S	689	66730	372541	67627	257588	57449	142642
690	18S	690	66907	373864	67833	257517	57839	142626
691	18S	691	67997	377756	68564	259927	59251	143229
692	18S	692	70743	384486	70084	271453	63919	147978
693	18S	693	72728	392525	71143	284317	67986	162859
694	18S	694	73164	390163	71200	285372	68536	164212
695	18S	695	76136	395306	73742	290288	71140	171035
696	18S	696	79648	402786	75472	299314	72285	179199
697	18S	697	77157	399215	71914	295964	68621	174072
698	18S	698	77842	400126	71987	334166	75072	204047
699	18S	699	77628	397447	71246	332845	74287	201449
700	18S	700	76471	392496	69685	332686	73264	199170
701	18S	701	75101	394131	68649	332318	72381	197836
702	18S	702	74172	387622	67784	330014	71400	196117
703	18S	703	70730	377560	62856	324181	68928	192260
704	18S	704	72116	391010	63720	328769	70103	193365
705	18S	705	73570	406185	65329	332362	71262	196066
706	18S	706	72342	406955	65591	328398	70289	195472
707	18S	707	72403	410416	68186	415452	83644	257107
708	18S	708	72892	415124	68646	448032	88475	269522
709	18S	709	72158	420334	66421	446992	87446	268780
710	18S	710	72738	423603	68319	435405	87605	266967
711	18S	711	71290	396431	68019	402229	86118	259445
712	18S	712	72482	406742	68883	404653	87242	260322
713	18S	713	46081	342860	53945	342323	71596	207198
714	18S	714	46145	345476	54139	345880	71910	208699
715	18S	715	47929	365929	55958	351711	74208	211022
716	18S	716	45862	346774	53233	341175	72918	203528
717	18S	717	42373	333694	45958	334323	70933	196922
718	18S	718	42313	330953	46740	335338	71425	198490
719	18S	719	42678	331459	47199	335929	71755	198903
720	18S	720	42811	329253	46154	334767	71679	198337
721	18S	721	41856	332690	40613	328072	69791	193366
722	18S	722	42449	340252	40777	331329	70329	193462
723	18S	723	42508	337648	40681	331198	70371	193493
724	18S	724	42615	321855	41025	327800	70571	193547
725	18S	725	44114	320131	42889	332385	72254	197530
726	18S	726	44595	318824	43522	332470	72127	198002
727	18S	727	45196	321253	45080	332320	72039	198355
728	18S	728	42466	316088	43555	322320	67640	193989
729	18S	729	40335	306596	42256	307422	63963	178315
730	18S	730	40899	313704	44366	305646	67515	176494
731	18S	731	38429	315745	41969	302035	65312	169797
732	18S	732	35245	307331	40218	290820	63184	161111
733	18S	733	34168	311053	39319	246456	56258	123765
734	18S	734	34042	309131	41379	281925	68248	157727
735	18S	735	35120	312233	43449	336127	81169	202871
736	18S	736	34265	310161	43172	332728	80984	201901
737	18S	737	35830	314794	45202	345286	83378	210875
738	18S	738	36034	318197	45360	349853	84036	212358
739	18S	739	37312	336083	46025	358185	86242	213600
740	18S	740	52024	376858	52369	368710	96101	214366
741	18S	741	55502	398525	53971	452218	119226	263688
742	18S	742	66745	416631	58788	602533	144394	398240
743	18S	743	73113	430414	59762	529733	135625	346502
744	18S	744	74794	435663	60403	505681	133318	338866
745	18S	745	82189	447363	62832	515129	137232	346043
746	18S	746	90714	452596	66358	520496	142666	350646
747	18S	747	97946	468514	68972	556567	148684	365641
748	18S	748	104449	472895	71629	570683	153137	371778
749	18S	749	110899	466577	74903	590285	158912	379336
750	18S	750	114999	482175	76748	608834	163176	382284
751	18S	751	115754	469222	76122	614543	164118	382543
752	18S	752	120803	476739	81412	629710	171620	388045
753	18S	753	122873	477240	81252	636413	173806	391596
754	18S	754	125747	488645	82035	655632	177733	400011
755	18S	755	128437	487964	83736	680258	186045	416202
756	18S	756	132446	488419	87570	703049	192829	426620
757	18S	757	140640	488458	96697	744766	210099	444643
758	18S	758	143816	499619	99138	767545	216173	451284
759	18S	759	148061	502287	103699	775231	219859	454055
760	18S	760	144553	488155	98909	769176	216770	448293
761	18S	761	146519	491713	100440	781015	219617	450698
762	18S	762	147123	500172	101021	790408	220524	451536
763	18S	763	150299	513062	102758	815341	224850	456177
764	18S	764	151288	534793	103069	836388	226155	458465
765	18S	765	152260	546185	103202	858846	226608	462865
766	18S	766	156183	576707	102698	882339	227621	469301
767	18S	767	167183	578961	113009	889236	234055	475727
768	18S	768	170035	582812	116394	898586	236441	479551
769	18S	769	167633	569023	112861	860432	223221	446987
770	18S	770	168357	572415	113636	829226	214315	414224
771	18S	771	166581	556235	111095	828147	211958	408535
772	18S	772	166984	558025	111542	851533	215821	421402
773	18S	773	168111	575746	112177	862298	217516	423251
774	18S	774	150168	487258	103402	835121	203732	416547
775	18S	775	150230	489118	103455	841135	204417	417867
776	18S	776	153267	517832	104662	861414	208742	419628
777	18S	777	150886	516121	103197	791002	187379	371677
778	18S	778	141908	496801	98728	647328	166132	239469
779	18S	779	136897	499012	95470	642542	163664	229947
780	18S	780	135844	479172	98928	632568	163116	224336
781	18S	781	137763	491933	100889	696749	174558	271124
782	18S	782	129213	475056	94936	695618	169120	266755
783	18S	783	122254	460363	92167	662664	163164	252591
784	18S	784	115377	450688	88436	649843	157689	245648
785	18S	785	114553	429957	89850	627313	155374	239783
786	18S	786	110777	416733	88037	611272	151060	235569
787	18S	787	109781	413756	88032	607159	151023	234599
788	18S	788	107878	414251	84440	597641	151166	225297
789	18S	789	133739	417217	104455	625598	168459	239160
790	18S	790	140786	458150	106261	706558	182582	273402
791	18S	791	159084	463990	121131	684823	179041	258073
792	18S	792	176728	489086	131604	746247	192698	285482
793	18S	793	186143	485777	138485	705738	181638	271847
794	18S	794	197590	515566	142707	775892	191951	290864
795	18S	795	196270	514497	140783	775634	190580	290806
796	18S	796	194886	501655	139153	761512	188034	288527
797	18S	797	203152	514611	144637	791904	201251	294459
798	18S	798	204379	519030	145407	798558	202796	295305
799	18S	799	207849	494722	153106	778716	203795	294764
800	18S	800	209653	506647	153697	824165	206973	302228
801	18S	801	208863	496065	153507	810519	205991	298451
802	18S	802	206606	462941	152912	811810	206607	293140
803	18S	803	195514	455966	140879	818867	202646	285934
804	18S	804	203948	463308	144779	883971	216850	317782
805	18S	805	213208	475516	148951	926848	230891	341095
806	18S	806	216674	472115	149455	902721	232638	330075
807	18S	807	223728	481089	155750	916046	242797	337843
808	18S	808	227773	494567	158393	951043	252876	357205
809	18S	809	223906	449176	156566	922572	247408	354517
810	18S	810	225773	456821	157721	1008066	257047	387943
811	18S	811	228557	479536	160038	1032135	263399	394632
812	18S	812	230271	463864	164459	1055412	275974	418187
813	18S	813	231978	471439	165711	1138349	292691	467070
814	18S	814	215214	425820	156122	1115032	278580	458054
815	18S	815	215424	427073	156372	1126208	280488	460085
816	18S	816	215632	429226	156497	1131525	280959	460722
817	18S	817	221794	420806	161883	1077998	277016	417266
818	18S	818	222204	423083	162127	1089204	278925	420224
819	18S	819	225775	433605	163547	1104956	284913	424867
820	18S	820	230523	433265	165527	1108683	288892	427737
821	18S	821	225201	430204	160286	1107972	285725	426956
822	18S	822	225962	430771	160478	1112224	286787	428548
823	18S	823	225305	431312	159552	1113023	284867	427330
824	18S	824	219699	414980	156547	1100049	277095	422741
825	18S	825	194824	404333	136231	1060289	260059	401987
826	18S	826	190904	370695	135961	989919	249817	371315
827	18S	827	166329	360648	114652	980711	240192	363997
828	18S	828	150613	339473	105182	925451	229084	340355
829	18S	829	126625	298480	88226	840400	215324	318799
830	18S	830	129836	304411	89906	851460	219772	324745
831	18S	831	128876	304568	88091	852946	220408	324168
832	18S	832	133776	312629	90388	861948	224432	328219
833	18S	833	126656	304058	85335	840575	212808	323964
834	18S	834	127325	304872	85968	842568	213745	325230
835	18S	835	122957	317674	77423	850044	211756	327309
836	18S	836	122616	317161	77377	828999	210411	325267
837	18S	837	122822	319653	77271	833142	210848	325408
838	18S	838	122893	328261	76805	843205	209750	328775
839	18S	839	123111	332742	75292	846063	208774	333654
840	18S	840	126120	327910	73259	804840	200619	306961
841	18S	841	121645	323444	72172	778135	191257	289141
842	18S	842	116599	320956	68601	770380	184843	284954
843	18S	843	114485	324228	65550	762371	176895	277788
844	18S	844	111031	316027	62199	673949	159282	234027
845	18S	845	111710	323542	62563	696070	160796	238238
846	18S	846	112065	330451	62639	705029	161260	239975
847	18S	847	113060	348037	58818	692351	148938	220254
848	18S	848	119726	369805	62145	754629	158219	248972
849	18S	849	118730	367825	61266	682070	142886	203647
850	18S	850	124094	372280	69203	678112	144326	210042
851	18S	851	143788	387710	78352	740269	160306	247641
852	18S	852	144628	393307	78673	756131	161445	251140
853	18S	853	137846	385948	72068	751567	156424	250599
854	18S	854	148443	415524	76982	770055	166597	257000
855	18S	855	141745	406036	74112	761629	158957	257022
856	18S	856	162232	438524	85550	860337	174829	334881
857	18S	857	164542	453859	86303	910412	180581	354586
858	18S	858	165935	458183	87138	932404	183739	359621
859	18S	859	197632	522978	101735	1081260	202550	464183
860	18S	860	210402	557607	107401	1195965	220336	536369
861	18S	861	213732	563894	112398	1216045	223532	548081
862	18S	862	213997	557850	115709	1213928	222450	549909
863	18S	863	219514	564186	121709	1256948	229980	565385
864	18S	864	223193	579296	124478	1306200	235849	579611
865	18S	865	210268	575677	116843	1293799	221125	567258
866	18S	866	211582	590202	117549	1331058	225108	571380
867	18S	867	211916	600210	117747	1340291	225990	572290
868	18S	868	204695	597832	113782	1331255	220163	569151
869	18S	869	212512	641645	124725	1370456	228634	608744
870	18S	870	213082	647441	124992	1386896	230119	611984
871	18S	871	209910	626186	123958	1356231	225983	603978
872	18S	872	208900	620268	123755	1341440	225601	599267
873	18S	873	211891	633540	127014	1363065	230703	599622
874	18S	874	209065	618334	125870	1328976	226245	594550
875	18S	875	205260	600921	125239	1300431	221647	585067
876	18S	876	192857	596976	120961	1278494	214946	576373
877	18S	877	188749	601374	118147	1275186	212188	571468
878	18S	878	188215	608047	117755	1275047	212414	568650
879	18S	879	187386	615699	118876	1272940	214880	557356
880	18S	880	183799	598593	118077	1228014	210283	543451
881	18S	881	187342	588581	126353	1208771	216510	545171
882	18S	882	188564	590949	128576	1220950	225884	552454
883	18S	883	183058	548605	126458	1179382	220225	542489
884	18S	884	171041	519231	114958	1102116	206763	502217
885	18S	885	171977	524216	115814	1117276	210570	508137
886	18S	886	177090	539713	118541	1133014	218880	511904
887	18S	887	159987	523587	114558	1059608	206667	474750
888	18S	888	162572	539639	116026	1082762	211780	482618
889	18S	889	165349	544281	122166	1078260	213717	480524
890	18S	890	155736	516510	118901	1058067	203958	473878
891	18S	891	132683	476539	108142	948942	186526	390481
892	18S	892	133181	471108	111735	928530	190048	385472
893	18S	893	135957	491270	114908	965765	196107	396642
894	18S	894	133533	488499	113916	941855	191604	390705
895	18S	895	100569	416807	99542	782132	171684	285827
896	18S	896	91966	403627	98595	685772	162385	216166
897	18S	897	85018	391393	93716	660396	155662	203092
898	18S	898	68469	343546	79997	520061	133768	157036
899	18S	899	68632	346447	80290	527152	135038	158889
900	18S	900	68568	353127	81309	511422	135188	157334
901	18S	901	69000	360378	81806	527559	137444	160780
902	18S	902	71763	391503	84354	552349	143602	165425
903	18S	903	72954	433343	85604	571165	146644	170602
904	18S	904	77670	450832	89117	594288	154521	174445
905	18S	905	70744	454001	80346	557898	150353	144682
906	18S	906	75220	473479	84224	612142	162729	180192
907	18S	907	76613	479651	86335	646072	175275	215580
908	18S	908	80864	496071	89738	694347	186488	247064
909	18S	909	80908	493875	90027	676496	185261	251690
910	18S	910	81519	497573	91028	679861	185905	253410
911	18S	911	83316	505707	94108	690761	188418	258104
912	18S	912	83734	509070	94726	694321	188873	260245
913	18S	913	83208	499115	94544	684407	187194	260211
914	18S	914	83474	507593	94685	695670	188759	260908
915	18S	915	94444	531274	100526	702054	195867	263859
916	18S	916	100354	549280	103998	720263	202266	270727
917	18S	917	99309	551846	97897	713792	198122	265494
918	18S	918	100146	554187	98170	706380	191579	260139
919	18S	919	102641	553311	105854	695514	191664	258800
920	18S	920	106762	563564	113097	721253	198449	271263
921	18S	921	106405	562231	113294	712565	195522	267125
922	18S	922	101478	548642	110879	698547	187612	263818
923	18S	923	98477	539459	108804	682833	183484	256470
924	18S	924	89575	521761	96505	657581	172368	246292
925	18S	925	90404	523889	97275	671254	174529	249227
926	18S	926	96741	538606	103032	690844	182858	255880
927	18S	927	98509	548902	104595	727262	187457	265179
928	18S	928	96850	546179	102104	705902	180128	254493
929	18S	929	96346	528766	102094	680207	177767	248995
930	18S	930	104500	538180	108912	866317	205874	372628
931	18S	931	105337	541841	109317	883523	208962	378850
932	18S	932	106092	532378	108496	887535	208115	388707
933	18S	933	111005	545725	113343	901626	211977	395026
934	18S	934	113252	554695	115641	928698	215476	402583
935	18S	935	113622	562638	115975	931770	215402	403943
936	18S	936	112885	546471	115462	916544	212600	402922
937	18S	937	112531	547868	115431	907020	211129	400097
938	18S	938	110705	520512	114894	888689	206805	396781
939	18S	939	105223	452422	111023	839741	196390	387056
940	18S	940	102267	397112	109565	836396	193150	383773
941	18S	941	97257	381480	104123	789704	170490	324087
942	18S	942	98122	386781	104992	813208	174241	332178
943	18S	943	98695	398707	105636	822796	175752	333049
944	18S	944	95707	376687	107620	781501	169364	306438
945	18S	945	100953	404239	110684	824979	174895	316193
946	18S	946	103365	421315	113144	855802	177210	321809
947	18S	947	101573	417675	110171	848783	174588	318254
948	18S	948	100972	409957	110015	841917	173531	316877
949	18S	949	104241	446533	115526	864461	178155	319605
950	18S	950	103702	430497	116075	846207	175315	319349
951	18S	951	83197	372086	106811	805251	154735	310897
952	18S	952	79605	370789	105144	826968	154141	314537
953	18S	953	79957	374978	105517	836683	155186	315616
954	18S	954	80124	384507	105713	841263	155940	315726
955	18S	955	93370	411876	106834	833168	159077	301954
956	18S	956	94396	420196	107374	851978	160912	305156
957	18S	957	97200	428626	107950	859420	164954	305067
958	18S	958	105489	452049	112162	875348	171413	307309
959	18S	959	104285	455064	109335	870291	168092	305111
960	18S	960	105575	468367	110317	868503	169610	304207
961	18S	961	107935	475880	115326	861383	171346	303676
962	18S	962	102136	464805	110430	847807	164398	298390
963	18S	963	103143	463180	119485	818764	164419	292877
964	18S	964	104593	474889	121301	834861	169143	298763
965	18S	965	103277	471386	120671	820294	166556	293884
966	18S	966	94311	460641	114544	618070	135523	165479
967	18S	967	92374	462651	117715	633528	138982	167656
968	18S	968	94609	471628	121938	659012	146647	177699
969	18S	969	88706	454992	114465	636810	140700	168624
970	18S	970	86982	446769	115910	616130	140006	163334
971	18S	971	84651	423027	112615	672349	146084	185249
972	18S	972	85554	426602	113704	707012	150421	193471
973	18S	973	86910	461873	115496	761159	154408	201324
974	18S	974	112557	494191	156608	828408	176718	230016
975	18S	975	115167	503280	158222	860376	180970	234808
976	18S	976	115003	507804	158337	861442	177056	225785
977	18S	977	118220	565399	158635	981361	178224	243633
978	18S	978	120824	572883	162851	1033352	183947	258552
979	18S	979	112283	544284	152583	1012370	174377	249099
980	18S	980	114466	553735	154250	1051209	180581	255878
981	18S	981	117154	585813	156902	1080489	185588	258511
982	18S	982	115971	571190	156555	1059020	184174	254489
983	18S	983	114050	532963	151785	1039085	179292	251240
984	18S	984	114558	542125	152126	1062460	181129	253627
985	18S	985	114709	560528	152181	1071646	181539	254102
986	18S	986	114405	593759	151041	1079916	181192	251744
987	18S	987	112908	594221	145350	1071147	179041	248348
988	18S	988	116611	626726	147960	1066223	180454	248244
989	18S	989	121328	639662	153612	1103465	192080	267757
990	18S	990	121497	634552	153796	1106005	191873	269539
991	18S	991	98880	595374	135310	1089740	176632	269103
992	18S	992	97251	603662	136853	1094233	175030	273022
993	18S	993	83857	546738	125651	1088628	164066	277059
994	18S	994	84270	553070	126092	1135540	167795	291898
995	18S	995	90165	620139	135685	1188092	175474	309279
996	18S	996	91498	666756	136711	1250071	178603	327589
997	18S	997	91686	670475	136993	1253967	178899	328680
998	18S	998	91276	694179	129178	1268252	176940	329637
999	18S	999	94688	716215	131468	1325882	187090	365503
1000	18S	1000	94036	715759	130449	1326295	183614	364449
1001	18S	1001	87344	688644	114780	1262290	161953	341692
1002	18S	1002	88396	704233	115585	1307936	165836	354570
1003	18S	1003	92627	772165	120555	1349856	172936	363877
1004	18S	1004	93011	783540	120888	1386396	178870	388366
1005	18S	1005	93937	785675	119786	1384309	178918	387817
1006	18S	1006	96668	799189	122989	1446722	186721	419920
1007	18S	1007	95106	792007	121202	1321664	172499	383316
1008	18S	1008	94657	793246	120467	1294826	169337	377458
1009	18S	1009	98046	803929	122653	1279316	172797	373251
1010	18S	1010	71822	764250	80715	1202629	148999	342305
1011	18S	1011	69426	758369	79357	1173824	145184	338361
1012	18S	1012	71414	805365	79348	1190594	149613	340088
1013	18S	1013	63074	726120	71966	950234	132717	289098
1014	18S	1014	63316	731135	72324	968403	134236	297299
1015	18S	1015	66977	798606	74952	1001615	141584	300469
1016	18S	1016	65730	796973	74152	971881	136652	296719
1017	18S	1017	66852	778947	74668	967564	137662	307576
1018	18S	1018	66323	780132	73061	962540	137583	308808
1019	18S	1019	65588	769521	72851	929433	135753	308875
1020	18S	1020	67148	770746	76515	956898	143512	334917
1021	18S	1021	68300	800505	78292	1013001	150941	367281
1022	18S	1022	69232	788552	80318	1011818	151906	377970
1023	18S	1023	72461	876013	103492	1045308	156603	433868
1024	18S	1024	77288	950479	110237	1113641	168639	487642
1025	18S	1025	73152	956425	105486	1095677	158576	478041
1026	18S	1026	74344	966506	107544	1133018	164618	504594
1027	18S	1027	74463	961752	107388	1165161	170670	535273
1028	18S	1028	75004	970646	107827	1190975	172531	544495
1029	18S	1029	75569	1000882	106841	1206622	170682	546796
1030	18S	1030	71333	957932	100870	1142913	161938	524700
1031	18S	1031	71411	961136	100953	1154783	162566	528354
1032	18S	1032	70181	920097	100075	1099556	159631	510984
1033	18S	1033	72054	1017041	101506	1176274	162820	521422
1034	18S	1034	68039	983254	96045	1147103	156747	512062
1035	18S	1035	64801	965236	93887	1095654	147278	477461
1036	18S	1036	66841	974880	93343	1088437	150019	467224
1037	18S	1037	67496	979779	94041	1103930	151227	472154
1038	18S	1038	67818	976919	95401	1073886	148665	464047
1039	18S	1039	61762	902539	87616	1005550	132176	430427
1040	18S	1040	61924	910617	87698	1021827	132785	432535
1041	18S	1041	57463	853540	84512	973920	125506	426233
1042	18S	1042	54791	841441	81388	912781	117819	394407
1043	18S	1043	55612	849189	82817	910000	119004	393457
1044	18S	1044	56760	856859	85354	935692	123656	406730
1045	18S	1045	52101	813467	81415	898557	116445	403405
1046	18S	1046	52128	810680	81237	894782	116467	402550
1047	18S	1047	52194	814313	81338	897952	116646	402751
1048	18S	1048	52257	815154	81577	898699	116917	403100
1049	18S	1049	52139	806020	81378	889691	117144	401385
1050	18S	1050	51986	802160	81168	872047	115807	393345
1051	18S	1051	49521	744186	79450	843137	110614	390668
1052	18S	1052	50311	750617	79355	842063	111889	388286
1053	18S	1053	49235	753447	77836	829516	109368	376677
1054	18S	1054	57766	779268	79612	847496	114387	377746
1055	18S	1055	65955	795092	80905	865332	119233	381434
1056	18S	1056	72234	793784	80814	854160	116931	363300
1057	18S	1057	80973	792062	83946	842380	116524	346309
1058	18S	1058	89661	786898	87397	859026	120481	350410
1059	18S	1059	86184	658127	62490	804151	111884	293117
1060	18S	1060	86742	595049	59667	754013	103591	247441
1061	18S	1061	87011	566308	59912	699329	97191	214021
1062	18S	1062	91454	582321	64684	791954	99641	236454
1063	18S	1063	91760	588747	64923	816065	100548	241459
1064	18S	1064	91416	581413	64635	792100	99116	232209
1065	18S	1065	87264	518814	59558	705489	93459	206391
1066	18S	1066	87503	523476	59888	715534	94017	208658
1067	18S	1067	85397	523847	59690	703809	93549	205330
1068	18S	1068	85172	518868	59613	697890	93377	204812
1069	18S	1069	83308	412206	58922	612940	89921	193339
1070	18S	1070	83356	412994	59010	615703	90040	194007
1071	18S	1071	83856	412519	60142	612581	90185	194124
1072	18S	1072	82310	376710	58610	586369	84719	190869
1073	18S	1073	81926	374918	58034	574561	83893	186247
1074	18S	1074	81051	369046	56127	565054	82884	181962
1075	18S	1075	80750	355462	55382	543902	82405	177345
1076	18S	1076	86855	351449	57374	548083	88409	187879
1077	18S	1077	87022	353045	57540	555621	88834	189593
1078	18S	1078	87282	353375	57625	559830	89246	190356
1079	18S	1079	86140	339319	55993	553054	86912	188720
1080	18S	1080	85526	336561	53961	532595	83020	176864
1081	18S	1081	88421	337874	57888	540094	84732	179835
1082	18S	1082	88532	340462	57980	546024	84943	180635
1083	18S	1083	88680	339158	57987	548214	84948	181098
1084	18S	1084	87505	335003	56653	556932	82000	181744
1085	18S	1085	87771	338497	56908	568846	82540	183264
1086	18S	1086	88969	354053	57856	589736	84329	186524
1087	18S	1087	87635	346929	57331	600275	83040	190403
1088	18S	1088	87089	342647	57560	611854	83322	196764
1089	18S	1089	89916	351863	59541	636874	88160	204401
1090	18S	1090	81000	321195	56968	622378	82112	200548
1091	18S	1091	63942	278561	50526	573405	70200	184492
1092	18S	1092	55217	256557	46547	594890	69085	180389
1093	18S	1093	39258	218095	35954	561199	57811	158745
1094	18S	1094	39459	220286	36046	574210	58550	160258
1095	18S	1095	40476	230830	36587	588366	60613	161359
1096	18S	1096	36037	221098	32905	578319	57470	154404
1097	18S	1097	34151	212607	29230	566935	55640	147757
1098	18S	1098	28499	185557	21796	434797	44233	90372
1099	18S	1099	28425	183830	21588	419531	43480	85597
1100	18S	1100	28326	187085	21423	426089	43030	85394
1101	18S	1101	28136	185485	20905	430844	42805	84663
1102	18S	1102	28009	184556	20603	425921	42423	82910
1103	18S	1103	28390	190191	20661	432509	43200	83102
1104	18S	1104	28489	191713	20605	433201	43237	82798
1105	18S	1105	28324	189604	19622	432546	42947	81747
1106	18S	1106	28383	189575	19573	431363	42878	81200
1107	18S	1107	27734	186026	18294	428891	42073	80056
1108	18S	1108	27729	186105	18259	428483	41882	79859
1109	18S	1109	27558	183659	18140	426037	41578	79562
1110	18S	1110	27406	177594	17933	421504	41340	78945
1111	18S	1111	27313	173290	17892	418168	41147	78333
1112	18S	1112	21107	164800	15880	393209	34753	65095
1113	18S	1113	21430	159270	15593	381151	34492	61814
1114	18S	1114	22067	159556	15662	384107	35249	62116
1115	18S	1115	22631	160747	15759	386269	35772	62259
1116	18S	1116	20368	150936	11755	373650	33724	57980
1117	18S	1117	20635	151679	11732	391858	36066	60375
1118	18S	1118	20551	149239	11650	386290	35887	59566
1119	18S	1119	20433	148281	11516	382953	35810	58939
1120	18S	1120	20370	139896	11364	368614	35501	57020
1121	18S	1121	20140	136711	11129	357368	35015	55558
1122	18S	1122	19027	121421	10204	336997	33358	52412
1123	18S	1123	18544	113857	9893	318275	32074	47796
1124	18S	1124	13829	93095	6300	271319	24320	32576
1125	18S	1125	12473	86201	4999	253398	23090	29249
1126	18S	1126	12541	86365	5017	254185	23279	29268
1127	18S	1127	13759	87307	5242	258706	24314	29464
1128	18S	1128	14172	82248	4474	198030	19841	18656
1129	18S	1129	13881	74958	4376	165491	19142	15170
1130	18S	1130	14166	73073	4448	153902	18799	13706
1131	18S	1131	12863	62364	3757	135881	16589	12012
1132	18S	1132	12687	59827	3822	132481	17775	12189
1133	18S	1133	13033	56288	3973	128808	20341	13160
1134	18S	1134	13384	56962	4052	135125	20942	13934
1135	18S	1135	14397	52839	4676	129465	22066	13992
1136	18S	1136	15530	48022	5247	122769	22767	14067
1137	18S	1137	15638	36772	5330	109149	22655	13464
1138	18S	1138	15570	27878	5392	104111	22274	13440
1139	18S	1139	15629	25495	5293	110397	22976	14222
1140	18S	1140	15785	26008	5311	201875	28900	21827
1141	18S	1141	16015	26334	5395	208026	29301	22404
1142	18S	1142	16378	25666	5471	212368	30199	23823
1143	18S	1143	17591	25393	6126	225473	32224	29241
1144	18S	1144	19059	26388	6871	246944	33694	34695
1145	18S	1145	19108	25478	6903	249458	33528	35222
1146	18S	1146	19048	24621	6866	249538	33309	35345
1147	18S	1147	19424	24774	7242	257050	34181	37411
1148	18S	1148	19541	25022	7264	260805	34259	38003
1149	18S	1149	18591	24131	6972	258456	33052	37884
1150	18S	1150	17984	24054	6854	256719	32431	37653
1151	18S	1151	16249	23416	6421	256115	31591	37602
1152	18S	1152	16135	23491	6518	244607	30049	36510
1153	18S	1153	16175	23797	6542	246684	30142	36704
1154	18S	1154	16272	24966	6563	250330	30293	36828
1155	18S	1155	16298	24012	6612	249631	30280	36955
1156	18S	1156	15985	22177	6527	249254	29911	36899
1157	18S	1157	16305	22573	6682	253064	30475	37919
1158	18S	1158	16690	22894	6784	255692	30777	38764
1159	18S	1159	16695	22591	6788	255777	30753	38855
1160	18S	1160	16716	22470	6900	255621	30331	39190
1161	18S	1161	17001	22812	7018	258014	30552	39734
1162	18S	1162	17150	22992	7066	260168	30478	40105
1163	18S	1163	14754	21380	6833	259355	28212	40895
1164	18S	1164	14778	21465	6852	260249	28233	40979
1165	18S	1165	14844	21797	6885	262384	28321	41155
1166	18S	1166	13151	19930	6330	256071	25574	39853
1167	18S	1167	13218	20066	6318	257662	25606	40239
1168	18S	1168	13259	20474	6294	260156	25576	40664
1169	18S	1169	12353	19864	5864	256023	22625	38980
1170	18S	1170	12120	19696	5823	252580	22112	38513
1171	18S	1171	9348	18668	4641	243465	19423	36778
1172	18S	1172	9388	18740	4643	245516	19534	36959
1173	18S	1173	9418	18969	4656	246111	19579	37001
1174	18S	1174	9013	18491	4463	241814	18983	36190
1175	18S	1175	8612	17501	4365	230808	17999	34983
1176	18S	1176	8512	17025	4371	140238	12198	27437
1177	18S	1177	8293	16823	4291	134278	11772	26794
1178	18S	1178	7812	16375	4157	127853	10700	25284
1179	18S	1179	6744	16560	3655	116240	9017	19999
1180	18S	1180	5421	16004	3032	96563	7633	14727
1181	18S	1181	5915	16428	3806	95474	8547	14666
1182	18S	1182	6605	16623	4451	96329	9179	14942
1183	18S	1183	7869	15307	4938	89002	8837	13303
1184	18S	1184	20207	16571	10394	115739	15882	17928
1185	18S	1185	27728	18766	13175	141363	20800	23041
1186	18S	1186	32965	20540	15604	159549	24048	26400
1187	18S	1187	33118	19628	15552	159066	23983	26298
1188	18S	1188	33038	18922	15504	153217	23753	25141
1189	18S	1189	34443	19757	17060	154233	25929	26085
1190	18S	1190	35625	22352	18541	164614	27627	27843
1191	18S	1191	51375	36299	37344	200287	42147	37801
1192	18S	1192	175317	455806	242507	864184	73327	167862
1193	18S	1193	177358	470566	249178	880405	75969	170579
1194	18S	1194	179626	478385	254048	922744	87656	191661
1195	18S	1195	180268	480319	255335	928013	88689	192578
1196	18S	1196	183339	490717	280644	939032	92213	195943
1197	18S	1197	183787	495448	280975	945879	92636	196829
1198	18S	1198	184215	503338	281526	952879	93206	197609
1199	18S	1199	183957	509085	281633	950610	93387	196865
1200	18S	1200	185284	514389	288689	953338	95281	197027
1201	18S	1201	185994	521403	289686	957822	97408	197714
1202	18S	1202	187609	533289	290796	959074	99430	198802
1203	18S	1203	188678	539678	293308	963550	102308	201831
1204	18S	1204	189936	544577	294863	969542	105184	205446
1205	18S	1205	190469	548036	295432	973616	105931	206506
1206	18S	1206	193512	556092	297683	975845	109089	208154
1207	18S	1207	193580	556690	297796	975458	109177	208259
1208	18S	1208	194066	558455	299714	974865	110174	208924
1209	18S	1209	194420	559506	300501	976647	110943	209954
1210	18S	1210	194469	560126	300600	976542	111018	209998
1211	18S	1211	195085	564457	301869	978239	112317	211075
1212	18S	1212	195246	566763	302211	979731	112622	211339
1213	18S	1213	195461	569054	302702	980780	113128	211433
1214	18S	1214	202091	583416	311960	987860	119523	211891
1215	18S	1215	202288	584263	312478	986111	119514	212010
1216	18S	1216	202571	585784	312982	985456	119860	212183
1217	18S	1217	187882	583828	305602	947619	110053	205973
1218	18S	1218	188099	585532	305830	951529	111303	207794
1219	18S	1219	192422	595255	309203	956173	116362	209683
1220	18S	1220	193113	601265	309666	967856	119585	216352
1221	18S	1221	187380	608220	315047	931278	116955	212258
1222	18S	1222	187741	611602	315689	934623	117820	214328
1223	18S	1223	186761	613134	317324	927282	117563	214857
1224	18S	1224	186680	612026	320161	922392	119191	215446
1225	18S	1225	187164	612629	321155	924071	120491	216477
1226	18S	1226	171276	599422	301603	878310	104987	205765
1227	18S	1227	45912	171032	90395	210456	76440	78744
1228	18S	1228	45949	170829	90285	216658	78406	80593
1229	18S	1229	46072	171630	90404	217592	78772	80699
1230	18S	1230	44578	164738	85619	172213	68132	59704
1231	18S	1231	46977	173341	86926	180466	70924	63875
1232	18S	1232	43655	163318	62024	166148	67213	59677
1233	18S	1233	43244	158777	61813	159531	66818	58978
1234	18S	1234	47230	155459	65393	151700	71270	60506
1235	18S	1235	47735	159752	65833	154718	72046	62373
1236	18S	1236	38688	117980	51183	120572	58122	52224
1237	18S	1237	38735	117811	51327	121133	58350	52804
1238	18S	1238	40685	122569	53055	123956	61724	54506
1239	18S	1239	41662	126065	54760	127144	64442	58174
1240	18S	1240	41933	127136	55076	128309	64883	59233
1241	18S	1241	41475	124233	54634	125157	64352	58588
1242	18S	1242	40872	124953	52261	123309	63525	57511
1243	18S	1243	40911	125593	52304	124033	63689	57841
1244	18S	1244	41159	129889	52422	126136	64441	58455
1245	18S	1245	41232	130996	52519	127547	64829	59226
1246	18S	1246	41436	135484	52754	130192	66985	60661
1247	18S	1247	41522	133269	53652	148899	83952	100402
1248	18S	1248	41873	133304	53810	149497	84491	101093
1249	18S	1249	42488	135328	54075	150930	85482	103017
1250	18S	1250	36649	123887	47567	145259	80574	104270
1251	18S	1251	37113	124779	48303	146374	81401	105453
1252	18S	1252	37355	129037	48325	149548	81665	106979
1253	18S	1253	44904	157230	51051	170708	88611	120843
1254	18S	1254	48091	184507	51391	204064	91297	136106
1255	18S	1255	44049	177267	48319	202687	86882	135218
1256	18S	1256	44621	187878	41404	209159	86928	141904
1257	18S	1257	48042	203366	42818	223748	90771	151575
1258	18S	1258	49710	209079	42911	229390	92184	154975
1259	18S	1259	49591	211142	40769	233825	91572	155826
1260	18S	1260	48866	213658	37573	236832	88403	155303
1261	18S	1261	48589	215143	37021	237357	87431	155276
1262	18S	1262	47521	214326	36189	235129	86371	153777
1263	18S	1263	46470	210322	35802	221746	82060	147367
1264	18S	1264	46432	211831	35784	214757	79924	145277
1265	18S	1265	46362	211982	35857	214050	79656	145238
1266	18S	1266	45218	213347	34748	212575	78803	144411
1267	18S	1267	42842	205780	33348	203955	75961	140379
1268	18S	1268	42835	206909	33337	203578	76038	140179
1269	18S	1269	43274	216432	33606	206568	78490	140354
1270	18S	1270	38530	209346	29443	202176	73247	137665
1271	18S	1271	38163	209106	29130	200552	72734	136675
1272	18S	1272	38228	220884	30036	202177	73707	135762
1273	18S	1273	38739	223088	30987	202324	75421	135555
1274	18S	1274	36903	220599	29497	199979	72314	133908
1275	18S	1275	36723	218881	31677	199183	71986	131753
1276	18S	1276	36882	220015	31940	200832	72366	132494
1277	18S	1277	36860	220070	31864	200435	72270	132138
1278	18S	1278	36506	218963	31490	198862	71535	131148
1279	18S	1279	37054	228579	32242	201449	73173	131333
1280	18S	1280	37344	227700	32449	201616	72843	131182
1281	18S	1281	37562	230855	32676	206361	72995	132133
1282	18S	1282	38639	235448	36480	209032	73708	132800
1283	18S	1283	38788	236029	36202	190541	57366	94079
1284	18S	1284	39653	239173	36877	196944	57720	95722
1285	18S	1285	39666	239114	36660	198862	57417	96177
1286	18S	1286	40078	238061	35943	200109	57510	95514
1287	18S	1287	30984	200214	31317	174458	48456	78512
1288	18S	1288	31211	201365	31886	177417	49031	79425
1289	18S	1289	31425	204054	32359	179010	49622	79732
1290	18S	1290	28075	175764	32062	142708	45714	62983
1291	18S	1291	27793	173537	31912	139460	45155	62003
1292	18S	1292	19710	147207	28165	115009	36747	44691
1293	18S	1293	16426	133429	27055	101397	33182	35319
1294	18S	1294	14400	124643	26525	92467	30880	29951
1295	18S	1295	13789	121862	26136	86917	30798	27431
1296	18S	1296	13167	115732	25773	77638	30013	24638
1297	18S	1297	13303	117985	26152	79008	30612	25492
1298	18S	1298	13592	123823	26637	81529	31709	26188
1299	18S	1299	13657	123228	26943	81046	31977	26206
1300	18S	1300	15602	127393	31472	82841	36230	28226
1301	18S	1301	16183	129759	32578	84410	37241	29194
1302	18S	1302	16735	129285	34263	85303	37397	30452
1303	18S	1303	16705	129251	34217	85407	37342	30559
1304	18S	1304	16762	129027	34432	85842	37376	30771
1305	18S	1305	16972	133365	34921	87223	36409	31178
1306	18S	1306	16915	133465	34923	86679	36331	31205
1307	18S	1307	16933	131904	35215	86817	36436	31407
1308	18S	1308	16701	119599	34263	84285	35107	30992
1309	18S	1309	16615	126144	33989	87121	33922	31690
1310	18S	1310	17527	127198	36036	88491	35293	33392
1311	18S	1311	18038	126757	35348	87245	34758	32407
1312	18S	1312	17989	125738	35367	85575	34569	31874
1313	18S	1313	19524	124128	39175	90709	38581	36504
1314	18S	1314	20085	127199	40368	95466	39725	38464
1315	18S	1315	19647	120901	39776	94482	38370	38815
1316	18S	1316	19187	119371	39752	93483	38221	38862
1317	18S	1317	18987	119884	39540	90601	38130	37687
1318	18S	1318	17769	112131	35649	86476	35551	36030
1319	18S	1319	17984	112278	37350	85448	40897	39382
1320	18S	1320	18275	114989	37709	88988	42895	41905
1321	18S	1321	16831	112611	36441	84148	41172	39865
1322	18S	1322	17752	114324	41032	86675	43718	43666
1323	18S	1323	17941	115968	41395	89290	44113	44578
1324	18S	1324	17873	115489	41044	87033	43926	44010
1325	18S	1325	17843	120742	41274	88229	44212	43993
1326	18S	1326	19053	123896	46578	98501	50400	53245
1327	18S	1327	19118	125113	46704	100073	50586	53991
1328	18S	1328	19489	129991	46879	102504	51409	54614
1329	18S	1329	19059	140293	45646	104305	50020	54942
1330	18S	1330	19131	142034	45795	106206	50396	55698
1331	18S	1331	20041	156849	48451	110243	53070	57198
1332	18S	1332	20172	159039	48887	113263	53765	58853
1333	18S	1333	20305	160941	49440	114826	53963	59388
1334	18S	1334	21797	164217	51951	119536	56076	63992
1335	18S	1335	22109	166800	52246	120844	56454	65046
1336	18S	1336	19697	161648	47179	117830	51338	62968
1337	18S	1337	19235	160349	46633	120636	52101	66295
1338	18S	1338	19623	162900	47299	125703	53050	68821
1339	18S	1339	19683	165599	47362	126650	53195	69087
1340	18S	1340	19957	167646	48209	127552	53703	70694
1341	18S	1341	20544	154810	50434	124339	54185	72707
1342	18S	1342	20816	160113	50881	128455	54857	74621
1343	18S	1343	21333	159998	51935	128499	55602	75409
1344	18S	1344	21506	151108	53165	125429	55894	76009
1345	18S	1345	20832	148879	51852	125659	55124	76078
1346	18S	1346	19998	148294	50913	128090	55246	79153
1347	18S	1347	20498	151307	52188	138507	59311	88915
1348	18S	1348	18419	147721	47272	129561	54038	83146
1349	18S	1349	18459	148122	47435	130515	54233	83785
1350	18S	1350	18518	148636	47501	130970	54348	83961
1351	18S	1351	18378	145190	47316	129136	53953	83218
1352	18S	1352	18239	143240	46887	127407	53393	82458
1353	18S	1353	18247	141182	46925	125253	53060	82006
1354	18S	1354	18334	140942	47044	124612	53037	81843
1355	18S	1355	15940	134814	42539	115011	45064	74245
1356	18S	1356	15869	134050	42677	112664	43669	72645
1357	18S	1357	14159	130287	35992	105642	39724	66978
1358	18S	1358	14320	131351	36419	107546	40188	68065
1359	18S	1359	14436	131811	36682	108008	40477	68333
1360	18S	1360	14579	123917	37841	105541	41051	69502
1361	18S	1361	14873	125818	38591	107450	42164	71256
1362	18S	1362	13747	123728	33701	97825	36250	62786
1363	18S	1363	13790	124315	33788	97848	36368	62444
1364	18S	1364	13424	121133	33486	96038	35601	61936
1365	18S	1365	13277	107030	33284	91443	35215	61040
1366	18S	1366	13237	106526	33244	90084	34968	60478
1367	18S	1367	12380	92344	30747	86418	32412	59078
1368	18S	1368	12474	91555	30702	84307	32148	57731
1369	18S	1369	12989	91225	31083	83056	32668	57257
1370	18S	1370	11697	83871	28768	77009	30346	52633
1371	18S	1371	11539	78553	28984	74221	30282	51139
1372	18S	1372	11934	82336	30159	83814	33525	56852
1373	18S	1373	11603	81067	28875	78655	31524	52170
1374	18S	1374	11279	79644	28389	74028	30712	50045
1375	18S	1375	11152	74564	28940	71797	30537	48940
1376	18S	1376	11247	78195	29084	75598	30836	49797
1377	18S	1377	10278	77064	27691	75754	29980	48736
1378	18S	1378	10498	75955	29634	74833	30470	48731
1379	18S	1379	9883	74426	28413	73935	29469	47269
1380	18S	1380	9260	73709	26742	72315	28149	45557
1381	18S	1381	9397	74062	27355	71822	27909	44344
1382	18S	1382	8033	67346	23365	54700	21110	28739
1383	18S	1383	8209	68165	24030	55942	21506	29093
1384	18S	1384	8232	72103	24198	56834	21640	29150
1385	18S	1385	8283	74221	24408	58984	22000	29523
1386	18S	1386	8307	75622	24448	59359	22046	29561
1387	18S	1387	8472	78650	24695	61093	22354	29633
1388	18S	1388	10410	98943	27346	67645	24961	30566
1389	18S	1389	10931	103401	28245	73264	25974	33081
1390	18S	1390	10882	103921	28205	73269	25857	33226
1391	18S	1391	11218	102931	30044	74088	26286	33560
1392	18S	1392	11480	105737	31109	77303	27223	35771
1393	18S	1393	11294	102747	30885	75828	26843	35199
1394	18S	1394	11185	102688	30550	74928	26494	34198
1395	18S	1395	11249	106062	30672	77234	26770	34428
1396	18S	1396	11011	108466	28825	77624	26466	33202
1397	18S	1397	10989	108509	29015	77172	25986	32136
1398	18S	1398	11628	110121	31214	78308	27003	32658
1399	18S	1399	11646	110644	31498	78497	27156	32971
1400	18S	1400	11763	106887	32873	79223	27436	33476
1401	18S	1401	11702	105987	32758	80158	27513	33882
1402	18S	1402	11730	106866	32886	81408	27665	34124
1403	18S	1403	11871	114064	33159	84532	28033	34448
1404	18S	1404	11698	113036	32892	83953	27672	34280
1405	18S	1405	10928	109476	31661	82543	26411	33391
1406	18S	1406	10229	108257	30923	82740	25053	32609
1407	18S	1407	10301	109426	31118	84085	25346	33199
1408	18S	1408	9931	106015	30076	74993	22176	27640
1409	18S	1409	9855	105578	29874	75347	22080	27419
1410	18S	1410	9929	105552	29139	76206	22178	25866
1411	18S	1411	9494	100152	27427	72166	20979	23954
1412	18S	1412	9668	101337	27827	75114	21559	24850
1413	18S	1413	11228	110825	30481	80143	24109	25978
1414	18S	1414	11147	109132	30581	79312	23547	24851
1415	18S	1415	11143	108614	30452	78680	23416	24602
1416	18S	1416	10900	107471	29672	77777	22961	24094
1417	18S	1417	10177	109817	27480	75614	21883	23159
1418	18S	1418	10266	112328	27653	78290	22160	23677
1419	18S	1419	10503	115735	28321	80276	22757	24403
1420	18S	1420	11008	113793	30161	81090	23766	25107
1421	18S	1421	11227	112745	31219	80365	24032	26261
1422	18S	1422	12258	113531	35924	83599	29174	30791
1423	18S	1423	12729	118031	37164	87611	30866	33463
1424	18S	1424	10646	94386	35331	77092	27829	31019
1425	18S	1425	11907	100593	40301	82628	31140	35168
1426	18S	1426	12006	105820	40696	85293	31373	36154
1427	18S	1427	11608	126630	38713	88598	30754	35748
1428	18S	1428	11661	137066	38816	93771	31239	37186
1429	18S	1429	11974	151699	39165	98930	32054	37726
1430	18S	1430	12329	166336	39746	101471	32997	38028
1431	18S	1431	12434	166856	39868	101462	32910	38510
1432	18S	1432	12180	167351	39443	101141	31477	38104
1433	18S	1433	12112	169038	39107	101645	31134	37951
1434	18S	1434	11391	173987	36447	101542	29980	37052
1435	18S	1435	11284	173471	36044	100969	29640	36570
1436	18S	1436	11430	187521	36121	102418	29722	36020
1437	18S	1437	11467	189077	36225	103569	29839	36548
1438	18S	1438	11464	189438	36123	102870	29752	36598
1439	18S	1439	11538	189276	36195	102031	29840	36845
1440	18S	1440	11719	192690	36456	103261	30128	37566
1441	18S	1441	11824	197005	36916	104582	30307	38398
1442	18S	1442	11897	211075	36898	105660	30459	41055
1443	18S	1443	12721	239548	40808	111602	31847	48740
1444	18S	1444	11927	237470	39091	105649	29857	47769
1445	18S	1445	11953	238853	39182	107605	30022	48633
1446	18S	1446	12907	248591	42205	111143	32173	50646
1447	18S	1447	13043	252370	42389	116160	32467	52230
1448	18S	1448	12958	253668	42139	114915	32141	52012
1449	18S	1449	11894	263585	40360	117686	31025	52373
1450	18S	1450	11775	264246	38622	117738	30911	52568
1451	18S	1451	11846	265454	38779	119450	30913	53462
1452	18S	1452	11835	269936	38608	121623	30904	54119
1453	18S	1453	11768	267485	38199	120785	30665	53995
1454	18S	1454	11687	268211	38057	118661	30396	53509
1455	18S	1455	11471	268883	37454	117753	29870	53007
1456	18S	1456	10946	270131	35596	116592	28722	52521
1457	18S	1457	10702	270210	34469	115813	28167	51410
1458	18S	1458	9612	267615	29725	111248	22911	47040
1459	18S	1459	9201	271662	28699	109054	21332	44584
1460	18S	1460	7872	264802	25708	102746	17681	40703
1461	18S	1461	7911	266975	25927	105201	17897	41310
1462	18S	1462	7993	264542	26069	103807	17942	40665
1463	18S	1463	7414	248400	24377	95702	16548	37506
1464	18S	1464	7503	247533	24873	93531	16409	37044
1465	18S	1465	7279	254774	24727	94868	15974	36968
1466	18S	1466	7165	254481	25068	98575	15693	38048
1467	18S	1467	6953	256541	24657	97340	15310	37372
1468	18S	1468	7494	260974	25750	101031	16224	39421
1469	18S	1469	8485	257017	29691	101028	18041	40940
1470	18S	1470	8767	259746	30160	105731	18647	42319
1471	18S	1471	8605	246951	30749	101239	17973	42433
1472	18S	1472	8928	250771	31631	106775	18550	44366
1473	18S	1473	8958	250858	31649	106577	18581	44093
1474	18S	1474	8972	250958	31765	106655	18596	43909
1475	18S	1475	8985	251735	34179	107102	18933	43683
1476	18S	1476	8997	252407	34245	107762	18969	43838
1477	18S	1477	8890	249051	33829	106952	18794	43054
1478	18S	1478	8588	234642	32311	104965	18150	40049
1479	18S	1479	7634	201860	28116	95768	16319	30270
1480	18S	1480	7710	203525	28262	97044	16543	30601
1481	18S	1481	8103	216749	29125	100645	17436	31361
1482	18S	1482	7181	208326	26249	97835	15378	29718
1483	18S	1483	6552	185500	25444	86113	13661	27298
1484	18S	1484	6887	191219	26173	91948	14764	28679
1485	18S	1485	6909	196154	26222	93506	14814	28830
1486	18S	1486	6758	195882	26375	93629	14743	28288
1487	18S	1487	6443	187893	25603	87897	14311	26225
1488	18S	1488	6493	189240	25895	90552	14660	27037
1489	18S	1489	7117	202824	26927	98127	18077	29563
1490	18S	1490	7319	202647	27443	101252	19118	30879
1491	18S	1491	7620	205327	28789	105261	20273	32865
1492	18S	1492	7512	201337	28586	103821	20136	32169
1493	18S	1493	7582	202639	29780	115193	22724	37371
1494	18S	1494	7606	203790	29909	121284	23311	39256
1495	18S	1495	7604	196778	30068	121087	23368	39636
1496	18S	1496	7204	193977	26365	119533	22688	38117
1497	18S	1497	7179	193620	26291	118046	22517	37725
1498	18S	1498	6990	191257	25786	116923	22221	37375
1499	18S	1499	6932	182582	25759	114580	22086	37005
1500	18S	1500	6835	174991	25357	112296	21865	36272
1501	18S	1501	6768	154338	25254	106262	21529	35966
1502	18S	1502	6490	139832	24400	99317	20721	34532
1503	18S	1503	4323	120789	18362	85834	16798	28721
1504	18S	1504	4325	121445	18387	87228	16956	29027
1505	18S	1505	4035	131047	15979	89068	16537	27843
1506	18S	1506	4041	131663	15995	89791	16595	27936
1507	18S	1507	4082	134757	16162	90994	16680	28055
1508	18S	1508	3864	134080	15711	86653	16310	26348
1509	18S	1509	3847	133389	15843	86117	16280	26224
1510	18S	1510	3876	134930	15970	86608	16340	26383
1511	18S	1511	3460	126506	13091	83517	15259	25571
1512	18S	1512	3475	127856	13167	83750	15278	25521
1513	18S	1513	3509	131772	13258	84433	15332	25624
1514	18S	1514	3642	139357	13918	85956	15632	25993
1515	18S	1515	3527	135249	13557	83455	15298	25523
1516	18S	1516	3314	124733	14289	83210	15508	27066
1517	18S	1517	3414	129068	14822	87603	16392	29123
1518	18S	1518	3496	130933	15092	88898	16473	29311
1519	18S	1519	3530	134391	15213	88546	16456	28761
1520	18S	1520	3224	132105	14581	84003	15447	27649
1521	18S	1521	3271	130603	14816	84257	15701	28007
1522	18S	1522	3242	136742	14076	84497	15883	27935
1523	18S	1523	3769	146138	15079	88030	17509	28635
1524	18S	1524	3191	146261	13830	79628	14120	25491
1525	18S	1525	3109	148553	13864	80858	13587	25463
1526	18S	1526	2885	146957	12860	80426	12864	24783
1527	18S	1527	2907	147657	12903	81106	12917	24927
1528	18S	1528	2894	146599	12873	80768	12846	24770
1529	18S	1529	2780	145729	11610	69896	10231	19505
1530	18S	1530	2760	146068	11525	64322	9668	17668
1531	18S	1531	2721	145112	11223	63152	9537	17159
1532	18S	1532	2930	148668	11640	64992	10030	17471
1533	18S	1533	2920	149321	11571	65420	9992	17430
1534	18S	1534	2922	149057	11527	65417	9993	17405
1535	18S	1535	2929	147309	11457	65610	10030	17407
1536	18S	1536	2904	146042	11295	65298	9987	17220
1537	18S	1537	2950	147069	11440	65895	10070	17149
1538	18S	1538	3000	147251	11472	66200	10102	17021
1539	18S	1539	2950	141082	11118	63817	9895	16009
1540	18S	1540	2965	143718	11138	63445	9777	15703
1541	18S	1541	2934	132765	10889	60760	9614	15406
1542	18S	1542	3081	137997	11356	63121	10004	15679
1543	18S	1543	3177	140148	12171	63079	10488	15559
1544	18S	1544	3424	142332	12855	65926	11427	17553
1545	18S	1545	3361	135965	12468	63966	11243	17112
1546	18S	1546	3369	136349	12493	64405	11285	17252
1547	18S	1547	3377	133718	12526	64516	11373	17292
1548	18S	1548	3466	134398	12812	65321	11573	17728
1549	18S	1549	3518	135079	13014	65641	11739	17823
1550	18S	1550	3494	126035	13025	62750	11524	17357
1551	18S	1551	3729	131481	13589	64330	11987	17952
1552	18S	1552	3691	142555	12172	64519	11206	16370
1553	18S	1553	3728	156373	12026	64622	10682	15577
1554	18S	1554	4110	169220	12565	66505	11684	15799
1555	18S	1555	4197	165286	12458	64862	11751	15711
1556	18S	1556	4615	167029	14268	66919	13187	18524
1557	18S	1557	5152	173662	15082	73601	15557	23734
1558	18S	1558	5322	169911	15283	72628	15451	24161
1559	18S	1559	5115	150312	15526	69590	14136	24795
1560	18S	1560	5150	152398	15613	70792	14239	25505
1561	18S	1561	5060	148806	15070	66808	13767	24389
1562	18S	1562	4966	144288	14706	62448	13311	22991
1563	18S	1563	4973	146615	14707	62715	13314	22982
1564	18S	1564	5065	147203	14719	63802	13522	23702
1565	18S	1565	5026	145845	14621	63849	13531	23841
1566	18S	1566	5074	145487	14679	63980	13607	24021
1567	18S	1567	5655	146873	15420	64986	14093	24669
1568	18S	1568	5399	140777	14679	61859	13473	24062
1569	18S	1569	5537	138575	15014	61054	13552	24198
1570	18S	1570	5827	138217	15943	62168	14055	25258
1571	18S	1571	5862	138594	15978	62640	14090	25378
1572	18S	1572	5862	138385	15947	62601	14029	25374
1573	18S	1573	5822	142388	15594	63332	14140	25333
1574	18S	1574	5853	142965	15632	63908	14256	25425
1575	18S	1575	6223	144617	15921	65285	14696	25593
1576	18S	1576	6465	139244	16198	63539	14987	25920
1577	18S	1577	6457	134634	16081	61890	15092	26628
1578	18S	1578	6538	136654	16210	63192	15233	27126
1579	18S	1579	6445	130372	14999	61816	14645	27187
1580	18S	1580	6370	129393	14487	59771	13826	25464
1581	18S	1581	6281	127886	13977	58302	13637	25086
1582	18S	1582	6621	129513	14207	58856	13866	25606
1583	18S	1583	6498	127532	13559	57536	13408	24968
1584	18S	1584	6530	128468	13581	58088	13493	25132
1585	18S	1585	6748	141436	13787	60519	14032	25364
1586	18S	1586	6382	135905	12233	59164	13258	24503
1587	18S	1587	6129	105603	11719	52292	12645	22906
1588	18S	1588	6151	106348	11738	52822	12693	23089
1589	18S	1589	6175	109066	11752	53367	12726	23110
1590	18S	1590	5771	94212	10878	49890	11674	22478
1591	18S	1591	5539	89694	10375	48085	11280	21579
1592	18S	1592	4635	79425	7640	38842	7450	13631
1593	18S	1593	3942	67456	5919	34618	6252	11379
1594	18S	1594	3961	68139	5932	35198	6309	11629
1595	18S	1595	4136	73406	6106	36173	6722	11872
1596	18S	1596	4121	71801	6041	35224	6633	11234
1597	18S	1597	4338	71229	6432	35564	7051	12058
1598	18S	1598	4631	72813	6661	36566	7472	12579
1599	18S	1599	4626	70206	6609	35747	7438	12434
1600	18S	1600	4467	67048	6309	33188	7000	11272
1601	18S	1601	4477	67223	6316	33520	7042	11447
1602	18S	1602	4499	68383	6344	33879	7071	11498
1603	18S	1603	3921	66756	5543	32657	6568	10845
1604	18S	1604	3893	66482	5476	32473	6548	10747
1605	18S	1605	3768	65512	5060	31580	6423	10474
1606	18S	1606	3472	64626	4094	29815	5890	9349
1607	18S	1607	3499	64690	4110	29850	5964	9275
1608	18S	1608	3846	66259	4260	30803	6418	9559
1609	18S	1609	3830	59149	4127	28431	6177	9446
1610	18S	1610	3827	58761	4133	28053	6111	9386
1611	18S	1611	3703	58008	3957	27226	6082	9117
1612	18S	1612	3800	58712	3977	27899	6197	9401
1613	18S	1613	3760	57966	3645	27019	5745	8405
1614	18S	1614	4078	55475	3906	26529	5947	7910
1615	18S	1615	4094	55758	3909	26937	5962	7972
1616	18S	1616	3945	54784	3753	26388	5865	7841
1617	18S	1617	3925	54227	3727	26082	5843	7780
1618	18S	1618	3598	52256	3496	25173	5620	7137
1619	18S	1619	3535	50353	3391	24026	5520	6944
1620	18S	1620	3529	49591	3373	24049	5458	6826
1621	18S	1621	3328	36868	3171	22085	4939	6617
1622	18S	1622	3255	35007	3096	21385	4864	6478
1623	18S	1623	3270	34316	3045	20669	4857	6216
1624	18S	1624	3287	33588	3043	20441	4862	6111
1625	18S	1625	3380	30896	3042	20581	4874	6156
1626	18S	1626	3463	29978	3006	20819	4898	6136
1627	18S	1627	3823	29727	3222	21754	5216	6302
1628	18S	1628	3818	28652	3079	22145	5079	5990
1629	18S	1629	3813	27889	3072	21638	5051	5792
1630	18S	1630	4113	28820	3180	22621	5255	5728
1631	18S	1631	4250	23716	3163	22528	5028	5570
1632	18S	1632	4344	24142	3201	24444	5102	5801
1633	18S	1633	4327	21826	2970	24766	4636	4667
1634	18S	1634	4344	21972	2988	25122	4661	4736
1635	18S	1635	4339	20894	3031	24987	4697	4564
1636	18S	1636	4359	21035	3045	25417	4749	4628
1637	18S	1637	4369	20923	3048	25243	4724	4471
1638	18S	1638	4349	19723	3021	24905	4691	4436
1639	18S	1639	4365	19485	3026	24904	4689	4387
1640	18S	1640	5335	23776	3720	26924	6526	4793
1641	18S	1641	5271	22664	3649	26656	6411	4694
1642	18S	1642	5259	21214	3626	26353	6313	4610
1643	18S	1643	5274	21081	3601	26128	6309	4533
1644	18S	1644	4946	19721	3412	25257	5876	4304
1645	18S	1645	4929	19444	3374	25196	5876	4256
1646	18S	1646	4910	19414	3345	25136	5835	4230
1647	18S	1647	4508	17545	2856	23999	5506	4110
1648	18S	1648	3831	15492	2199	21638	4892	3506
1649	18S	1649	3866	15552	2212	22122	4948	3563
1650	18S	1650	3879	15701	2226	22281	4970	3579
1651	18S	1651	3869	15352	2250	21948	4968	3504
1652	18S	1652	3930	15544	2269	23157	5108	3762
1653	18S	1653	3928	14857	2278	23891	5107	3769
1654	18S	1654	3925	14844	2264	24110	5102	3762
1655	18S	1655	4082	14827	2368	24671	5537	3805
1656	18S	1656	4156	15150	2403	25844	5771	4018
1657	18S	1657	4156	15054	2409	26108	5820	4055
1658	18S	1658	4193	15075	2441	26454	5918	4178
1659	18S	1659	4127	14413	2427	26022	5845	4034
1660	18S	1660	4055	14526	2484	26700	5935	4247
1661	18S	1661	4060	14643	2487	27104	5950	4294
1662	18S	1662	3900	14414	2442	26549	5817	4167
1663	18S	1663	3535	13892	2217	25642	5494	3957
1664	18S	1664	3423	13448	2219	24269	5403	3752
1665	18S	1665	3416	13463	2216	24248	5393	3729
1666	18S	1666	3125	12005	2112	22881	5150	3591
1667	18S	1667	2191	10140	1448	17195	4450	2737
1668	18S	1668	2197	10195	1458	17431	4466	2764
1669	18S	1669	2199	10259	1459	17550	4470	2762
1670	18S	1670	2180	10149	1435	17270	4452	2687
1671	18S	1671	2097	9932	1321	16388	4261	2479
1672	18S	1672	2099	9978	1322	16541	4275	2483
1673	18S	1673	2103	10072	1322	16669	4288	2490
1674	18S	1674	2103	10135	1321	16699	4281	2484
1675	18S	1675	2071	9969	1298	16644	4261	2481
1676	18S	1676	1113	5395	624	14810	2440	2106
1677	18S	1677	1110	5352	613	14785	2410	2101
1678	18S	1678	984	4512	595	14281	2224	2038
1679	18S	1679	989	4565	595	14508	2239	2054
1680	18S	1680	990	4601	599	14539	2248	2054
1681	18S	1681	984	4752	609	14428	2292	2053
1682	18S	1682	1011	5083	630	24497	5352	4919
1683	18S	1683	904	5191	598	24528	4985	4768
1684	18S	1684	867	5239	573	24369	4960	4763
1685	18S	1685	840	5215	562	24007	4917	4721
1686	18S	1686	843	5262	566	24372	4945	4808
1687	18S	1687	853	5585	561	24712	4995	4914
1688	18S	1688	853	5916	612	24372	4963	5031
1689	18S	1689	561	5482	470	21269	4274	4769
1690	18S	1690	564	5536	479	22119	4381	4922
1691	18S	1691	525	5375	447	21249	4245	4748
1692	18S	1692	526	5384	447	21363	4257	4757
1693	18S	1693	531	5423	454	21500	4293	4767
1694	18S	1694	470	4947	361	20167	4123	4469
1695	18S	1695	475	4963	361	20315	4146	4472
1696	18S	1696	477	5002	361	20378	4149	4473
1697	18S	1697	474	4927	359	20020	4144	4432
1698	18S	1698	477	4868	358	19943	4154	4419
1699	18S	1699	499	4861	363	19951	4221	4439
1700	18S	1700	487	4776	343	19720	4207	4425
1701	18S	1701	457	4646	332	20190	4420	4514
1702	18S	1702	465	4802	349	21594	4873	4820
1703	18S	1703	465	4828	349	21986	4910	4848
1704	18S	1704	482	4867	354	22034	4931	4855
1705	18S	1705	487	4850	356	22030	4948	4876
1706	18S	1706	488	4845	353	21993	4946	4878
1707	18S	1707	501	4547	372	21764	4998	4887
1708	18S	1708	521	4663	376	22686	5258	5043
1709	18S	1709	521	4589	376	22663	5262	5057
1710	18S	1710	553	4543	390	22772	5317	5108
1711	18S	1711	547	4494	384	22710	5311	5104
1712	18S	1712	474	3374	331	11413	2207	2216
1713	18S	1713	475	3379	331	12015	2349	2240
1714	18S	1714	474	3354	333	12035	2349	2237
1715	18S	1715	475	3361	333	12066	2364	2245
1716	18S	1716	475	3367	333	12093	2363	2241
1717	18S	1717	414	2937	307	11698	2236	2166
1718	18S	1718	416	2941	307	11511	2178	2057
1719	18S	1719	391	2724	273	10900	2116	1888
1720	18S	1720	393	2707	258	10937	2100	1883
1721	18S	1721	411	2714	264	11018	2177	1892
1722	18S	1722	400	2331	255	11436	3931	2117
1723	18S	1723	414	2363	266	11634	4097	2149
1724	18S	1724	370	1875	220	10876	4052	1812
1725	18S	1725	358	1568	198	10229	4007	1698
1726	18S	1726	355	1519	189	9405	3904	1558
1727	18S	1727	347	1451	186	9120	3879	1548
1728	18S	1728	422	1426	194	8920	3946	1517
1729	18S	1729	425	1436	196	9030	3972	1532
1730	18S	1730	415	1393	215	8592	3947	1518
1731	18S	1731	439	1358	232	8670	4103	1571
1732	18S	1732	460	1319	238	9742	6418	1984
1733	18S	1733	464	1322	238	9808	6445	1997
1734	18S	1734	465	1275	238	9767	6472	1996
1735	18S	1735	444	1186	220	9581	6395	1958
1736	18S	1736	443	1141	214	9501	6386	1946
1737	18S	1737	431	1003	202	8644	6133	1788
1738	18S	1738	411	778	182	7014	5678	1458
1739	18S	1739	414	754	182	6615	5636	1430
1740	18S	1740	387	607	185	6203	5577	1370
1741	18S	1741	390	609	182	6209	5581	1382
1742	18S	1742	391	574	182	6126	5576	1380
1743	18S	1743	359	487	158	5746	5480	1327
1744	18S	1744	298	284	144	4454	5145	1081
1745	18S	1745	297	284	144	4456	5145	1081
1746	18S	1746	287	271	141	4220	5106	1066
1747	18S	1747	287	271	141	4230	5106	1066
1748	18S	1748	287	271	141	4230	5106	1066
1749	18S	1749	286	250	135	3562	4951	1040
1750	18S	1750	285	239	138	3541	4962	1081
1751	18S	1751	285	237	140	3545	4963	1087
1752	18S	1752	290	231	158	3499	4964	1089
1753	18S	1753	287	218	159	3437	4941	1089
1754	18S	1754	275	206	154	3322	4914	1082
1755	18S	1755	276	202	162	3273	4906	1101
1756	18S	1756	230	157	146	2150	3025	735
1757	18S	1757	230	157	146	2147	3016	743
1758	18S	1758	235	158	157	2153	3017	746
1759	18S	1759	224	129	146	1957	2845	706
1760	18S	1760	213	118	144	1884	2808	699
1761	18S	1761	214	109	144	1854	2813	711
1762	18S	1762	192	100	151	1786	2748	712
1763	18S	1763	130	81	150	1189	1485	635
1764	18S	1764	131	79	151	1176	1423	641
1765	18S	1765	131	57	157	1026	1383	639
1766	18S	1766	98	33	126	645	1209	485
1767	18S	1767	99	32	126	632	1205	484
1768	18S	1768	83	31	119	315	161	292
1769	18S	1769	85	29	119	313	158	290
1770	18S	1770	87	26	119	300	153	290
1771	18S	1771	87	26	119	293	153	290
1772	18S	1772	87	24	118	292	152	290
1773	18S	1773	85	24	118	285	152	289
1774	18S	1774	85	19	108	280	145	285
1775	18S	1775	82	16	108	278	144	285
1776	18S	1776	71	15	85	255	133	250
1777	18S	1777	71	15	85	255	133	250
1778	18S	1778	71	14	85	255	132	250
1779	18S	1779	69	14	85	252	131	250
1780	18S	1780	69	14	85	250	131	250
1781	18S	1781	69	14	84	241	131	247
1782	18S	1782	69	14	84	229	131	247
1783	18S	1783	69	14	84	229	131	247
1784	18S	1784	69	14	84	229	131	247
1785	18S	1785	69	13	84	225	130	247
1786	18S	1786	69	13	81	212	105	207
1787	18S	1787	69	13	79	206	103	195
1788	18S	1788	64	11	61	204	95	193
1789	18S	1789	64	11	60	203	92	193
1790	18S	1790	58	11	52	185	82	166
1791	18S	1791	54	10	52	170	75	132
1792	18S	1792	52	10	52	168	67	132
1793	18S	1793	52	10	52	168	67	132
1794	18S	1794	47	9	41	155	62	126
1795	18S	1795	47	9	41	155	62	126
1796	18S	1796	46	9	39	144	59	121
1797	18S	1797	30	2	32	96	39	86
1798	18S	1798	28	2	32	92	36	86
1799	18S	1799	12	1	18	56	8	28
1800	18S	1800	0	0	0	0	0	0
