gene	position	ETOH1	ET0H2	ET0H3	DMS1	DMS2	DMS3
1	18S	1	209900	111031	307801	97083	28175	106338
2	18S	2	4404	2484	15938	1519	3444	1950
3	18S	3	4087	2491	4232	2523	3248	1726
4	18S	4	2959	4417	724	4262	1676	903
5	18S	5	761	2514	218	1554	639	730
6	18S	6	97	518	44	400	71	83
7	18S	7	517	1053	208	744	420	362
8	18S	8	2010	3030	1362	1516	1147	1032
9	18S	9	988	2984	196	2321	631	709
10	18S	10	307	817	223	668	259	289
11	18S	11	392	1542	401	503	399	300
12	18S	12	417	792	391	1844	1028	2341
13	18S	13	625	1367	180	937	321	410
14	18S	14	530	3050	338	1766	340	749
15	18S	15	181	1433	76	750	135	241
16	18S	16	310	767	212	415	181	136
17	18S	17	692	3930	226	1387	392	393
18	18S	18	358	2079	278	1240	294	581
19	18S	19	667	2724	534	1851	543	840
20	18S	20	415	1267	160	1153	382	728
21	18S	21	3964	7440	1608	3874	2425	2002
22	18S	22	636	3620	350	1756	428	561
23	18S	23	1392	4389	510	4797	1113	2298
24	18S	24	5631	10826	6094	4853	4177	2343
25	18S	25	608	4079	882	1930	843	1427
26	18S	26	3865	5922	5771	15517	11869	26436
27	18S	27	2006	2874	753	4182	2493	4413
28	18S	28	3735	11297	5522	3561	2741	2777
29	18S	29	400	3723	389	3777	1138	2168
30	18S	30	568	1422	279	1224	672	223
31	18S	31	510	4564	265	1661	546	406
32	18S	32	2579	3468	1155	3744	2016	2868
33	18S	33	620	3141	94	2702	468	452
34	18S	34	817	1906	429	1629	638	416
35	18S	35	1970	7519	698	3181	1416	738
36	18S	36	864	3999	310	2650	555	980
37	18S	37	3272	3305	3399	2661	2767	3038
38	18S	38	1382	2351	1786	1830	1201	1108
39	18S	39	2661	5507	2071	4152	2083	1990
40	18S	40	2314	4746	1493	8139	4364	6226
41	18S	41	948	3253	800	5961	2366	4903
42	18S	42	327	1887	286	5394	1404	2719
43	18S	43	5582	10839	5438	12126	9804	12114
44	18S	44	1945	3057	1375	3846	2859	4697
45	18S	45	1922	3286	1686	1757	1603	1388
46	18S	46	1783	7133	1474	2981	1472	1632
47	18S	47	542	1992	372	4113	1210	2284
48	18S	48	634	1321	332	2403	850	1047
49	18S	49	811	2343	548	984	731	415
50	18S	50	657	983	309	873	607	487
51	18S	51	2082	1932	3369	1708	1561	1679
52	18S	52	257	775	112	2847	1029	2092
53	18S	53	1340	1923	758	1370	1941	884
54	18S	54	184	1395	88	515	243	178
55	18S	55	3890	2071	3501	3539	4458	4441
56	18S	56	481	1392	57	3017	733	1276
57	18S	57	680	1179	425	1353	955	510
58	18S	58	4217	4903	1101	3558	6064	1175
59	18S	59	1414	1835	1156	2474	1480	1590
60	18S	60	1861	1790	771	1435	1444	837
61	18S	61	1977	2532	2081	2381	2208	1601
62	18S	62	1001	3194	540	5969	2848	4251
63	18S	63	1159	3907	470	6367	3895	3800
64	18S	64	1524	15276	599	4211	3606	1014
65	18S	65	1808	2595	3730	1948	2391	2364
66	18S	66	865	2215	715	21068	12524	33888
67	18S	67	841	2807	1316	2134	1589	2001
68	18S	68	657	2974	499	48204	11637	42519
69	18S	69	627	1800	395	5303	2086	3600
70	18S	70	798	1962	564	2117	1903	416
71	18S	71	2046	3239	1403	3513	2928	2085
72	18S	72	3810	3007	2773	14279	16789	16571
73	18S	73	3855	4789	1594	10905	8003	10574
74	18S	74	2866	3972	1642	4044	3878	3067
75	18S	75	1753	3303	1059	3237	2719	2551
76	18S	76	2014	3103	3975	1867	2880	2862
77	18S	77	782	2263	389	13211	7447	17235
78	18S	78	3600	4401	7754	3400	3710	3237
79	18S	79	547	2356	273	6455	1590	3370
80	18S	80	1165	3897	828	5633	1843	3295
81	18S	81	1064	2942	522	30137	8901	19934
82	18S	82	1345	11552	313	10894	2785	1482
83	18S	83	1509	4787	1148	4597	3604	876
84	18S	84	600	10484	231	3423	1733	551
85	18S	85	1043	2232	1125	20128	8991	18716
86	18S	86	2030	3705	1689	10335	5543	7556
87	18S	87	392	1444	372	3648	831	1466
88	18S	88	387	1887	216	2001	548	758
89	18S	89	554	1737	359	1922	722	573
90	18S	90	233	1614	120	1479	569	277
91	18S	91	2126	5055	1524	6273	4492	1137
92	18S	92	155	4977	187	1399	659	229
93	18S	93	2925	5483	5382	12088	6555	8604
94	18S	94	147	2007	247	3189	530	1501
95	18S	95	290	2063	256	1608	626	263
96	18S	96	249	883	248	761	336	108
97	18S	97	960	3976	413	5050	1004	810
98	18S	98	4334	3726	3378	4882	5547	3727
99	18S	99	626	1154	538	1439	1302	708
100	18S	100	22521	11003	23237	14552	19461	12438
101	18S	101	4479	5143	9237	8078	9987	8478
102	18S	102	2346	3303	2281	3264	3583	2387
103	18S	103	1043	2650	1371	2529	2399	2344
104	18S	104	812	2176	1322	16384	8032	16697
105	18S	105	2192	3803	3117	29362	19216	40170
106	18S	106	1151	2246	904	7303	7153	8889
107	18S	107	480	2231	388	1998	1366	1119
108	18S	108	527	2392	660	3290	1490	1680
109	18S	109	587	1143	438	5523	3152	3095
110	18S	110	2401	5153	1409	4270	4722	1151
111	18S	111	424	774	306	876	888	407
112	18S	112	1409	1979	1985	1501	2120	905
113	18S	113	3044	2675	2872	6358	6788	4247
114	18S	114	216	1269	142	1491	564	250
115	18S	115	1111	4343	695	3708	2578	970
116	18S	116	2896	5122	638	6468	3308	1536
117	18S	117	2405	2742	993	3210	3207	1626
118	18S	118	1403	1583	1035	2626	2375	1445
119	18S	119	2003	2449	2542	2221	3202	1518
120	18S	120	1443	3208	564	4343	2754	2731
121	18S	121	2243	4158	1821	4743	2961	2794
122	18S	122	286	1066	252	1776	597	795
123	18S	123	438	1085	662	1626	1039	350
124	18S	124	1065	4120	1992	2594	2674	651
125	18S	125	1469	2612	1979	9897	8104	9447
126	18S	126	550	3598	562	3869	1427	1247
127	18S	127	469	2483	478	6067	2108	2650
128	18S	128	933	3843	285	3953	1542	1082
129	18S	129	764	1562	919	2026	1549	1176
130	18S	130	294	1514	300	3164	1151	1850
131	18S	131	1129	3501	855	7503	2691	3592
132	18S	132	2964	6326	1353	12070	6024	8165
133	18S	133	2126	4157	1137	9334	4315	5214
134	18S	134	1208	2491	1955	3578	2718	2400
135	18S	135	4429	5249	12598	14452	12419	13460
136	18S	136	374	2534	288	17306	5974	10304
137	18S	137	1547	3577	2268	17455	11319	19616
138	18S	138	3736	3568	10910	4969	7801	5528
139	18S	139	949	1527	1711	6513	2652	3640
140	18S	140	3052	6234	13186	6426	4683	5650
141	18S	141	612	4161	378	8004	1499	2204
142	18S	142	254	1703	400	2394	466	305
143	18S	143	732	3393	827	4405	1872	744
144	18S	144	3381	7541	2612	7727	5751	2805
145	18S	145	5313	4159	9295	5478	8202	3825
146	18S	146	422	1668	391	5133	3442	4099
147	18S	147	706	1808	1464	1711	1556	850
148	18S	148	622	1253	1622	7156	5134	6263
149	18S	149	217	946	362	5747	2152	3203
150	18S	150	226	1147	200	1966	592	729
151	18S	151	130	734	159	1139	245	356
152	18S	152	373	2940	189	4529	848	713
153	18S	153	182	1426	103	3226	379	403
154	18S	154	669	2126	384	5049	1888	1109
155	18S	155	1760	2780	995	5635	3296	2074
156	18S	156	1413	3291	1278	6537	2457	2970
157	18S	157	1391	2484	1103	10345	5870	9361
158	18S	158	1212	3000	1258	9778	3856	6829
159	18S	159	1048	2998	1661	5664	3056	3536
160	18S	160	400	2089	616	4559	1437	2852
161	18S	161	1894	3637	3106	11019	5427	10528
162	18S	162	548	4691	907	6498	1236	1673
163	18S	163	43	540	89	2270	376	799
164	18S	164	472	10073	558	8533	1600	728
165	18S	165	426	3813	427	8854	1752	2810
166	18S	166	481	8768	375	6148	1104	1288
167	18S	167	1067	3507	1599	5527	3464	4560
168	18S	168	1152	5385	2063	6552	2928	3232
169	18S	169	865	2970	2960	9845	6454	10071
170	18S	170	837	3392	1500	12983	5110	8869
171	18S	171	3055	5169	9416	5500	5307	3924
172	18S	172	344	2317	622	9653	1650	3548
173	18S	173	2272	7533	11167	7563	3825	5131
174	18S	174	369	4294	297	13084	1808	4070
175	18S	175	316	2039	547	4180	1000	883
176	18S	176	811	12267	744	14041	2457	2740
177	18S	177	2566	8966	3035	14571	6775	16625
178	18S	178	2465	11098	4554	11387	6080	8033
179	18S	179	830	4501	1099	13059	5246	9938
180	18S	180	1595	7504	2524	51487	11581	40660
181	18S	181	360	4107	618	46888	8891	32185
182	18S	182	1096	5384	2052	87523	18319	81954
183	18S	183	276	3101	441	18608	3834	10795
184	18S	184	77	978	138	3471	1051	1171
185	18S	185	1641	6834	3264	19626	5070	11551
186	18S	186	79	881	112	2095	213	574
187	18S	187	83	1116	110	2235	280	676
188	18S	188	1445	8984	965	18792	2818	4642
189	18S	189	217	2015	629	9870	2313	6325
190	18S	190	155	1662	174	3359	490	1201
191	18S	191	368	1165	824	3025	1206	1805
192	18S	192	694	2204	1506	3882	2016	1742
193	18S	193	849	3243	1996	3785	2096	1935
194	18S	194	206	1850	302	3183	652	1229
195	18S	195	115	1481	167	2378	355	517
196	18S	196	191	1599	374	1703	475	431
197	18S	197	302	1770	1225	1868	922	897
198	18S	198	232	1344	1017	7310	1781	4413
199	18S	199	153	1011	303	66194	7438	33605
200	18S	200	319	3134	574	4458	1024	1684
201	18S	201	40	479	61	2200	593	864
202	18S	202	1763	2914	3164	4957	4594	2231
203	18S	203	315	4568	222	12299	1677	4094
204	18S	204	257	2313	349	3310	803	1033
205	18S	205	1432	17973	1352	16465	4664	3126
206	18S	206	2923	10617	5718	15351	6844	7362
207	18S	207	755	5145	1289	7775	2280	5634
208	18S	208	1331	5107	2318	6974	2875	3383
209	18S	209	728	2614	1424	4647	1864	2559
210	18S	210	1590	4535	5318	5564	3658	3055
211	18S	211	676	3610	803	8277	3206	5112
212	18S	212	957	5902	2118	7245	2216	2972
213	18S	213	540	4093	1424	5749	1516	1976
214	18S	214	280	3102	1083	10124	1671	3194
215	18S	215	3182	10115	8223	12681	7238	4807
216	18S	216	1485	4043	2919	32411	14474	37968
217	18S	217	1177	4436	3919	9118	3615	8785
218	18S	218	1064	5635	2507	12935	3821	16021
219	18S	219	794	6045	1571	9000	2050	7769
220	18S	220	827	6582	2448	15408	3371	13766
221	18S	221	656	6807	1499	18557	2927	14710
222	18S	222	1815	8140	4985	28227	8350	27927
223	18S	223	1545	5971	3246	19667	6672	17299
224	18S	224	625	4107	1463	7081	1807	3051
225	18S	225	325	4692	1151	5357	948	3856
226	18S	226	1949	9259	4171	32727	7281	22476
227	18S	227	125	3010	70	9461	564	4196
228	18S	228	152	2151	252	2833	519	1039
229	18S	229	1436	19945	1259	16870	4585	3436
230	18S	230	144	1127	301	2057	519	976
231	18S	231	169	2022	457	2358	548	1233
232	18S	232	975	4894	5503	4553	1726	3059
233	18S	233	96	2798	192	5501	559	2171
234	18S	234	26	971	34	1049	82	261
235	18S	235	154	2657	424	4281	621	750
236	18S	236	330	4714	880	3756	1068	1177
237	18S	237	99	2363	211	9851	963	4361
238	18S	238	736	3607	1651	11407	3942	13424
239	18S	239	339	3192	1118	4323	1107	3314
240	18S	240	400	3642	742	4464	1250	4191
241	18S	241	602	3825	2548	4448	1627	2520
242	18S	242	224	2484	398	3876	643	1188
243	18S	243	56	751	185	918	200	145
244	18S	244	1098	10595	3591	7776	3314	1473
245	18S	245	150	2689	271	9004	993	4757
246	18S	246	191	2422	407	3063	575	487
247	18S	247	1051	9967	3297	7333	2990	1824
248	18S	248	845	9965	1202	10494	2119	6205
249	18S	249	2392	9100	7285	7683	3652	3496
250	18S	250	237	3486	755	3892	586	1167
251	18S	251	2878	10948	12599	9955	5180	7224
252	18S	252	1001	4916	3704	24592	10867	29286
253	18S	253	759	6126	3222	7388	2115	4124
254	18S	254	2354	7910	7573	19963	8327	16274
255	18S	255	536	5503	479	13695	2550	10074
256	18S	256	793	6831	2052	7510	2036	3897
257	18S	257	950	4959	2853	17465	5311	15332
258	18S	258	879	7281	1102	21882	2330	9033
259	18S	259	1657	11326	2219	18032	2826	10571
260	18S	260	667	4651	1149	6331	1279	4232
261	18S	261	631	6174	965	9113	1191	3762
262	18S	262	2040	11501	3943	15971	2984	8706
263	18S	263	153	4560	116	6654	284	1839
264	18S	264	569	13239	1179	15072	1792	4820
265	18S	265	151	14877	233	4452	585	1015
266	18S	266	1283	9743	1977	28690	5829	20597
267	18S	267	813	9328	1077	35222	8120	29265
268	18S	268	78	2728	97	3548	286	458
269	18S	269	92	2180	331	2230	253	1000
270	18S	270	73	1704	113	1536	266	424
271	18S	271	668	4212	2062	10428	1765	4154
272	18S	272	148	3761	115	8620	477	2813
273	18S	273	33	812	36	709	55	80
274	18S	274	84	4666	80	4592	249	594
275	18S	275	116	2384	153	2454	259	583
276	18S	276	157	1562	306	2928	342	1008
277	18S	277	318	3128	913	5271	745	2141
278	18S	278	212	4796	217	7342	506	1529
279	18S	279	23	1101	89	1075	99	407
280	18S	280	77	2541	196	2702	211	494
281	18S	281	60	746	144	1008	127	282
282	18S	282	160	3258	815	2496	283	892
283	18S	283	58	1354	109	984	105	333
284	18S	284	37	1243	28	1021	81	228
285	18S	285	367	3340	386	3898	1101	426
286	18S	286	69	2327	65	2491	268	205
287	18S	287	86	529	327	980	192	326
288	18S	288	273	2371	802	3095	549	763
289	18S	289	165	1980	208	4922	623	2060
290	18S	290	116	1638	192	2721	266	283
291	18S	291	290	5841	378	5745	781	444
292	18S	292	1349	15879	979	15325	1755	2130
293	18S	293	1685	5790	3894	5568	2148	1959
294	18S	294	529	4823	1312	6109	1015	1270
295	18S	295	1987	10373	4149	9669	2456	4982
296	18S	296	1612	13228	2055	13845	2109	7233
297	18S	297	2584	10885	6318	8848	3095	4869
298	18S	298	766	4913	2302	5671	1255	2496
299	18S	299	502	6107	1604	5162	1064	3350
300	18S	300	482	4735	1831	6883	1264	4513
301	18S	301	1220	6403	4597	14884	4894	11820
302	18S	302	408	3337	586	7305	1379	5141
303	18S	303	207	2784	855	1978	441	1036
304	18S	304	368	4695	1050	4090	573	1564
305	18S	305	267	2338	491	3278	284	1500
306	18S	306	48	2097	97	1349	99	614
307	18S	307	19	752	57	423	45	116
308	18S	308	174	12527	293	4661	513	1567
309	18S	309	160	3316	228	2469	300	1168
310	18S	310	307	3706	466	2705	414	1364
311	18S	311	275	4042	764	2280	547	2175
312	18S	312	957	5476	4673	3519	1624	2857
313	18S	313	2448	12934	6783	30196	11251	18343
314	18S	314	169	4628	318	4033	407	1407
315	18S	315	921	12786	2579	8967	1471	5827
316	18S	316	877	6386	2607	9254	3047	8307
317	18S	317	468	5465	1048	9341	1074	4106
318	18S	318	474	6347	1008	3824	753	2675
319	18S	319	743	6643	1155	4752	987	2603
320	18S	320	1284	7820	6284	5387	1576	3903
321	18S	321	199	3589	378	4063	252	1271
322	18S	322	165	2934	291	2040	220	734
323	18S	323	590	23938	1388	7910	1049	1393
324	18S	324	104	2450	310	3841	286	2421
325	18S	325	40	905	116	632	59	163
326	18S	326	101	1388	409	1043	155	409
327	18S	327	584	7352	628	4774	844	2350
328	18S	328	160	4043	547	2494	263	1048
329	18S	329	74	2257	225	3136	138	661
330	18S	330	54	1106	150	1124	123	266
331	18S	331	594	2893	2042	1663	1119	818
332	18S	332	475	2310	2655	6350	1803	5638
333	18S	333	185	1708	818	2021	288	563
334	18S	334	346	3418	837	4403	549	1610
335	18S	335	147	5389	245	3130	195	694
336	18S	336	12	716	54	343	30	85
337	18S	337	145	5102	262	2741	208	270
338	18S	338	400	9044	441	6093	532	765
339	18S	339	135	2647	251	1666	136	697
340	18S	340	148	2122	357	1242	184	547
341	18S	341	498	1574	2758	1432	557	930
342	18S	342	237	474	591	1383	347	1118
343	18S	343	102	246	237	362	71	219
344	18S	344	438	1940	3321	1995	356	1232
345	18S	345	316	3960	241	7141	294	2283
346	18S	346	113	1894	155	4546	135	695
347	18S	347	786	10670	855	14746	1517	2213
348	18S	348	1201	14700	812	14169	1178	4929
349	18S	349	762	5106	1268	5091	613	2105
350	18S	350	2801	5324	6770	7026	2162	3457
351	18S	351	168	808	477	1258	166	432
352	18S	352	435	2864	2052	4362	573	1376
353	18S	353	974	4354	4757	49959	9724	35775
354	18S	354	198	6334	181	10942	309	2238
355	18S	355	215	5454	381	13188	494	1721
356	18S	356	80	2984	137	4950	123	544
357	18S	357	476	4625	858	7771	910	972
358	18S	358	221	3969	625	3403	531	538
359	18S	359	256	1266	1000	1993	351	696
360	18S	360	941	1348	5276	14000	4256	9857
361	18S	361	77	778	250	1846	148	666
362	18S	362	68	1507	186	2270	158	450
363	18S	363	110	3940	120	4795	216	739
364	18S	364	94	3265	235	3591	209	708
365	18S	365	234	2349	824	2586	566	868
366	18S	366	913	4142	3835	3235	1731	1495
367	18S	367	1108	1241	6625	3703	3025	4699
368	18S	368	553	1208	2007	4340	1574	3420
369	18S	369	669	2667	2691	3566	758	1787
370	18S	370	309	3327	843	8847	1347	4783
371	18S	371	72	1307	294	2484	305	969
372	18S	372	168	4017	322	3181	422	250
373	18S	373	471	5128	824	3187	865	519
374	18S	374	2490	26781	9491	10977	2831	4839
375	18S	375	2063	8232	5193	9122	2009	6436
376	18S	376	113	2479	294	3265	171	791
377	18S	377	232	4228	421	4042	613	1310
378	18S	378	2447	28694	4366	13331	4794	5076
379	18S	379	221	4869	598	4272	659	2880
380	18S	380	403	4842	1389	3236	505	1379
381	18S	381	297	3020	800	2633	297	1082
382	18S	382	211	4513	377	3778	197	782
383	18S	383	45	1138	219	1098	64	274
384	18S	384	80	2033	202	1377	130	178
385	18S	385	236	2654	732	2182	282	570
386	18S	386	145	1157	330	2288	300	701
387	18S	387	404	9046	614	3835	785	436
388	18S	388	66	1061	167	2446	280	519
389	18S	389	112	3196	108	1895	190	255
390	18S	390	144	1413	524	1008	182	559
391	18S	391	29	1095	266	298	45	124
392	18S	392	28	220	160	817	110	489
393	18S	393	85	1203	272	647	122	393
394	18S	394	162	2179	631	1240	207	911
395	18S	395	172	2546	368	1426	208	1109
396	18S	396	142	838	540	728	200	299
397	18S	397	252	2933	768	1799	342	561
398	18S	398	596	3313	2229	5358	1185	1489
399	18S	399	357	5073	1528	2239	474	757
400	18S	400	376	1986	2259	4777	986	2934
401	18S	401	3918	6751	13973	12261	4247	8608
402	18S	402	78	1556	289	1300	154	381
403	18S	403	259	2821	385	2671	285	287
404	18S	404	286	3586	564	2836	341	504
405	18S	405	164	1374	571	909	165	435
406	18S	406	103	763	561	432	121	305
407	18S	407	656	2264	4678	2526	894	2062
408	18S	408	84	788	332	1537	219	1075
409	18S	409	94	921	510	930	126	509
410	18S	410	2673	5818	13580	8009	2256	7201
411	18S	411	290	3180	405	6628	247	2122
412	18S	412	1701	6420	8582	9242	1265	5775
413	18S	413	679	5617	1989	21829	4424	17437
414	18S	414	316	1541	1521	2346	235	993
415	18S	415	120	1102	459	1431	207	641
416	18S	416	527	6119	3935	5477	626	3502
417	18S	417	703	7164	2807	15171	2063	6301
418	18S	418	227	2246	603	8039	839	2059
419	18S	419	248	1810	598	1693	265	641
420	18S	420	629	6499	2397	4636	740	1667
421	18S	421	173	3445	1151	4414	627	2011
422	18S	422	98	1509	227	3444	300	1008
423	18S	423	616	9448	782	3886	1273	725
424	18S	424	263	6242	938	2458	401	742
425	18S	425	387	4573	1893	3956	324	1148
426	18S	426	229	1159	553	1737	329	686
427	18S	427	446	5379	1722	4260	385	908
428	18S	428	502	4260	2642	3836	390	925
429	18S	429	181	2564	731	3462	297	587
430	18S	430	122	2103	951	1002	161	158
431	18S	431	332	4958	2106	3038	345	442
432	18S	432	283	2695	3844	1416	285	533
433	18S	433	246	4563	1839	2783	463	502
434	18S	434	984	3177	4260	4274	1511	1996
435	18S	435	234	4550	813	2101	322	556
436	18S	436	3833	4494	12115	5935	3834	5186
437	18S	437	2637	17407	47762	9717	5594	8405
438	18S	438	1972	3576	10350	7969	4873	8943
439	18S	439	800	5186	2707	8442	2235	7877
440	18S	440	189	1491	643	851	254	586
441	18S	441	408	2042	2047	1396	378	928
442	18S	442	67	906	393	1746	199	1286
443	18S	443	144	1155	672	1507	236	1013
444	18S	444	295	1145	937	2004	449	855
445	18S	445	455	2722	1501	2677	580	1293
446	18S	446	344	2463	1210	3533	1278	3268
447	18S	447	850	4273	2136	6680	1813	4873
448	18S	448	293	4108	469	4746	328	1470
449	18S	449	879	10238	466	13667	673	4276
450	18S	450	2531	10470	1966	14479	1633	8795
451	18S	451	945	4895	1811	6347	879	3560
452	18S	452	1086	2596	2956	7899	3224	5834
453	18S	453	556	2359	1353	13500	3029	6887
454	18S	454	1582	3148	4881	3802	1197	1448
455	18S	455	125	1053	455	1294	133	305
456	18S	456	252	1790	1103	8414	1138	1963
457	18S	457	118	706	180	1895	177	240
458	18S	458	100	1030	141	889	125	97
459	18S	459	61	971	74	527	64	149
460	18S	460	378	2627	937	1825	513	285
461	18S	461	67	504	180	1246	154	248
462	18S	462	75	294	155	188	73	35
463	18S	463	793	998	2543	1000	795	341
464	18S	464	83	496	443	421	113	188
465	18S	465	222	666	652	1006	328	449
466	18S	466	72	964	180	537	82	158
467	18S	467	72	595	262	385	90	131
468	18S	468	2548	3519	9682	2194	2541	1091
469	18S	469	305	917	1606	1735	634	1306
470	18S	470	1156	3136	5372	3376	1400	3684
471	18S	471	2724	4446	11032	5994	3408	5555
472	18S	472	1338	2554	4025	4776	2073	3942
473	18S	473	1342	1856	5396	2958	1313	2162
474	18S	474	798	1418	2943	3630	1579	3033
475	18S	475	2211	1272	7870	4834	3988	4741
476	18S	476	375	1360	608	3010	1107	2034
477	18S	477	607	3415	2108	2946	641	1426
478	18S	478	1574	3738	8230	5964	2825	6189
479	18S	479	82	1260	227	2037	176	815
480	18S	480	347	3098	708	2405	471	1088
481	18S	481	731	8258	3165	2262	883	1619
482	18S	482	680	2416	2485	6691	1531	6425
483	18S	483	1390	2367	9577	2001	947	2232
484	18S	484	58	511	290	1835	158	1306
485	18S	485	276	3547	1324	3198	281	1568
486	18S	486	32	880	93	1259	101	411
487	18S	487	36	827	115	371	46	79
488	18S	488	62	982	95	500	56	144
489	18S	489	163	1957	176	851	149	415
490	18S	490	93	1067	465	569	96	429
491	18S	491	90	518	420	1068	158	762
492	18S	492	414	766	2704	2225	943	2189
493	18S	493	165	660	807	4244	1302	4934
494	18S	494	1794	3067	8731	4745	1493	3287
495	18S	495	52	783	237	728	71	363
496	18S	496	116	1636	236	5464	674	1981
497	18S	497	21	889	22	361	29	62
498	18S	498	79	309	250	310	123	158
499	18S	499	312	887	1038	564	318	544
500	18S	500	133	1003	478	558	176	296
501	18S	501	725	2607	2398	1635	901	1427
502	18S	502	141	2636	195	1474	180	551
503	18S	503	151	867	415	514	153	276
504	18S	504	354	1025	1010	666	370	560
505	18S	505	181	349	628	516	279	671
506	18S	506	985	1008	3582	7189	4597	7995
507	18S	507	849	3521	1403	4365	1162	3709
508	18S	508	185	1209	315	1523	316	1145
509	18S	509	90	358	165	522	96	209
510	18S	510	209	408	435	595	298	235
511	18S	511	521	1845	1270	1459	757	747
512	18S	512	1845	1464	6505	4673	4247	5195
513	18S	513	235	1512	192	3153	541	1693
514	18S	514	193	665	494	1453	273	513
515	18S	515	902	6163	1265	7881	1357	3483
516	18S	516	488	1538	473	9302	1643	7763
517	18S	517	1536	9614	2294	4847	1538	1865
518	18S	518	4104	2852	11913	2559	2081	2441
519	18S	519	1686	1713	4139	4332	1246	3289
520	18S	520	913	2414	3979	2493	749	3968
521	18S	521	2820	2460	10675	4897	3450	6245
522	18S	522	770	3132	1277	6648	979	3726
523	18S	523	474	1323	1059	1699	442	1000
524	18S	524	1316	3072	2248	2313	1505	1331
525	18S	525	1064	1205	3266	1713	902	2181
526	18S	526	1027	1559	2926	4696	1738	5045
527	18S	527	1160	2859	3884	6120	2600	7505
528	18S	528	846	7163	516	10273	1535	6792
529	18S	529	1225	4103	3698	4492	1085	3518
530	18S	530	267	2521	464	26465	3891	24293
531	18S	531	395	3837	611	4928	339	2228
532	18S	532	1025	3521	2221	4699	1205	3680
533	18S	533	279	961	1036	1039	236	952
534	18S	534	611	1562	2016	1728	841	1482
535	18S	535	2026	1880	10087	65398	18391	100620
536	18S	536	172	624	635	2342	444	1370
537	18S	537	155	1361	569	2344	710	1123
538	18S	538	824	7859	1224	9383	1333	5269
539	18S	539	388	3251	530	6091	1161	2173
540	18S	540	333	3232	604	2619	322	1086
541	18S	541	2325	19326	4709	19579	3044	15706
542	18S	542	10899	17696	104192	14959	12794	30687
543	18S	543	1371	3347	2552	29346	5894	36800
544	18S	544	1872	4600	5840	8514	3367	12060
545	18S	545	1182	1840	3919	27664	11172	61509
546	18S	546	768	1977	2970	6639	1591	5551
547	18S	547	269	1135	612	1837	651	1132
548	18S	548	89	560	219	823	105	328
549	18S	549	134	1094	272	787	123	388
550	18S	550	568	5918	757	5280	864	2806
551	18S	551	159	2569	182	4276	466	1717
552	18S	552	408	9564	242	5242	963	594
553	18S	553	1291	6777	2112	3966	1630	1555
554	18S	554	178	3333	277	2307	263	1792
555	18S	555	1458	3650	3316	15852	4400	18408
556	18S	556	226	1242	425	3990	502	2528
557	18S	557	363	2098	355	5011	925	2235
558	18S	558	1107	21905	975	8987	1987	1772
559	18S	559	182	1564	393	1754	284	752
560	18S	560	346	2748	378	3699	577	1992
561	18S	561	220	3462	247	3140	240	586
562	18S	562	313	15027	240	5522	562	652
563	18S	563	79	2759	93	1283	140	404
564	18S	564	279	1385	142	1264	333	474
565	18S	565	674	5377	779	2751	769	1593
566	18S	566	139	1065	311	774	149	644
567	18S	567	267	1878	601	1710	289	951
568	18S	568	1141	3782	1073	4555	1394	2495
569	18S	569	633	4303	1047	2516	438	1228
570	18S	570	150	1562	558	1114	124	468
571	18S	571	280	2963	283	4177	751	1094
572	18S	572	252	7041	643	2240	299	439
573	18S	573	231	1583	721	1098	146	499
574	18S	574	164	977	602	894	267	503
575	18S	575	315	11307	217	7754	631	631
576	18S	576	687	4609	1362	6124	915	1126
577	18S	577	1687	9924	1155	8844	1683	1736
578	18S	578	2321	19006	3630	9094	2222	2714
579	18S	579	6615	13298	24496	7928	4176	6515
580	18S	580	2997	3747	7435	15950	7379	25927
581	18S	581	766	2968	2634	5486	1118	5785
582	18S	582	938	3430	3102	2295	703	1561
583	18S	583	1053	2464	1991	2154	574	1570
584	18S	584	112	1231	318	920	100	574
585	18S	585	508	3228	1225	4743	713	3215
586	18S	586	462	2200	445	3269	706	2015
587	18S	587	337	4641	549	1879	388	468
588	18S	588	854	4220	1968	2540	925	1552
589	18S	589	407	1888	1293	1209	370	876
590	18S	590	725	697	1804	1028	589	907
591	18S	591	662	870	2717	976	741	1275
592	18S	592	2351	689	5574	2685	3634	3553
593	18S	593	1238	721	1782	2350	1877	2264
594	18S	594	271	668	707	799	310	341
595	18S	595	690	859	972	2689	1612	2067
596	18S	596	322	2422	208	2699	397	282
597	18S	597	840	2459	1071	3945	961	1033
598	18S	598	2738	8338	1676	14403	2558	3788
599	18S	599	3809	4146	5187	7990	2415	3407
600	18S	600	2801	4150	2467	11461	4076	8056
601	18S	601	9101	5097	16241	8449	5571	8010
602	18S	602	4781	2574	5230	7057	4275	6859
603	18S	603	3955	3583	5744	4653	2655	3632
604	18S	604	379	953	911	833	348	619
605	18S	605	1690	1197	3670	6233	2843	4946
606	18S	606	570	1861	1107	8283	1962	4913
607	18S	607	490	992	632	4137	1139	2314
608	18S	608	2430	6931	3116	5687	2468	1592
609	18S	609	287	821	335	1040	304	477
610	18S	610	655	1533	923	2189	739	696
611	18S	611	1698	8648	3180	6241	1591	1851
612	18S	612	555	2139	1030	2825	431	1301
613	18S	613	537	1330	1435	1440	508	570
614	18S	614	1202	7762	2464	8240	1295	2564
615	18S	615	1568	4845	3670	7907	1522	4481
616	18S	616	2192	6769	2894	13396	3234	7973
617	18S	617	3404	11226	2632	10732	2823	7577
618	18S	618	2796	3969	4077	4516	2550	4564
619	18S	619	3234	5935	7022	13182	4620	14917
620	18S	620	3294	8512	11760	11835	4416	12799
621	18S	621	1504	4850	2156	6897	1733	5068
622	18S	622	806	2435	1665	9299	1800	7159
623	18S	623	661	2921	963	8332	1299	4329
624	18S	624	316	1773	312	3207	478	1161
625	18S	625	192	5063	205	2957	276	633
626	18S	626	2609	4343	4806	8484	3350	9775
627	18S	627	361	1651	399	1789	266	622
628	18S	628	216	1751	297	1468	233	729
629	18S	629	3343	21107	2818	10656	3611	2454
630	18S	630	1013	5534	1337	5368	1087	2005
631	18S	631	342	3724	330	4804	752	3347
632	18S	632	3100	58357	4764	20184	3282	12906
633	18S	633	1825	56841	2683	26493	1897	12649
634	18S	634	816	13178	1236	9639	744	3681
635	18S	635	2344	48131	4034	17602	2683	9569
636	18S	636	2989	22576	6112	20056	6686	25824
637	18S	637	2134	10153	1553	22428	4047	19618
638	18S	638	2856	13662	2939	7860	1965	6615
639	18S	639	960	4012	1589	2335	614	1318
640	18S	640	386	4493	347	2016	338	1014
641	18S	641	178	4525	128	1464	122	322
642	18S	642	162	10645	79	3285	190	121
643	18S	643	88	4009	75	1146	93	200
644	18S	644	136	2026	156	808	127	391
645	18S	645	215	2554	201	1043	280	766
646	18S	646	181	2170	219	2724	280	1281
647	18S	647	298	2185	256	1992	283	417
648	18S	648	837	4510	930	2870	817	781
649	18S	649	792	6029	1358	2332	697	1023
650	18S	650	207	1891	309	1427	161	821
651	18S	651	28	352	43	327	31	80
652	18S	652	964	4460	221	2971	798	274
653	18S	653	917	12039	287	3590	858	543
654	18S	654	129	1827	151	1528	138	431
655	18S	655	91	822	108	642	82	314
656	18S	656	171	1097	179	586	184	278
657	18S	657	369	3198	531	1205	349	578
658	18S	658	397	6798	815	3042	460	1342
659	18S	659	130	5772	163	2829	187	774
660	18S	660	237	3626	382	3608	1538	1080
661	18S	661	3210	9207	4151	9463	4805	8859
662	18S	662	2013	10368	2278	7900	2416	5240
663	18S	663	2169	9618	3092	5756	2195	4731
664	18S	664	2327	11108	2685	6184	1981	4688
665	18S	665	1553	3616	1181	2637	1147	2126
666	18S	666	1091	8995	1065	3628	1161	1985
667	18S	667	3847	14418	5241	7398	2925	4390
668	18S	668	257	1987	75	1189	219	365
669	18S	669	399	3290	458	2152	480	1149
670	18S	670	1401	6386	519	5036	1398	1503
671	18S	671	167	1029	112	929	193	386
672	18S	672	1900	8741	965	4820	2380	1646
673	18S	673	1908	5420	3124	5705	2423	2833
674	18S	674	969	13460	738	17997	1075	5490
675	18S	675	1719	32465	669	34381	1379	7921
676	18S	676	104	1695	115	1458	111	293
677	18S	677	528	2930	349	3313	716	1170
678	18S	678	18529	57524	8236	35947	12221	26250
679	18S	679	10295	38754	7541	36801	5949	29091
680	18S	680	2363	23617	3416	12344	1622	8272
681	18S	681	3675	16663	7693	8076	2201	7283
682	18S	682	1900	12949	2541	7357	1529	2937
683	18S	683	135	4126	248	1330	160	518
684	18S	684	714	9769	2404	4470	755	1986
685	18S	685	1148	5521	5712	8559	2072	5386
686	18S	686	260	2028	152	1387	233	435
687	18S	687	139	7951	168	1882	189	336
688	18S	688	401	20797	235	4993	428	403
689	18S	689	97	5153	145	1060	144	161
690	18S	690	304	3139	375	1456	533	429
691	18S	691	1182	4769	844	3091	1505	933
692	18S	692	2924	7850	1703	12175	4856	5047
693	18S	693	2356	11212	1578	14060	4424	15459
694	18S	694	825	4406	853	4034	1004	2657
695	18S	695	3114	10927	2721	7766	2942	7610
696	18S	696	3791	11235	2266	12658	2762	9262
697	18S	697	674	5512	455	6043	1057	3667
698	18S	698	2696	11250	2340	46033	8682	35165
699	18S	699	1962	6929	2354	4397	1405	2090
700	18S	700	1155	6179	1127	5897	957	2327
701	18S	701	183	5283	133	2212	262	782
702	18S	702	166	2500	198	1363	168	222
703	18S	703	361	4315	306	1292	346	333
704	18S	704	1492	15193	940	5756	1343	1620
705	18S	705	1864	18488	2066	5983	1691	4019
706	18S	706	530	8626	929	2375	775	1460
707	18S	707	1956	12188	3558	91715	15495	63187
708	18S	708	491	4717	462	32593	4835	12417
709	18S	709	1136	10530	869	4710	1349	2090
710	18S	710	1590	16736	2639	6380	1318	3662
711	18S	711	299	5198	382	1892	550	709
712	18S	712	1308	12089	996	4466	1450	1477
713	18S	713	2782	34917	1145	11623	2421	2291
714	18S	714	94	2683	200	3652	353	1612
715	18S	715	1797	20492	1825	5977	2329	2446
716	18S	716	317	4458	677	1673	355	789
717	18S	717	230	3615	449	1611	259	788
718	18S	718	1874	10250	3332	8635	2026	4620
719	18S	719	501	4697	690	2090	498	1035
720	18S	720	900	7620	1351	3373	685	1413
721	18S	721	299	9071	154	1946	251	362
722	18S	722	682	9451	333	4562	700	562
723	18S	723	202	5347	74	1760	236	400
724	18S	724	510	4992	579	1579	632	456
725	18S	725	1609	3540	2020	5656	1828	4153
726	18S	726	789	1886	1024	1577	411	912
727	18S	727	1791	7219	2402	2795	1351	1253
728	18S	728	202	2664	175	830	236	320
729	18S	729	205	1721	256	603	1021	158
730	18S	730	1389	11597	2965	2355	4594	866
731	18S	731	643	13068	346	4211	743	1052
732	18S	732	595	2771	511	1402	638	584
733	18S	733	2260	20294	1894	7343	2681	1274
734	18S	734	1849	5061	4407	39973	13429	36084
735	18S	735	1082	3117	2075	54239	12926	45157
736	18S	736	297	3959	833	2350	782	1337
737	18S	737	2363	16865	2713	17831	3292	10410
738	18S	738	206	3414	159	4575	661	1484
739	18S	739	1282	17909	665	8343	2207	1242
740	18S	740	18023	74237	9347	21946	12889	6317
741	18S	741	3486	21714	1616	83528	23135	49344
742	18S	742	12787	27080	6026	152992	26137	136067
743	18S	743	9295	27088	4823	19115	7423	11352
744	18S	744	2443	10303	1166	8706	2960	4879
745	18S	745	8752	22561	3388	14259	5713	9424
746	18S	746	10464	27093	6558	13790	7468	9021
747	18S	747	7234	15928	2615	36089	6020	15001
748	18S	748	7598	16282	3587	18540	5557	7549
749	18S	749	6924	26762	3742	30344	6481	9651
750	18S	750	4202	18361	2064	22214	4626	4545
751	18S	751	2520	7382	1223	11695	3248	2711
752	18S	752	5681	15707	6451	18458	8204	7100
753	18S	753	4062	11231	3151	15658	4354	8155
754	18S	754	3228	15737	1472	21070	4240	9463
755	18S	755	3589	6953	3031	28011	8989	17589
756	18S	756	4251	9248	3941	24645	7032	10749
757	18S	757	8890	9508	9518	46332	18002	18585
758	18S	758	3178	11194	2443	22850	6085	6686
759	18S	759	4445	8023	4638	9481	3927	3200
760	18S	760	1286	3530	1296	5417	1213	903
761	18S	761	1970	3568	1535	11844	2853	2421
762	18S	762	830	11170	762	10346	1234	1211
763	18S	763	3177	12897	1740	24952	4329	4653
764	18S	764	999	21758	318	21058	1362	2293
765	18S	765	1194	13265	436	23232	1545	4626
766	18S	766	5266	42066	2380	25889	5477	7293
767	18S	767	11612	15307	10659	11091	7128	7539
768	18S	768	3349	6823	3790	10845	2939	4456
769	18S	769	1682	11427	2738	8835	2554	4329
770	18S	770	1813	6586	2823	22204	3798	11706
771	18S	771	897	4566	1018	19800	2217	6821
772	18S	772	406	1799	450	23404	3867	12879
773	18S	773	1129	17744	638	10816	1711	1885
774	18S	774	1508	6477	1362	8049	1971	2690
775	18S	775	80	1928	60	6113	740	1351
776	18S	776	3058	28846	1212	20367	4362	1780
777	18S	777	1226	20494	253	12688	1730	1290
778	18S	778	3747	7909	1525	7991	3992	2192
779	18S	779	4253	29211	1562	15062	5424	2640
780	18S	780	10145	13112	8042	12784	8296	8416
781	18S	781	1931	12832	1970	64542	11536	47279
782	18S	782	1829	10055	676	12618	1968	4460
783	18S	783	333	1091	234	1194	506	371
784	18S	784	882	6962	569	5805	931	684
785	18S	785	7125	8552	6536	9487	5724	3968
786	18S	786	504	5147	283	7073	548	782
787	18S	787	1579	4428	1214	8650	3497	2239
788	18S	788	6541	24279	3376	23143	9552	5844
789	18S	789	29084	18708	21489	48936	21510	23288
790	18S	790	7048	40943	1810	81026	14140	34269
791	18S	791	26057	21910	21788	30425	12253	12770
792	18S	792	17653	25103	10478	61475	13683	27440
793	18S	793	21494	17521	18829	28466	12886	11425
794	18S	794	11453	29812	4225	70384	10366	19163
795	18S	795	3124	6919	2728	9367	2690	3284
796	18S	796	2752	5384	1975	13545	2813	2341
797	18S	797	8267	12970	5485	30413	13220	5935
798	18S	798	1231	4440	772	6691	1551	853
799	18S	799	7619	10230	9752	25765	6658	6341
800	18S	800	1808	11966	592	45521	3181	7473
801	18S	801	416	2801	265	9933	618	912
802	18S	802	3001	8857	1789	27220	6074	1918
803	18S	803	3854	15212	2389	29036	6200	4866
804	18S	804	10113	18819	6624	73920	16609	36095
805	18S	805	9260	12211	4173	42910	14046	23338
806	18S	806	6165	7759	4317	17502	7769	7202
807	18S	807	7483	10827	6769	36728	14022	20622
808	18S	808	4046	13488	2644	35047	10083	19382
809	18S	809	1894	9386	1456	17231	3341	5536
810	18S	810	1868	7654	1156	85520	9642	33438
811	18S	811	2792	22770	2319	24143	6379	6712
812	18S	812	2939	4836	4674	36065	14346	24870
813	18S	813	1713	7587	1253	82955	16728	48888
814	18S	814	1315	4568	1532	12251	3404	3886
815	18S	815	224	1334	253	11230	1950	2074
816	18S	816	224	2168	132	5341	486	656
817	18S	817	9940	14415	8044	23197	9475	7947
818	18S	818	415	2297	245	11236	1914	2968
819	18S	819	3935	11732	1661	17510	6609	5349
820	18S	820	5640	6675	2563	9808	4970	3708
821	18S	821	1774	5279	1259	8657	2449	3123
822	18S	822	1307	5801	491	11395	1708	2405
823	18S	823	1118	5031	400	9766	1953	1119
824	18S	824	842	7836	326	10102	1579	1227
825	18S	825	4129	8046	1123	9031	4266	2457
826	18S	826	3155	7211	1540	10169	3938	3471
827	18S	827	1380	11858	454	21335	2628	5576
828	18S	828	1952	3931	1017	5926	2671	3697
829	18S	829	8908	6237	6065	13104	9135	8711
830	18S	830	3225	5978	1687	11434	4512	6091
831	18S	831	2198	7141	916	11146	3389	2823
832	18S	832	7651	13504	4264	22891	6939	6476
833	18S	833	1151	4401	441	9094	1589	1712
834	18S	834	1908	5283	1424	8737	2528	2122
835	18S	835	3206	22953	1166	32965	4531	8365
836	18S	836	1515	11447	578	24329	1985	5411
837	18S	837	662	5359	181	14466	1208	1211
838	18S	838	3148	17501	1417	37527	5091	5426
839	18S	839	4038	19683	824	32001	5105	9804
840	18S	840	13079	13938	4529	32188	8212	9141
841	18S	841	4866	7702	3125	15937	4812	5381
842	18S	842	1023	5313	690	9965	1252	3191
843	18S	843	5291	14098	3691	28598	5960	13387
844	18S	844	4495	22362	1953	48813	5886	14548
845	18S	845	682	7545	365	22267	1552	4243
846	18S	846	361	6951	76	9284	500	1807
847	18S	847	6624	45127	3137	47682	7892	11608
848	18S	848	6671	21777	3333	62409	9341	28871
849	18S	849	719	5546	415	9548	1130	3077
850	18S	850	6905	10386	9707	20182	7139	12899
851	18S	851	19697	15464	9150	62209	15984	37604
852	18S	852	1090	7821	474	21429	1659	4219
853	18S	853	3094	6917	1383	18419	4316	7311
854	18S	854	11042	31923	5194	29626	12159	9316
855	18S	855	2817	8864	1336	18825	3904	9118
856	18S	856	22270	37738	12697	107362	18319	80988
857	18S	857	2314	15348	753	50094	5756	19715
858	18S	858	2708	10159	1337	33054	4898	7440
859	18S	859	33691	77725	15330	169247	22380	106994
860	18S	860	12770	34645	5667	114728	17789	72198
861	18S	861	7468	14296	6125	29210	7488	14169
862	18S	862	4802	13016	5315	29353	5501	10837
863	18S	863	7471	10257	7004	49041	10158	19191
864	18S	864	3686	15125	2772	49283	5876	14263
865	18S	865	1367	15506	1003	22971	2265	5106
866	18S	866	1335	14825	711	37469	4015	4252
867	18S	867	338	10233	199	9420	900	962
868	18S	868	432	10905	303	13685	1070	3247
869	18S	869	10959	53709	12810	57222	12636	43424
870	18S	870	591	6472	273	16821	1528	3314
871	18S	871	219	1650	148	2231	361	270
872	18S	872	597	5559	390	9335	1673	609
873	18S	873	3693	18790	3453	36493	6387	1752
874	18S	874	336	2154	300	3371	602	493
875	18S	875	219	1999	195	3278	498	312
876	18S	876	510	9548	220	10010	1421	416
877	18S	877	691	12059	289	12689	2065	444
878	18S	878	526	12206	309	9938	1533	360
879	18S	879	4470	21737	4806	26386	8416	2093
880	18S	880	841	5294	1153	4193	1387	722
881	18S	881	4675	4819	8752	12719	8461	7945
882	18S	882	1227	2640	2228	12326	9412	7319
883	18S	883	1098	2254	970	5782	2122	1600
884	18S	884	2119	8288	1951	14815	4062	4472
885	18S	885	947	5000	862	15220	3828	5934
886	18S	886	5126	15512	2732	15798	8335	3795
887	18S	887	3615	7036	5624	9942	5224	4577
888	18S	888	2585	16059	1470	23286	5117	7895
889	18S	889	5896	11595	7528	14023	6364	5333
890	18S	890	1428	3953	1929	9128	2291	2655
891	18S	891	1868	6313	3228	15948	4366	6241
892	18S	892	2902	9933	4378	29948	9739	14929
893	18S	893	2778	20170	3173	37390	6079	11245
894	18S	894	362	7487	379	9868	950	1853
895	18S	895	659	5727	938	7717	1567	1326
896	18S	896	4140	21545	4734	18114	8297	2407
897	18S	897	522	2131	1249	4401	944	1307
898	18S	898	775	6059	2305	9545	1976	3134
899	18S	899	176	2922	309	7308	1327	1962
900	18S	900	1331	21714	1749	22259	4248	2854
901	18S	901	438	7322	502	16289	2273	3477
902	18S	902	2769	31160	2548	24902	6182	4669
903	18S	903	1648	52302	1490	29054	4126	6420
904	18S	904	5168	28460	3831	37032	9001	7182
905	18S	905	4520	62818	4287	36923	9859	16616
906	18S	906	4720	21239	4045	56924	12801	35889
907	18S	907	2004	11731	2516	43298	14267	36020
908	18S	908	4254	16431	3404	48320	11218	31485
909	18S	909	3659	16340	3729	17932	4956	6332
910	18S	910	922	5999	1286	7246	1267	2188
911	18S	911	2017	10142	3268	14215	3004	5004
912	18S	912	914	12887	845	13556	1863	2565
913	18S	913	215	2135	168	2777	517	452
914	18S	914	811	20705	486	21229	3149	1062
915	18S	915	16269	50673	11780	36926	16886	5764
916	18S	916	5914	18015	3486	18239	6409	6875
917	18S	917	3528	7375	2494	6163	4054	2643
918	18S	918	2053	4966	2504	4834	2778	1911
919	18S	919	5718	9669	10645	9391	6344	4750
920	18S	920	4129	10261	7245	25838	6802	12472
921	18S	921	622	3706	1101	6738	971	1781
922	18S	922	175	1896	306	1956	384	526
923	18S	923	3181	13830	4999	17032	6193	5056
924	18S	924	240	4201	360	13629	1849	4031
925	18S	925	834	2137	773	13694	2170	2942
926	18S	926	6343	14736	5765	19658	8352	6702
927	18S	927	1772	10307	1572	36465	4621	9320
928	18S	928	1222	7220	1870	8559	2259	4124
929	18S	929	2679	10261	3565	21581	4779	7643
930	18S	930	8824	15299	7777	194269	29739	125106
931	18S	931	842	3680	406	17232	3109	6224
932	18S	932	4891	11934	3903	22165	7336	12241
933	18S	933	6240	21620	8371	28131	6871	10768
934	18S	934	2249	8976	2301	27117	3510	7570
935	18S	935	598	10921	660	10532	1300	3361
936	18S	936	652	5432	1209	6822	1434	1849
937	18S	937	380	8841	541	6903	929	679
938	18S	938	952	3818	2046	6543	1954	1402
939	18S	939	1358	12650	1459	17005	2865	3909
940	18S	940	1553	7405	2791	33461	6540	13258
941	18S	941	1326	17238	1043	52428	3764	11243
942	18S	942	868	5318	871	23598	3814	8192
943	18S	943	587	11950	679	9712	1606	1029
944	18S	944	4807	10666	9100	25011	9732	11264
945	18S	945	5261	27576	3080	43600	5567	9812
946	18S	946	3353	23116	3776	38028	3638	7957
947	18S	947	225	6437	277	7203	450	1504
948	18S	948	327	5179	708	7048	878	1299
949	18S	949	3498	38786	5687	25634	5203	3273
950	18S	950	294	4663	1059	3120	391	887
951	18S	951	1716	10143	5976	14184	2541	4114
952	18S	952	1944	11058	3312	32711	6177	8205
953	18S	953	367	4234	377	9750	1073	1087
954	18S	954	171	9581	198	4646	778	113
955	18S	955	23020	47167	18938	26717	16260	3160
956	18S	956	1034	8334	545	18863	1852	3228
957	18S	957	3438	12208	1681	14178	5075	1711
958	18S	958	8494	25408	4531	18216	6925	2904
959	18S	959	1955	16784	2143	11890	2732	2922
960	18S	960	1538	17533	1349	12029	3399	3236
961	18S	961	3208	9695	5795	6738	3954	2471
962	18S	962	521	3601	848	6232	1367	1445
963	18S	963	4016	15871	12506	15786	7012	7888
964	18S	964	1450	11724	1817	16146	4734	5915
965	18S	965	1393	6709	2972	7176	2274	2738
966	18S	966	653	8292	2027	8552	1573	2869
967	18S	967	2924	13874	7054	37314	10764	14372
968	18S	968	2240	8991	4225	25545	7680	10072
969	18S	969	347	4966	909	6177	890	1632
970	18S	970	1132	11620	4421	16933	4164	5638
971	18S	971	1433	11791	1748	130542	14539	37669
972	18S	972	903	3593	1091	34699	4345	8235
973	18S	973	1357	35306	1794	54243	4009	7870
974	18S	974	26987	44936	42558	84107	25128	32566
975	18S	975	2618	9111	1614	32047	4277	4822
976	18S	976	1375	11929	2861	34097	2522	4115
977	18S	977	4078	63045	1185	144006	4994	26126
978	18S	978	3201	19373	4916	61843	7391	16021
979	18S	979	1216	9333	1787	45955	5366	11209
980	18S	980	2196	9506	1672	38954	6227	6804
981	18S	981	2697	32153	2655	29497	5036	2659
982	18S	982	2023	8220	3363	15593	2158	3696
983	18S	983	2131	12006	1894	20201	1669	2802
984	18S	984	517	9222	344	23511	1853	2393
985	18S	985	169	18866	72	9635	494	522
986	18S	986	1070	46533	506	30616	2069	1760
987	18S	987	214	10813	250	5769	468	719
988	18S	988	6026	47944	6304	36772	8675	9159
989	18S	989	4737	13158	5662	37623	11689	19546
990	18S	990	374	4510	398	7643	636	1961
991	18S	991	277	7136	391	9883	648	2647
992	18S	992	1831	20579	3243	18965	3612	5701
993	18S	993	1727	12029	2586	41900	5621	15169
994	18S	994	418	6371	442	47086	3780	14892
995	18S	995	5899	67164	9600	53080	7783	17591
996	18S	996	1347	46659	1051	62053	3189	18367
997	18S	997	212	3748	289	4079	407	1162
998	18S	998	4109	43165	5535	36236	6368	10287
999	18S	999	3413	22053	2297	57666	10172	35883
1000	18S	1000	826	11305	839	16553	1246	4830
1001	18S	1001	897	15832	1531	20972	1479	8858
1002	18S	1002	1054	15600	806	45678	3902	12888
1003	18S	1003	4243	67968	4976	42120	7178	9373
1004	18S	1004	386	11385	338	36616	5968	24540
1005	18S	1005	2073	13694	3304	15322	4293	5241
1006	18S	1006	2733	13540	3204	62657	7851	32198
1007	18S	1007	108	4639	94	4381	367	713
1008	18S	1008	467	4991	378	7980	1243	2401
1009	18S	1009	4765	45949	4018	38623	7459	3597
1010	18S	1010	417	4969	332	6824	615	1339
1011	18S	1011	248	3461	251	3717	637	1014
1012	18S	1012	4434	58958	3008	51630	7097	5985
1013	18S	1013	357	12435	524	10521	750	2130
1014	18S	1014	246	5036	364	18375	1552	8245
1015	18S	1015	3665	67487	2628	33365	7363	3199
1016	18S	1016	968	8017	880	9394	1336	3072
1017	18S	1017	3790	13941	3171	25118	6035	13501
1018	18S	1018	1493	9397	1754	10094	2059	4854
1019	18S	1019	1052	10930	1917	10400	1733	5323
1020	18S	1020	1735	20139	3757	37492	8291	26699
1021	18S	1021	1153	29807	1778	56159	7435	32366
1022	18S	1022	1623	34488	2494	28912	3039	12535
1023	18S	1023	9613	145993	29708	76510	13684	65811
1024	18S	1024	4836	74534	6767	68449	12078	53815
1025	18S	1025	1013	23466	1291	27405	2313	11924
1026	18S	1026	1494	17334	2483	47906	6840	29404
1027	18S	1027	1884	15711	3041	50968	9622	36359
1028	18S	1028	542	8911	442	25887	1877	9248
1029	18S	1029	2332	42243	1606	56866	3639	17107
1030	18S	1030	2192	30424	4070	36074	2764	10207
1031	18S	1031	84	3309	95	12087	654	3781
1032	18S	1032	132	5476	180	6207	290	900
1033	18S	1033	2106	100839	1734	81391	3655	11763
1034	18S	1034	102	9394	59	7296	231	1026
1035	18S	1035	130	4017	136	5873	612	1029
1036	18S	1036	3614	36921	1799	30385	5812	3577
1037	18S	1037	657	4957	701	15629	1226	5014
1038	18S	1038	1419	12985	2199	16056	1476	4962
1039	18S	1039	394	18341	772	25113	633	5177
1040	18S	1040	165	8107	86	16428	646	2288
1041	18S	1041	174	5068	95	6714	286	644
1042	18S	1042	68	1387	83	1269	152	183
1043	18S	1043	1399	17469	1903	9763	2728	2275
1044	18S	1044	1153	7690	2541	25729	4662	13297
1045	18S	1045	65	2333	55	1232	147	255
1046	18S	1046	450	2512	165	3333	702	547
1047	18S	1047	69	3701	105	3240	190	221
1048	18S	1048	106	1125	246	1035	394	387
1049	18S	1049	274	3650	328	1858	1087	507
1050	18S	1050	104	1312	172	754	232	114
1051	18S	1051	1152	9277	899	4389	2015	566
1052	18S	1052	1802	14688	818	8526	2738	819
1053	18S	1053	2621	16644	1650	12273	3463	1689
1054	18S	1054	10066	35281	3523	28086	7083	5906
1055	18S	1055	9304	26759	3274	28378	6603	9043
1056	18S	1056	8004	18590	3563	26219	5842	8357
1057	18S	1057	9921	28117	4924	44310	7041	15387
1058	18S	1058	10325	29308	5965	45707	7076	16804
1059	18S	1059	6139	16968	4791	21709	5089	8510
1060	18S	1060	5368	11455	3940	18131	3818	7972
1061	18S	1061	2775	11959	4003	20318	2607	7745
1062	18S	1062	6330	31579	7781	143813	12096	58862
1063	18S	1063	315	6509	241	24517	968	5304
1064	18S	1064	224	1898	188	2367	605	419
1065	18S	1065	360	9291	555	5195	585	1005
1066	18S	1066	243	4706	335	10112	563	2291
1067	18S	1067	104	3848	79	2928	197	665
1068	18S	1068	129	1325	176	2354	198	620
1069	18S	1069	305	2682	1092	2951	397	1264
1070	18S	1070	49	809	89	2791	119	674
1071	18S	1071	667	3841	1291	3099	865	1157
1072	18S	1072	25	651	32	980	207	202
1073	18S	1073	236	3356	134	3635	427	301
1074	18S	1074	239	7064	252	5999	445	617
1075	18S	1075	122	4729	38	3934	183	540
1076	18S	1076	6458	9240	2198	27343	6965	13515
1077	18S	1077	168	1607	166	7551	429	1719
1078	18S	1078	375	1879	201	5766	630	992
1079	18S	1079	208	3252	243	3014	370	705
1080	18S	1080	501	4910	477	4891	693	1157
1081	18S	1081	3372	6305	4195	12194	2649	3818
1082	18S	1082	113	2590	95	5946	211	803
1083	18S	1083	207	2417	138	5468	210	715
1084	18S	1084	505	11286	311	17008	910	2278
1085	18S	1085	268	3497	255	11921	548	1524
1086	18S	1086	1220	15647	964	21038	1838	3282
1087	18S	1087	500	7972	336	19325	1352	4722
1088	18S	1088	2068	11904	1831	23728	3683	8047
1089	18S	1089	2834	9259	1998	25071	4864	7649
1090	18S	1090	1133	4442	964	13374	952	2056
1091	18S	1091	259	2588	361	5542	511	1339
1092	18S	1092	1208	6051	939	65577	5893	11214
1093	18S	1093	472	7664	132	33226	892	3489
1094	18S	1094	219	2240	111	13127	763	1539
1095	18S	1095	1027	10584	543	14236	2077	1138
1096	18S	1096	897	1667	242	7852	662	963
1097	18S	1097	902	3416	270	8801	748	1097
1098	18S	1098	659	4396	332	9668	549	906
1099	18S	1099	208	4814	34	10198	299	859
1100	18S	1100	127	5230	25	9938	189	487
1101	18S	1101	148	7697	33	10158	333	334
1102	18S	1102	96	3762	36	5069	180	529
1103	18S	1103	486	9490	153	9650	989	883
1104	18S	1104	231	2880	127	3165	258	336
1105	18S	1105	123	583	92	2374	79	203
1106	18S	1106	112	738	51	1600	69	98
1107	18S	1107	19	329	16	648	40	5
1108	18S	1108	28	787	2	641	47	25
1109	18S	1109	73	942	23	1227	141	7
1110	18S	1110	88	1004	49	1518	211	37
1111	18S	1111	52	497	10	782	85	58
1112	18S	1112	242	807	161	2260	513	102
1113	18S	1113	1075	1313	339	4465	1354	243
1114	18S	1114	653	360	139	3074	812	342
1115	18S	1115	575	1282	123	2220	566	175
1116	18S	1116	1547	1155	552	4027	1101	514
1117	18S	1117	269	759	12	18281	2355	2420
1118	18S	1118	41	168	15	544	65	16
1119	18S	1119	91	1481	17	2207	144	124
1120	18S	1120	441	2786	157	2457	590	323
1121	18S	1121	49	351	21	726	66	51
1122	18S	1122	90	184	38	533	150	112
1123	18S	1123	20	424	22	477	53	84
1124	18S	1124	170	282	173	1421	626	316
1125	18S	1125	45	189	30	1223	266	215
1126	18S	1126	70	175	25	831	196	35
1127	18S	1127	1219	948	225	4557	1038	212
1128	18S	1128	1605	976	152	4001	1276	250
1129	18S	1129	182	354	33	907	238	81
1130	18S	1130	511	401	184	1967	447	107
1131	18S	1131	630	1494	94	4055	525	419
1132	18S	1132	721	866	336	5287	1928	1249
1133	18S	1133	1002	837	474	5929	3115	1878
1134	18S	1134	351	676	80	6339	601	779
1135	18S	1135	1223	673	660	4579	1427	901
1136	18S	1136	1267	435	596	3478	899	584
1137	18S	1137	361	246	160	1829	417	297
1138	18S	1138	431	537	220	4707	643	879
1139	18S	1139	433	1077	115	11333	1041	1234
1140	18S	1140	167	537	19	91580	5949	7614
1141	18S	1141	231	341	84	6476	424	631
1142	18S	1142	509	546	149	6751	1116	1539
1143	18S	1143	1268	649	662	13958	2274	5443
1144	18S	1144	1477	1151	751	21640	1690	5472
1145	18S	1145	135	222	65	3935	181	560
1146	18S	1146	40	113	15	1636	66	166
1147	18S	1147	678	1410	548	10531	1524	2219
1148	18S	1148	127	340	28	3888	151	600
1149	18S	1149	106	354	48	1944	130	136
1150	18S	1150	38	263	22	1184	82	105
1151	18S	1151	260	1450	188	5293	454	617
1152	18S	1152	193	919	131	6990	377	1285
1153	18S	1153	40	321	24	2111	101	198
1154	18S	1154	97	1175	22	3657	156	124
1155	18S	1155	117	474	72	1504	126	247
1156	18S	1156	124	825	68	2020	187	264
1157	18S	1157	462	937	226	5084	783	1178
1158	18S	1158	385	332	102	2641	305	846
1159	18S	1159	28	129	27	592	38	169
1160	18S	1160	234	343	311	2465	456	872
1161	18S	1161	285	346	119	2394	225	544
1162	18S	1162	223	360	82	3019	125	407
1163	18S	1163	609	665	166	8732	314	1336
1164	18S	1164	30	88	27	913	30	86
1165	18S	1165	68	342	51	2152	100	180
1166	18S	1166	185	884	130	5075	194	501
1167	18S	1167	109	183	60	1682	88	395
1168	18S	1168	73	428	49	2619	51	439
1169	18S	1169	77	214	17	1830	55	171
1170	18S	1170	122	503	40	2896	115	309
1171	18S	1171	14	285	18	708	22	45
1172	18S	1172	45	74	10	2074	118	182
1173	18S	1173	30	232	14	603	49	45
1174	18S	1174	23	48	20	357	31	44
1175	18S	1175	21	70	17	328	36	35
1176	18S	1176	70	65	24	463	69	54
1177	18S	1177	21	141	11	691	22	11
1178	18S	1178	20	99	21	399	35	40
1179	18S	1179	190	830	156	2281	553	135
1180	18S	1180	147	560	118	1731	286	160
1181	18S	1181	630	685	839	2922	1107	525
1182	18S	1182	732	324	665	2585	707	455
1183	18S	1183	2063	418	1052	7053	1320	1172
1184	18S	1184	12447	1614	5504	28730	7174	4774
1185	18S	1185	7521	2195	2781	25626	4918	5113
1186	18S	1186	5276	2038	2451	19394	3332	3469
1187	18S	1187	414	521	136	4765	383	489
1188	18S	1188	114	199	86	1102	146	134
1189	18S	1189	1547	2324	1609	6822	2439	1269
1190	18S	1190	1183	2599	1483	10389	1698	1759
1191	18S	1191	15878	14502	18881	37381	14670	10244
1192	18S	1192	124101	420301	205237	666111	31401	130362
1193	18S	1193	2810	15950	6971	23380	3640	4612
1194	18S	1194	2295	7941	4895	42942	11728	21247
1195	18S	1195	642	1934	1290	5273	1033	917
1196	18S	1196	3580	11061	25721	15741	4177	4752
1197	18S	1197	449	4732	332	6854	425	886
1198	18S	1198	644	8252	639	9954	717	1208
1199	18S	1199	339	6390	266	5996	495	532
1200	18S	1200	1374	5414	7079	3879	1928	271
1201	18S	1201	808	7381	1052	7020	2245	946
1202	18S	1202	1894	12895	1304	7695	2287	1923
1203	18S	1203	1147	6843	2564	7229	2940	3470
1204	18S	1204	1335	5112	1578	7845	2930	3797
1205	18S	1205	533	3461	569	4080	747	1060
1206	18S	1206	3165	8565	2293	5081	3268	1979
1207	18S	1207	90	880	126	462	120	163
1208	18S	1208	571	2100	1948	2244	1164	919
1209	18S	1209	355	1051	787	1784	769	1030
1210	18S	1210	67	675	119	313	111	88
1211	18S	1211	733	4678	1341	3411	1472	1191
1212	18S	1212	161	2307	343	1511	349	264
1213	18S	1213	220	2292	491	1069	533	94
1214	18S	1214	6679	14656	9329	7795	6442	517
1215	18S	1215	398	1937	700	737	542	267
1216	18S	1216	462	2243	746	1183	674	338
1217	18S	1217	239	2003	309	938	287	351
1218	18S	1218	229	1726	232	3990	1349	1821
1219	18S	1219	4375	9740	3383	4819	5110	1912
1220	18S	1220	706	6018	472	11990	3303	6759
1221	18S	1221	6978	10916	10700	6848	5453	4157
1222	18S	1222	379	3408	648	3497	919	2082
1223	18S	1223	1099	2870	3194	2697	1850	1812
1224	18S	1224	1095	754	3556	2417	3629	1941
1225	18S	1225	515	668	1004	1940	1370	1073
1226	18S	1226	1208	3992	1040	4559	1385	1973
1227	18S	1227	1131	5476	500	14633	4483	6687
1228	18S	1228	108	617	123	8174	2283	2178
1229	18S	1229	126	843	131	1091	429	139
1230	18S	1230	1505	3489	1588	3653	2170	1310
1231	18S	1231	2493	9067	1641	9407	3049	4299
1232	18S	1232	130	808	177	958	233	403
1233	18S	1233	79	481	134	497	175	216
1234	18S	1234	4951	10359	4427	6458	5681	3128
1235	18S	1235	540	4631	484	3603	931	1886
1236	18S	1236	471	2961	911	2662	1005	1966
1237	18S	1237	100	565	154	1460	495	666
1238	18S	1238	1980	5040	1736	3201	3471	1749
1239	18S	1239	984	3598	1707	3333	2763	3691
1240	18S	1240	278	1118	328	1238	467	1090
1241	18S	1241	77	531	193	776	204	416
1242	18S	1242	406	4703	458	2543	1062	1033
1243	18S	1243	41	642	45	725	165	332
1244	18S	1244	330	5003	272	2530	955	737
1245	18S	1245	75	1110	101	1422	391	783
1246	18S	1246	204	4496	235	2655	2160	1439
1247	18S	1247	807	2475	2242	22110	18396	40926
1248	18S	1248	515	2335	520	2148	898	959
1249	18S	1249	842	4328	783	2534	1505	2050
1250	18S	1250	811	3070	2785	2010	1392	1754
1251	18S	1251	868	2840	1439	1855	1362	1457
1252	18S	1252	704	6517	763	4358	955	1861
1253	18S	1253	7798	30205	3020	22098	7235	14224
1254	18S	1254	3419	29023	585	37337	4034	17062
1255	18S	1255	313	2414	297	3425	627	995
1256	18S	1256	8230	27489	4225	25133	8754	17532
1257	18S	1257	3437	15507	1432	14629	3875	9695
1258	18S	1258	2055	9122	788	9154	2362	5467
1259	18S	1259	985	4965	1159	7139	1243	2693
1260	18S	1260	365	3281	300	5418	447	1420
1261	18S	1261	225	2103	325	2432	388	1039
1262	18S	1262	138	3175	235	2311	330	486
1263	18S	1263	81	1457	140	1111	147	221
1264	18S	1264	78	2136	156	1185	161	110
1265	18S	1265	66	1001	218	480	186	142
1266	18S	1266	368	4861	423	2228	1318	492
1267	18S	1267	106	1469	174	717	192	239
1268	18S	1268	131	1967	165	636	340	213
1269	18S	1269	534	10079	424	3591	2671	426
1270	18S	1270	168	3240	229	2006	348	429
1271	18S	1271	186	4411	201	1996	458	894
1272	18S	1272	539	14750	1807	4249	1975	1028
1273	18S	1273	623	2801	1117	1698	2236	495
1274	18S	1274	126	2518	236	855	320	148
1275	18S	1275	1070	2983	4206	3703	2894	2536
1276	18S	1276	160	1137	263	1652	380	745
1277	18S	1277	57	618	113	416	124	76
1278	18S	1278	54	3572	87	933	331	48
1279	18S	1279	600	10313	807	3341	1852	542
1280	18S	1280	616	4116	472	2704	573	580
1281	18S	1281	299	4354	329	6237	565	1768
1282	18S	1282	1286	9137	4047	5392	2918	2169
1283	18S	1283	955	3107	1948	3468	1740	2068
1284	18S	1284	1385	5515	1205	8637	1428	2667
1285	18S	1285	856	4252	576	4453	1235	2489
1286	18S	1286	1219	2001	2070	3318	1534	1134
1287	18S	1287	233	1294	567	2325	418	411
1288	18S	1288	234	1179	571	2982	582	924
1289	18S	1289	246	2843	482	1685	632	364
1290	18S	1290	86	690	295	974	156	299
1291	18S	1291	44	292	156	351	95	86
1292	18S	1292	106	980	464	589	262	146
1293	18S	1293	142	1729	323	993	320	308
1294	18S	1294	33	317	258	211	69	113
1295	18S	1295	363	2181	765	1515	1147	172
1296	18S	1296	129	2665	526	968	425	179
1297	18S	1297	136	2280	379	1387	604	874
1298	18S	1298	294	5873	487	2535	1108	702
1299	18S	1299	145	882	446	668	413	231
1300	18S	1300	2090	7339	4902	3477	4602	2270
1301	18S	1301	583	2368	1106	1570	1012	968
1302	18S	1302	912	4291	2121	3067	1458	1755
1303	18S	1303	96	1459	145	862	153	343
1304	18S	1304	237	1830	372	1150	423	434
1305	18S	1305	738	14243	914	4895	1685	809
1306	18S	1306	115	3363	238	1476	276	462
1307	18S	1307	190	2803	520	2121	519	1102
1308	18S	1308	290	2287	822	1671	605	612
1309	18S	1309	538	9408	851	4593	1058	1188
1310	18S	1310	1013	3569	2284	2213	1715	1839
1311	18S	1311	1570	2513	3467	2353	2303	1519
1312	18S	1312	171	763	386	443	352	305
1313	18S	1313	1590	1949	3902	6093	4348	4694
1314	18S	1314	561	3075	1193	4758	1144	1960
1315	18S	1315	155	3938	216	2302	471	878
1316	18S	1316	159	2625	467	1734	436	618
1317	18S	1317	110	4868	118	3333	475	602
1318	18S	1318	66	1263	189	1175	265	462
1319	18S	1319	2557	8874	4860	11019	8587	8085
1320	18S	1320	292	2720	361	3581	2002	2556
1321	18S	1321	621	4006	1442	3052	1067	1573
1322	18S	1322	1161	3023	5201	4872	2979	4218
1323	18S	1323	190	1646	364	2622	396	913
1324	18S	1324	166	719	285	720	395	359
1325	18S	1325	288	8659	1039	3817	1043	721
1326	18S	1326	1260	3462	5487	10675	6297	9359
1327	18S	1327	65	1221	126	1574	186	746
1328	18S	1328	472	5880	543	3046	1082	753
1329	18S	1329	238	17260	457	5474	566	1043
1330	18S	1330	72	1749	149	1906	379	756
1331	18S	1331	910	14838	2659	4050	2686	1510
1332	18S	1332	131	2195	436	3022	696	1655
1333	18S	1333	274	4207	937	2924	804	1414
1334	18S	1334	1782	9139	2981	7234	3216	5306
1335	18S	1335	458	3532	767	2008	816	1295
1336	18S	1336	250	4443	894	1971	454	1108
1337	18S	1337	448	2936	1577	5740	2185	5014
1338	18S	1338	389	2556	667	5070	950	2527
1339	18S	1339	156	4150	214	1815	319	610
1340	18S	1340	513	3870	1214	2090	938	2040
1341	18S	1341	1443	4705	3381	3146	2445	3368
1342	18S	1342	272	5307	449	4133	679	1934
1343	18S	1343	711	2770	1595	2264	1276	1882
1344	18S	1344	1002	2741	2915	3237	1976	2433
1345	18S	1345	342	1352	956	2430	947	1890
1346	18S	1346	731	1944	2522	4829	2409	4588
1347	18S	1347	505	3016	1277	10423	4073	9772
1348	18S	1348	231	2161	538	1995	421	863
1349	18S	1349	40	406	164	971	203	653
1350	18S	1350	59	518	68	463	119	183
1351	18S	1351	21	486	39	382	57	128
1352	18S	1352	17	670	37	284	65	65
1353	18S	1353	123	2836	167	1341	388	272
1354	18S	1354	165	1055	322	645	356	370
1355	18S	1355	151	2744	342	1229	293	369
1356	18S	1356	225	1957	489	1130	475	860
1357	18S	1357	249	4950	331	3567	509	1026
1358	18S	1358	164	1068	433	1913	472	1095
1359	18S	1359	117	461	265	465	289	273
1360	18S	1360	598	1479	2497	1966	1989	2295
1361	18S	1361	296	1915	753	2068	1153	1843
1362	18S	1362	128	1283	549	890	293	611
1363	18S	1363	120	1842	246	1602	332	409
1364	18S	1364	113	2702	251	1274	337	280
1365	18S	1365	86	3119	238	847	205	267
1366	18S	1366	31	1277	101	581	136	214
1367	18S	1367	47	606	146	431	102	135
1368	18S	1368	226	1449	410	913	434	282
1369	18S	1369	789	3882	1314	1635	1333	966
1370	18S	1370	481	1759	650	1111	890	591
1371	18S	1371	553	2639	1878	1239	1222	962
1372	18S	1372	395	3789	1176	9597	3243	5718
1373	18S	1373	117	1680	289	647	180	358
1374	18S	1374	65	1133	177	498	151	447
1375	18S	1375	541	2938	2005	1861	1172	1833
1376	18S	1376	95	3641	144	3810	299	861
1377	18S	1377	471	3525	1965	3103	1489	1976
1378	18S	1378	495	4189	2411	3188	1179	1957
1379	18S	1379	96	1250	374	1380	298	444
1380	18S	1380	379	2021	1238	1611	644	700
1381	18S	1381	480	1698	1573	1945	709	650
1382	18S	1382	141	790	516	995	281	201
1383	18S	1383	177	822	665	1282	408	400
1384	18S	1384	81	4481	231	1368	255	246
1385	18S	1385	51	2119	211	2157	364	376
1386	18S	1386	24	1403	40	384	46	44
1387	18S	1387	187	3530	294	2141	368	223
1388	18S	1388	2074	23769	2838	8172	3058	1294
1389	18S	1389	522	4471	904	5621	1013	2522
1390	18S	1390	119	1592	283	661	240	505
1391	18S	1391	712	3690	2658	3132	1191	1554
1392	18S	1392	262	2812	1066	3222	939	2222
1393	18S	1393	64	1959	111	2079	134	478
1394	18S	1394	56	1016	98	1042	125	102
1395	18S	1395	179	3843	396	2776	571	508
1396	18S	1396	358	3864	634	2314	1660	1030
1397	18S	1397	273	1961	950	1636	680	754
1398	18S	1398	766	2891	2749	2017	1309	1144
1399	18S	1399	145	2360	534	1755	477	726
1400	18S	1400	314	2073	1871	2933	835	1057
1401	18S	1401	22	1014	124	1964	317	753
1402	18S	1402	28	880	128	1251	153	242
1403	18S	1403	142	7201	273	3124	368	326
1404	18S	1404	52	426	143	337	91	118
1405	18S	1405	15	306	83	217	51	70
1406	18S	1406	329	3170	1784	2527	735	755
1407	18S	1407	73	1176	197	1356	295	595
1408	18S	1408	30	373	133	409	66	85
1409	18S	1409	39	1240	87	1063	116	192
1410	18S	1410	677	4043	1444	3223	1397	740
1411	18S	1411	133	1719	414	2815	578	897
1412	18S	1412	174	1186	401	2952	581	896
1413	18S	1413	1560	9491	2658	5032	2553	1133
1414	18S	1414	420	2394	2503	2369	580	842
1415	18S	1415	99	793	253	748	188	218
1416	18S	1416	135	993	452	728	232	179
1417	18S	1417	103	5682	546	2118	326	334
1418	18S	1418	89	2512	173	2680	277	519
1419	18S	1419	237	3416	671	1995	598	727
1420	18S	1420	604	2515	2072	2177	1263	947
1421	18S	1421	317	2515	1311	1851	704	1582
1422	18S	1422	1193	4338	4999	5145	5476	4705
1423	18S	1423	474	4519	1242	4020	1694	2675
1424	18S	1424	471	4490	1900	3318	1027	1304
1425	18S	1425	1363	7796	5257	6177	3550	4576
1426	18S	1426	100	5230	397	2669	237	992
1427	18S	1427	650	29234	1845	11299	1597	3612
1428	18S	1428	53	10441	103	5192	485	1456
1429	18S	1429	313	14637	350	5173	819	544
1430	18S	1430	414	15674	686	3779	1113	609
1431	18S	1431	285	4361	526	3015	485	1156
1432	18S	1432	104	4386	203	2123	249	646
1433	18S	1433	202	3653	606	2129	326	601
1434	18S	1434	40	7818	91	1890	154	247
1435	18S	1435	47	1853	137	1181	149	236
1436	18S	1436	479	17123	2061	6318	1218	1261
1437	18S	1437	37	1557	105	1154	120	536
1438	18S	1438	27	1248	51	568	66	290
1439	18S	1439	204	6989	337	2281	447	579
1440	18S	1440	233	3855	405	1593	385	840
1441	18S	1441	121	4644	539	1553	233	911
1442	18S	1442	399	17227	1759	3581	884	3405
1443	18S	1443	899	29657	4138	7304	1691	8271
1444	18S	1444	79	5282	363	1515	147	930
1445	18S	1445	28	1388	91	1964	165	870
1446	18S	1446	957	9747	3025	3553	2157	2025
1447	18S	1447	136	3782	185	5026	298	1592
1448	18S	1448	99	2472	161	1702	263	664
1449	18S	1449	487	19438	842	7785	1420	1466
1450	18S	1450	298	3065	768	2393	471	1037
1451	18S	1451	173	2034	407	2506	201	1131
1452	18S	1452	125	5528	288	2915	221	836
1453	18S	1453	34	3232	135	1294	85	211
1454	18S	1454	15	3275	50	564	33	44
1455	18S	1455	26	4111	67	1119	76	234
1456	18S	1456	78	3798	218	1030	126	474
1457	18S	1457	69	2686	205	1100	139	486
1458	18S	1458	115	1783	226	554	179	305
1459	18S	1459	61	8742	217	1812	146	199
1460	18S	1460	492	6048	4140	3189	883	1955
1461	18S	1461	47	2288	226	2499	237	626
1462	18S	1462	190	2879	539	1254	308	358
1463	18S	1463	69	12331	150	3023	179	443
1464	18S	1464	143	9618	606	3099	354	1016
1465	18S	1465	76	21659	209	6421	359	476
1466	18S	1466	297	15497	1025	7591	848	1713
1467	18S	1467	67	6473	109	1747	102	466
1468	18S	1468	643	9108	1296	5867	1166	2690
1469	18S	1469	1241	7495	4636	4011	2297	2381
1470	18S	1470	282	2747	470	4717	606	1379
1471	18S	1471	363	5585	2782	2806	681	1576
1472	18S	1472	323	3833	884	5549	579	1941
1473	18S	1473	65	1831	121	1066	153	253
1474	18S	1474	39	1424	173	702	84	127
1475	18S	1475	455	11478	3146	4317	1169	1202
1476	18S	1476	12	684	67	666	39	160
1477	18S	1477	19	1318	126	723	61	142
1478	18S	1478	92	2374	233	1554	243	384
1479	18S	1479	57	3564	402	1531	173	263
1480	18S	1480	76	1678	146	1280	225	334
1481	18S	1481	393	13230	864	3609	894	765
1482	18S	1482	19	1118	135	713	60	344
1483	18S	1483	98	2501	406	2714	264	1353
1484	18S	1484	336	5763	730	5872	1107	1382
1485	18S	1485	23	5005	53	1586	56	153
1486	18S	1486	142	3123	914	2548	403	478
1487	18S	1487	23	2909	54	962	83	109
1488	18S	1488	50	1354	292	2662	350	815
1489	18S	1489	624	13592	1032	7577	3417	2527
1490	18S	1490	220	3151	565	3763	1076	1371
1491	18S	1491	328	6808	1413	5149	1231	2221
1492	18S	1492	39	2521	210	727	129	269
1493	18S	1493	182	3122	1428	11939	2761	5515
1494	18S	1494	24	1153	129	6093	587	1885
1495	18S	1495	64	1588	380	1588	207	582
1496	18S	1496	87	3062	412	1565	182	423
1497	18S	1497	27	2196	157	1106	82	232
1498	18S	1498	3	768	51	225	17	23
1499	18S	1499	13	3446	123	627	44	84
1500	18S	1500	45	2075	220	829	130	277
1501	18S	1501	11	911	130	367	29	172
1502	18S	1502	19	867	179	541	44	267
1503	18S	1503	53	6769	423	2746	222	1055
1504	18S	1504	3	670	28	1426	160	318
1505	18S	1505	70	15164	372	4651	269	393
1506	18S	1506	7	629	17	758	61	106
1507	18S	1507	43	3101	170	1221	87	147
1508	18S	1508	108	3176	477	1110	214	233
1509	18S	1509	45	1132	379	588	119	239
1510	18S	1510	72	3014	315	1234	147	312
1511	18S	1511	33	2942	89	1197	79	252
1512	18S	1512	34	2096	149	910	64	106
1513	18S	1513	57	5266	232	1424	117	258
1514	18S	1514	228	10009	893	3118	547	762
1515	18S	1515	15	1198	171	372	65	113
1516	18S	1516	170	2559	1589	3325	1098	2292
1517	18S	1517	100	4343	533	4397	884	2057
1518	18S	1518	102	3142	408	2022	149	516
1519	18S	1519	131	5986	525	2367	248	788
1520	18S	1520	28	3409	88	1266	91	244
1521	18S	1521	77	3455	314	1854	326	542
1522	18S	1522	114	9266	167	2803	582	439
1523	18S	1523	546	12286	1063	4535	1711	812
1524	18S	1524	93	14924	70	1779	379	203
1525	18S	1525	140	5497	614	4951	551	1357
1526	18S	1526	103	5219	392	4693	487	1502
1527	18S	1527	22	705	43	686	56	149
1528	18S	1528	24	1445	180	398	49	127
1529	18S	1529	66	2239	155	1016	134	216
1530	18S	1530	6	1534	50	560	33	66
1531	18S	1531	25	674	88	401	69	88
1532	18S	1532	294	6598	804	3425	682	728
1533	18S	1533	18	2871	96	1552	47	205
1534	18S	1534	6	519	19	276	23	19
1535	18S	1535	21	1683	56	819	79	93
1536	18S	1536	22	797	68	493	87	79
1537	18S	1537	56	1949	278	988	112	117
1538	18S	1538	69	1065	212	862	76	136
1539	18S	1539	3	604	46	353	16	22
1540	18S	1540	17	3323	44	1062	43	15
1541	18S	1541	38	4148	115	1947	104	77
1542	18S	1542	155	5944	501	3144	450	381
1543	18S	1543	247	8412	1446	2293	794	262
1544	18S	1544	248	2202	690	2861	943	1995
1545	18S	1545	123	2879	533	1989	237	465
1546	18S	1546	8	394	25	442	42	140
1547	18S	1547	64	2645	263	1526	205	308
1548	18S	1548	89	684	288	812	200	436
1549	18S	1549	52	683	204	322	166	96
1550	18S	1550	217	2123	1067	590	392	411
1551	18S	1551	236	5456	564	1592	466	599
1552	18S	1552	130	13587	170	3468	297	693
1553	18S	1553	137	18110	386	4479	352	1248
1554	18S	1554	485	16018	974	3886	1161	756
1555	18S	1555	244	5397	508	1990	410	950
1556	18S	1556	498	5253	2104	3930	1779	3340
1557	18S	1557	537	6640	814	6684	2370	5210
1558	18S	1558	286	5504	374	1816	474	869
1559	18S	1559	432	7498	1372	3265	755	1645
1560	18S	1560	35	2108	87	1213	103	712
1561	18S	1561	46	1895	57	922	65	224
1562	18S	1562	10	690	26	324	32	77
1563	18S	1563	30	3078	54	1008	62	178
1564	18S	1564	116	2034	187	1507	260	837
1565	18S	1565	28	884	53	1059	147	357
1566	18S	1566	54	1185	108	695	109	256
1567	18S	1567	605	2067	835	1408	545	734
1568	18S	1568	31	449	68	259	33	125
1569	18S	1569	168	1235	462	1048	192	354
1570	18S	1570	311	1327	976	1947	580	1159
1571	18S	1571	35	379	36	472	35	120
1572	18S	1572	23	604	38	463	30	77
1573	18S	1573	89	7682	183	2914	313	235
1574	18S	1574	32	581	38	578	117	92
1575	18S	1575	370	1652	289	1382	442	168
1576	18S	1576	304	2167	447	1303	451	442
1577	18S	1577	147	1364	384	1502	561	1097
1578	18S	1578	83	2030	129	1306	141	500
1579	18S	1579	149	2078	224	894	198	321
1580	18S	1580	174	1215	162	793	113	204
1581	18S	1581	35	1408	27	509	47	100
1582	18S	1582	348	2071	255	1025	275	667
1583	18S	1583	84	2048	105	1365	114	215
1584	18S	1584	33	938	22	556	85	169
1585	18S	1585	218	12969	206	2432	541	232
1586	18S	1586	78	1896	78	787	74	147
1587	18S	1587	18	1332	58	1034	52	339
1588	18S	1588	22	768	22	538	48	183
1589	18S	1589	25	2765	16	573	34	27
1590	18S	1590	78	1127	85	425	103	124
1591	18S	1591	14	892	14	191	19	54
1592	18S	1592	135	1735	171	1345	272	562
1593	18S	1593	22	906	15	711	52	244
1594	18S	1594	21	699	15	603	68	256
1595	18S	1595	176	5274	176	1007	422	264
1596	18S	1596	19	488	19	270	25	52
1597	18S	1597	268	1982	480	1680	518	1169
1598	18S	1598	293	1584	229	1004	422	521
1599	18S	1599	26	471	11	183	26	42
1600	18S	1600	44	933	38	692	86	285
1601	18S	1601	10	178	7	333	44	176
1602	18S	1602	24	1163	28	360	30	52
1603	18S	1603	21	419	34	171	29	69
1604	18S	1604	5	188	0	76	14	30
1605	18S	1605	37	269	44	159	61	69
1606	18S	1606	10	410	6	159	30	18
1607	18S	1607	64	459	55	517	111	61
1608	18S	1608	372	2184	194	1430	486	353
1609	18S	1609	72	557	45	527	68	132
1610	18S	1610	29	218	45	211	53	30
1611	18S	1611	549	3066	560	1855	862	345
1612	18S	1612	99	711	21	675	116	286
1613	18S	1613	106	632	50	615	102	96
1614	18S	1614	550	1587	619	1705	542	325
1615	18S	1615	16	286	3	411	16	64
1616	18S	1616	25	240	6	249	18	76
1617	18S	1617	18	877	1	215	27	37
1618	18S	1618	17	66	21	108	49	28
1619	18S	1619	21	139	0	218	15	19
1620	18S	1620	28	217	7	593	24	50
1621	18S	1621	16	237	0	462	24	29
1622	18S	1622	4	77	0	97	4	11
1623	18S	1623	36	651	9	323	50	62
1624	18S	1624	50	214	20	361	66	95
1625	18S	1625	128	207	21	784	75	101
1626	18S	1626	162	333	48	697	141	135
1627	18S	1627	373	620	234	1136	342	228
1628	18S	1628	125	579	25	1673	117	224
1629	18S	1629	17	88	6	178	23	46
1630	18S	1630	324	1617	122	1596	278	190
1631	18S	1631	328	443	174	1165	214	175
1632	18S	1632	94	428	39	1918	75	231
1633	18S	1633	530	1076	476	2909	427	493
1634	18S	1634	17	150	19	359	25	72
1635	18S	1635	65	326	94	733	152	153
1636	18S	1636	20	145	14	433	52	65
1637	18S	1637	20	86	10	171	20	20
1638	18S	1638	6	38	1	75	10	20
1639	18S	1639	38	228	37	183	31	27
1640	18S	1640	985	4760	696	2157	1867	441
1641	18S	1641	7	93	13	122	25	14
1642	18S	1642	21	136	6	189	46	15
1643	18S	1643	82	777	23	389	130	12
1644	18S	1644	28	117	1	254	33	52
1645	18S	1645	53	150	8	386	64	68
1646	18S	1646	10	143	8	143	13	9
1647	18S	1647	119	75	32	491	414	188
1648	18S	1648	39	108	26	460	51	56
1649	18S	1649	36	63	13	487	59	57
1650	18S	1650	16	153	14	161	22	16
1651	18S	1651	38	96	32	329	29	65
1652	18S	1652	61	192	19	1210	140	258
1653	18S	1653	15	84	10	948	20	44
1654	18S	1654	13	46	7	336	35	20
1655	18S	1655	206	319	111	1355	468	111
1656	18S	1656	74	323	35	1174	234	214
1657	18S	1657	17	130	6	729	71	67
1658	18S	1658	41	101	32	452	101	134
1659	18S	1659	22	198	21	255	44	13
1660	18S	1660	55	318	78	1444	164	310
1661	18S	1661	5	117	3	405	15	47
1662	18S	1662	3	107	3	143	7	13
1663	18S	1663	7	98	9	222	17	13
1664	18S	1664	14	133	27	310	27	28
1665	18S	1665	13	111	3	183	15	23
1666	18S	1666	32	161	23	215	33	46
1667	18S	1667	13	88	13	270	13	39
1668	18S	1668	7	57	10	241	18	27
1669	18S	1669	2	66	2	124	6	6
1670	18S	1670	0	37	3	112	7	6
1671	18S	1671	21	344	4	460	33	41
1672	18S	1672	2	46	1	154	14	5
1673	18S	1673	4	97	0	129	13	7
1674	18S	1674	6	100	0	104	4	13
1675	18S	1675	6	59	7	116	9	10
1676	18S	1676	23	155	21	263	35	50
1677	18S	1677	5	66	2	147	7	16
1678	18S	1678	7	186	12	333	24	18
1679	18S	1679	6	58	0	229	16	17
1680	18S	1680	1	36	4	33	9	0
1681	18S	1681	57	435	26	409	120	77
1682	18S	1682	27	331	21	10070	3060	2866
1683	18S	1683	8	186	0	528	44	35
1684	18S	1684	4	161	1	301	29	51
1685	18S	1685	9	34	2	117	16	14
1686	18S	1686	21	193	18	522	50	105
1687	18S	1687	48	418	27	674	78	170
1688	18S	1688	60	520	70	869	108	375
1689	18S	1689	16	333	24	699	67	127
1690	18S	1690	3	55	9	851	107	153
1691	18S	1691	18	71	7	321	38	28
1692	18S	1692	1	11	0	117	13	9
1693	18S	1693	5	39	7	141	36	11
1694	18S	1694	16	33	2	317	32	20
1695	18S	1695	5	18	0	150	23	3
1696	18S	1696	2	41	0	83	4	3
1697	18S	1697	2	43	1	55	12	5
1698	18S	1698	6	50	2	73	17	0
1699	18S	1699	29	92	14	232	84	35
1700	18S	1700	2	48	7	77	12	9
1701	18S	1701	15	144	15	873	261	161
1702	18S	1702	21	244	30	1666	466	339
1703	18S	1703	0	26	0	392	38	28
1704	18S	1704	24	97	15	291	41	40
1705	18S	1705	7	49	4	124	23	35
1706	18S	1706	1	33	0	85	5	8
1707	18S	1707	36	90	24	383	99	54
1708	18S	1708	20	116	4	924	260	157
1709	18S	1709	4	24	0	106	17	21
1710	18S	1710	38	57	14	219	59	64
1711	18S	1711	0	12	1	56	3	7
1712	18S	1712	10	15	4	241	40	15
1713	18S	1713	1	5	0	604	142	24
1714	18S	1714	0	15	6	69	12	2
1715	18S	1715	1	7	0	32	17	8
1716	18S	1716	0	6	0	37	2	0
1717	18S	1717	0	4	0	18	6	0
1718	18S	1718	2	7	0	38	10	0
1719	18S	1719	10	14	5	113	23	9
1720	18S	1720	3	2	0	61	12	6
1721	18S	1721	22	18	6	106	93	22
1722	18S	1722	30	30	10	1073	1824	375
1723	18S	1723	14	35	11	202	170	37
1724	18S	1724	11	12	4	82	43	12
1725	18S	1725	3	14	0	42	4	3
1726	18S	1726	0	5	0	13	2	0
1727	18S	1727	8	3	0	33	8	10
1728	18S	1728	82	22	15	49	96	6
1729	18S	1729	3	10	2	110	26	15
1730	18S	1730	9	11	21	25	16	9
1731	18S	1731	26	7	17	169	160	57
1732	18S	1732	23	4	7	1128	2329	418
1733	18S	1733	4	4	0	66	27	13
1734	18S	1734	9	5	2	36	49	0
1735	18S	1735	7	5	0	45	6	0
1736	18S	1736	0	2	1	2	3	0
1737	18S	1737	2	1	0	10	0	1
1738	18S	1738	1	12	10	16	9	4
1739	18S	1739	3	4	0	3	2	0
1740	18S	1740	5	3	21	22	8	16
1741	18S	1741	3	2	2	6	5	14
1742	18S	1742	3	0	0	2	0	5
1743	18S	1743	2	0	0	3	1	0
1744	18S	1744	0	1	0	0	3	0
1745	18S	1745	0	0	0	2	0	0
1746	18S	1746	0	1	1	3	0	0
1747	18S	1747	0	0	0	11	0	0
1748	18S	1748	0	0	0	0	0	0
1749	18S	1749	0	1	0	5	1	0
1750	18S	1750	0	0	3	18	27	49
1751	18S	1751	0	0	2	9	3	6
1752	18S	1752	5	2	18	2	6	2
1753	18S	1753	0	0	1	0	3	0
1754	18S	1754	0	0	0	6	5	2
1755	18S	1755	5	0	8	13	6	25
1756	18S	1756	4	1	0	10	2	24
1757	18S	1757	0	0	0	6	4	10
1758	18S	1758	5	1	11	11	5	6
1759	18S	1759	1	0	0	2	0	0
1760	18S	1760	1	0	2	10	3	5
1761	18S	1761	3	3	0	13	9	15
1762	18S	1762	4	4	7	20	4	16
1763	18S	1763	12	1	14	35	38	63
1764	18S	1764	14	0	3	41	8	12
1765	18S	1765	8	1	15	25	3	15
1766	18S	1766	2	0	0	2	5	0
1767	18S	1767	1	0	0	1	0	0
1768	18S	1768	0	0	0	1	0	0
1769	18S	1769	2	0	0	7	0	0
1770	18S	1770	2	0	0	0	0	0
1771	18S	1771	0	0	0	0	0	0
1772	18S	1772	0	0	0	0	0	0
1773	18S	1773	0	0	0	0	0	0
1774	18S	1774	0	0	0	0	0	0
1775	18S	1775	0	0	0	0	0	0
1776	18S	1776	0	0	0	0	0	0
1777	18S	1777	0	0	0	0	0	0
1778	18S	1778	0	0	0	0	0	0
1779	18S	1779	0	0	0	0	0	0
1780	18S	1780	0	0	0	0	0	0
1781	18S	1781	0	0	0	0	0	0
1782	18S	1782	0	0	0	0	0	0
1783	18S	1783	0	0	0	0	0	0
1784	18S	1784	0	0	0	0	0	0
1785	18S	1785	0	0	0	0	0	0
1786	18S	1786	0	0	0	0	0	0
1787	18S	1787	0	0	0	0	0	0
1788	18S	1788	0	0	0	0	0	0
1789	18S	1789	0	0	0	0	0	0
1790	18S	1790	0	0	0	0	0	0
1791	18S	1791	0	0	0	0	0	0
1792	18S	1792	0	0	0	0	0	0
1793	18S	1793	0	0	0	0	0	0
1794	18S	1794	0	0	0	0	0	0
1795	18S	1795	0	0	0	0	0	0
1796	18S	1796	0	0	0	0	0	0
1797	18S	1797	0	0	0	0	0	0
1798	18S	1798	0	0	0	0	0	0
1799	18S	1799	0	0	0	0	0	0
1800	18S	1800	0	0	0	0	0	0
