gene	position	ETOH1	ET0H2	DMS1	DMS2
1	18S	1	209900	111031	97083	28175
2	18S	2	4404	2484	1519	3444
3	18S	3	4087	2491	2523	3248
4	18S	4	2959	4417	4262	1676
5	18S	5	761	2514	1554	639
6	18S	6	97	518	400	71
7	18S	7	517	1053	744	420
8	18S	8	2010	3030	1516	1147
9	18S	9	988	2984	2321	631
10	18S	10	307	817	668	259
11	18S	11	392	1542	503	399
12	18S	12	417	792	1844	1028
13	18S	13	625	1367	937	321
14	18S	14	530	3050	1766	340
15	18S	15	181	1433	750	135
16	18S	16	310	767	415	181
17	18S	17	692	3930	1387	392
18	18S	18	358	2079	1240	294
19	18S	19	667	2724	1851	543
20	18S	20	415	1267	1153	382
21	18S	21	3964	7440	3874	2425
22	18S	22	636	3620	1756	428
23	18S	23	1392	4389	4797	1113
24	18S	24	5631	10826	4853	4177
25	18S	25	608	4079	1930	843
26	18S	26	3865	5922	15517	11869
27	18S	27	2006	2874	4182	2493
28	18S	28	3735	11297	3561	2741
29	18S	29	400	3723	3777	1138
30	18S	30	568	1422	1224	672
31	18S	31	510	4564	1661	546
32	18S	32	2579	3468	3744	2016
33	18S	33	620	3141	2702	468
34	18S	34	817	1906	1629	638
35	18S	35	1970	7519	3181	1416
36	18S	36	864	3999	2650	555
37	18S	37	3272	3305	2661	2767
38	18S	38	1382	2351	1830	1201
39	18S	39	2661	5507	4152	2083
40	18S	40	2314	4746	8139	4364
41	18S	41	948	3253	5961	2366
42	18S	42	327	1887	5394	1404
43	18S	43	5582	10839	12126	9804
44	18S	44	1945	3057	3846	2859
45	18S	45	1922	3286	1757	1603
46	18S	46	1783	7133	2981	1472
47	18S	47	542	1992	4113	1210
48	18S	48	634	1321	2403	850
49	18S	49	811	2343	984	731
50	18S	50	657	983	873	607
51	18S	51	2082	1932	1708	1561
52	18S	52	257	775	2847	1029
53	18S	53	1340	1923	1370	1941
54	18S	54	184	1395	515	243
55	18S	55	3890	2071	3539	4458
56	18S	56	481	1392	3017	733
57	18S	57	680	1179	1353	955
58	18S	58	4217	4903	3558	6064
59	18S	59	1414	1835	2474	1480
60	18S	60	1861	1790	1435	1444
61	18S	61	1977	2532	2381	2208
62	18S	62	1001	3194	5969	2848
63	18S	63	1159	3907	6367	3895
64	18S	64	1524	15276	4211	3606
65	18S	65	1808	2595	1948	2391
66	18S	66	865	2215	21068	12524
67	18S	67	841	2807	2134	1589
68	18S	68	657	2974	48204	11637
69	18S	69	627	1800	5303	2086
70	18S	70	798	1962	2117	1903
71	18S	71	2046	3239	3513	2928
72	18S	72	3810	3007	14279	16789
73	18S	73	3855	4789	10905	8003
74	18S	74	2866	3972	4044	3878
75	18S	75	1753	3303	3237	2719
76	18S	76	2014	3103	1867	2880
77	18S	77	782	2263	13211	7447
78	18S	78	3600	4401	3400	3710
79	18S	79	547	2356	6455	1590
80	18S	80	1165	3897	5633	1843
81	18S	81	1064	2942	30137	8901
82	18S	82	1345	11552	10894	2785
83	18S	83	1509	4787	4597	3604
84	18S	84	600	10484	3423	1733
85	18S	85	1043	2232	20128	8991
86	18S	86	2030	3705	10335	5543
87	18S	87	392	1444	3648	831
88	18S	88	387	1887	2001	548
89	18S	89	554	1737	1922	722
90	18S	90	233	1614	1479	569
91	18S	91	2126	5055	6273	4492
92	18S	92	155	4977	1399	659
93	18S	93	2925	5483	12088	6555
94	18S	94	147	2007	3189	530
95	18S	95	290	2063	1608	626
96	18S	96	249	883	761	336
97	18S	97	960	3976	5050	1004
98	18S	98	4334	3726	4882	5547
99	18S	99	626	1154	1439	1302
100	18S	100	22521	11003	14552	19461
101	18S	101	4479	5143	8078	9987
102	18S	102	2346	3303	3264	3583
103	18S	103	1043	2650	2529	2399
104	18S	104	812	2176	16384	8032
105	18S	105	2192	3803	29362	19216
106	18S	106	1151	2246	7303	7153
107	18S	107	480	2231	1998	1366
108	18S	108	527	2392	3290	1490
109	18S	109	587	1143	5523	3152
110	18S	110	2401	5153	4270	4722
111	18S	111	424	774	876	888
112	18S	112	1409	1979	1501	2120
113	18S	113	3044	2675	6358	6788
114	18S	114	216	1269	1491	564
115	18S	115	1111	4343	3708	2578
116	18S	116	2896	5122	6468	3308
117	18S	117	2405	2742	3210	3207
118	18S	118	1403	1583	2626	2375
119	18S	119	2003	2449	2221	3202
120	18S	120	1443	3208	4343	2754
121	18S	121	2243	4158	4743	2961
122	18S	122	286	1066	1776	597
123	18S	123	438	1085	1626	1039
124	18S	124	1065	4120	2594	2674
125	18S	125	1469	2612	9897	8104
126	18S	126	550	3598	3869	1427
127	18S	127	469	2483	6067	2108
128	18S	128	933	3843	3953	1542
129	18S	129	764	1562	2026	1549
130	18S	130	294	1514	3164	1151
131	18S	131	1129	3501	7503	2691
132	18S	132	2964	6326	12070	6024
133	18S	133	2126	4157	9334	4315
134	18S	134	1208	2491	3578	2718
135	18S	135	4429	5249	14452	12419
136	18S	136	374	2534	17306	5974
137	18S	137	1547	3577	17455	11319
138	18S	138	3736	3568	4969	7801
139	18S	139	949	1527	6513	2652
140	18S	140	3052	6234	6426	4683
141	18S	141	612	4161	8004	1499
142	18S	142	254	1703	2394	466
143	18S	143	732	3393	4405	1872
144	18S	144	3381	7541	7727	5751
145	18S	145	5313	4159	5478	8202
146	18S	146	422	1668	5133	3442
147	18S	147	706	1808	1711	1556
148	18S	148	622	1253	7156	5134
149	18S	149	217	946	5747	2152
150	18S	150	226	1147	1966	592
151	18S	151	130	734	1139	245
152	18S	152	373	2940	4529	848
153	18S	153	182	1426	3226	379
154	18S	154	669	2126	5049	1888
155	18S	155	1760	2780	5635	3296
156	18S	156	1413	3291	6537	2457
157	18S	157	1391	2484	10345	5870
158	18S	158	1212	3000	9778	3856
159	18S	159	1048	2998	5664	3056
160	18S	160	400	2089	4559	1437
161	18S	161	1894	3637	11019	5427
162	18S	162	548	4691	6498	1236
163	18S	163	43	540	2270	376
164	18S	164	472	10073	8533	1600
165	18S	165	426	3813	8854	1752
166	18S	166	481	8768	6148	1104
167	18S	167	1067	3507	5527	3464
168	18S	168	1152	5385	6552	2928
169	18S	169	865	2970	9845	6454
170	18S	170	837	3392	12983	5110
171	18S	171	3055	5169	5500	5307
172	18S	172	344	2317	9653	1650
173	18S	173	2272	7533	7563	3825
174	18S	174	369	4294	13084	1808
175	18S	175	316	2039	4180	1000
176	18S	176	811	12267	14041	2457
177	18S	177	2566	8966	14571	6775
178	18S	178	2465	11098	11387	6080
179	18S	179	830	4501	13059	5246
180	18S	180	1595	7504	51487	11581
181	18S	181	360	4107	46888	8891
182	18S	182	1096	5384	87523	18319
183	18S	183	276	3101	18608	3834
184	18S	184	77	978	3471	1051
185	18S	185	1641	6834	19626	5070
186	18S	186	79	881	2095	213
187	18S	187	83	1116	2235	280
188	18S	188	1445	8984	18792	2818
189	18S	189	217	2015	9870	2313
190	18S	190	155	1662	3359	490
191	18S	191	368	1165	3025	1206
192	18S	192	694	2204	3882	2016
193	18S	193	849	3243	3785	2096
194	18S	194	206	1850	3183	652
195	18S	195	115	1481	2378	355
196	18S	196	191	1599	1703	475
197	18S	197	302	1770	1868	922
198	18S	198	232	1344	7310	1781
199	18S	199	153	1011	66194	7438
200	18S	200	319	3134	4458	1024
201	18S	201	40	479	2200	593
202	18S	202	1763	2914	4957	4594
203	18S	203	315	4568	12299	1677
204	18S	204	257	2313	3310	803
205	18S	205	1432	17973	16465	4664
206	18S	206	2923	10617	15351	6844
207	18S	207	755	5145	7775	2280
208	18S	208	1331	5107	6974	2875
209	18S	209	728	2614	4647	1864
210	18S	210	1590	4535	5564	3658
211	18S	211	676	3610	8277	3206
212	18S	212	957	5902	7245	2216
213	18S	213	540	4093	5749	1516
214	18S	214	280	3102	10124	1671
215	18S	215	3182	10115	12681	7238
216	18S	216	1485	4043	32411	14474
217	18S	217	1177	4436	9118	3615
218	18S	218	1064	5635	12935	3821
219	18S	219	794	6045	9000	2050
220	18S	220	827	6582	15408	3371
221	18S	221	656	6807	18557	2927
222	18S	222	1815	8140	28227	8350
223	18S	223	1545	5971	19667	6672
224	18S	224	625	4107	7081	1807
225	18S	225	325	4692	5357	948
226	18S	226	1949	9259	32727	7281
227	18S	227	125	3010	9461	564
228	18S	228	152	2151	2833	519
229	18S	229	1436	19945	16870	4585
230	18S	230	144	1127	2057	519
231	18S	231	169	2022	2358	548
232	18S	232	975	4894	4553	1726
233	18S	233	96	2798	5501	559
234	18S	234	26	971	1049	82
235	18S	235	154	2657	4281	621
236	18S	236	330	4714	3756	1068
237	18S	237	99	2363	9851	963
238	18S	238	736	3607	11407	3942
239	18S	239	339	3192	4323	1107
240	18S	240	400	3642	4464	1250
241	18S	241	602	3825	4448	1627
242	18S	242	224	2484	3876	643
243	18S	243	56	751	918	200
244	18S	244	1098	10595	7776	3314
245	18S	245	150	2689	9004	993
246	18S	246	191	2422	3063	575
247	18S	247	1051	9967	7333	2990
248	18S	248	845	9965	10494	2119
249	18S	249	2392	9100	7683	3652
250	18S	250	237	3486	3892	586
251	18S	251	2878	10948	9955	5180
252	18S	252	1001	4916	24592	10867
253	18S	253	759	6126	7388	2115
254	18S	254	2354	7910	19963	8327
255	18S	255	536	5503	13695	2550
256	18S	256	793	6831	7510	2036
257	18S	257	950	4959	17465	5311
258	18S	258	879	7281	21882	2330
259	18S	259	1657	11326	18032	2826
260	18S	260	667	4651	6331	1279
261	18S	261	631	6174	9113	1191
262	18S	262	2040	11501	15971	2984
263	18S	263	153	4560	6654	284
264	18S	264	569	13239	15072	1792
265	18S	265	151	14877	4452	585
266	18S	266	1283	9743	28690	5829
267	18S	267	813	9328	35222	8120
268	18S	268	78	2728	3548	286
269	18S	269	92	2180	2230	253
270	18S	270	73	1704	1536	266
271	18S	271	668	4212	10428	1765
272	18S	272	148	3761	8620	477
273	18S	273	33	812	709	55
274	18S	274	84	4666	4592	249
275	18S	275	116	2384	2454	259
276	18S	276	157	1562	2928	342
277	18S	277	318	3128	5271	745
278	18S	278	212	4796	7342	506
279	18S	279	23	1101	1075	99
280	18S	280	77	2541	2702	211
281	18S	281	60	746	1008	127
282	18S	282	160	3258	2496	283
283	18S	283	58	1354	984	105
284	18S	284	37	1243	1021	81
285	18S	285	367	3340	3898	1101
286	18S	286	69	2327	2491	268
287	18S	287	86	529	980	192
288	18S	288	273	2371	3095	549
289	18S	289	165	1980	4922	623
290	18S	290	116	1638	2721	266
291	18S	291	290	5841	5745	781
292	18S	292	1349	15879	15325	1755
293	18S	293	1685	5790	5568	2148
294	18S	294	529	4823	6109	1015
295	18S	295	1987	10373	9669	2456
296	18S	296	1612	13228	13845	2109
297	18S	297	2584	10885	8848	3095
298	18S	298	766	4913	5671	1255
299	18S	299	502	6107	5162	1064
300	18S	300	482	4735	6883	1264
301	18S	301	1220	6403	14884	4894
302	18S	302	408	3337	7305	1379
303	18S	303	207	2784	1978	441
304	18S	304	368	4695	4090	573
305	18S	305	267	2338	3278	284
306	18S	306	48	2097	1349	99
307	18S	307	19	752	423	45
308	18S	308	174	12527	4661	513
309	18S	309	160	3316	2469	300
310	18S	310	307	3706	2705	414
311	18S	311	275	4042	2280	547
312	18S	312	957	5476	3519	1624
313	18S	313	2448	12934	30196	11251
314	18S	314	169	4628	4033	407
315	18S	315	921	12786	8967	1471
316	18S	316	877	6386	9254	3047
317	18S	317	468	5465	9341	1074
318	18S	318	474	6347	3824	753
319	18S	319	743	6643	4752	987
320	18S	320	1284	7820	5387	1576
321	18S	321	199	3589	4063	252
322	18S	322	165	2934	2040	220
323	18S	323	590	23938	7910	1049
324	18S	324	104	2450	3841	286
325	18S	325	40	905	632	59
326	18S	326	101	1388	1043	155
327	18S	327	584	7352	4774	844
328	18S	328	160	4043	2494	263
329	18S	329	74	2257	3136	138
330	18S	330	54	1106	1124	123
331	18S	331	594	2893	1663	1119
332	18S	332	475	2310	6350	1803
333	18S	333	185	1708	2021	288
334	18S	334	346	3418	4403	549
335	18S	335	147	5389	3130	195
336	18S	336	12	716	343	30
337	18S	337	145	5102	2741	208
338	18S	338	400	9044	6093	532
339	18S	339	135	2647	1666	136
340	18S	340	148	2122	1242	184
341	18S	341	498	1574	1432	557
342	18S	342	237	474	1383	347
343	18S	343	102	246	362	71
344	18S	344	438	1940	1995	356
345	18S	345	316	3960	7141	294
346	18S	346	113	1894	4546	135
347	18S	347	786	10670	14746	1517
348	18S	348	1201	14700	14169	1178
349	18S	349	762	5106	5091	613
350	18S	350	2801	5324	7026	2162
351	18S	351	168	808	1258	166
352	18S	352	435	2864	4362	573
353	18S	353	974	4354	49959	9724
354	18S	354	198	6334	10942	309
355	18S	355	215	5454	13188	494
356	18S	356	80	2984	4950	123
357	18S	357	476	4625	7771	910
358	18S	358	221	3969	3403	531
359	18S	359	256	1266	1993	351
360	18S	360	941	1348	14000	4256
361	18S	361	77	778	1846	148
362	18S	362	68	1507	2270	158
363	18S	363	110	3940	4795	216
364	18S	364	94	3265	3591	209
365	18S	365	234	2349	2586	566
366	18S	366	913	4142	3235	1731
367	18S	367	1108	1241	3703	3025
368	18S	368	553	1208	4340	1574
369	18S	369	669	2667	3566	758
370	18S	370	309	3327	8847	1347
371	18S	371	72	1307	2484	305
372	18S	372	168	4017	3181	422
373	18S	373	471	5128	3187	865
374	18S	374	2490	26781	10977	2831
375	18S	375	2063	8232	9122	2009
376	18S	376	113	2479	3265	171
377	18S	377	232	4228	4042	613
378	18S	378	2447	28694	13331	4794
379	18S	379	221	4869	4272	659
380	18S	380	403	4842	3236	505
381	18S	381	297	3020	2633	297
382	18S	382	211	4513	3778	197
383	18S	383	45	1138	1098	64
384	18S	384	80	2033	1377	130
385	18S	385	236	2654	2182	282
386	18S	386	145	1157	2288	300
387	18S	387	404	9046	3835	785
388	18S	388	66	1061	2446	280
389	18S	389	112	3196	1895	190
390	18S	390	144	1413	1008	182
391	18S	391	29	1095	298	45
392	18S	392	28	220	817	110
393	18S	393	85	1203	647	122
394	18S	394	162	2179	1240	207
395	18S	395	172	2546	1426	208
396	18S	396	142	838	728	200
397	18S	397	252	2933	1799	342
398	18S	398	596	3313	5358	1185
399	18S	399	357	5073	2239	474
400	18S	400	376	1986	4777	986
401	18S	401	3918	6751	12261	4247
402	18S	402	78	1556	1300	154
403	18S	403	259	2821	2671	285
404	18S	404	286	3586	2836	341
405	18S	405	164	1374	909	165
406	18S	406	103	763	432	121
407	18S	407	656	2264	2526	894
408	18S	408	84	788	1537	219
409	18S	409	94	921	930	126
410	18S	410	2673	5818	8009	2256
411	18S	411	290	3180	6628	247
412	18S	412	1701	6420	9242	1265
413	18S	413	679	5617	21829	4424
414	18S	414	316	1541	2346	235
415	18S	415	120	1102	1431	207
416	18S	416	527	6119	5477	626
417	18S	417	703	7164	15171	2063
418	18S	418	227	2246	8039	839
419	18S	419	248	1810	1693	265
420	18S	420	629	6499	4636	740
421	18S	421	173	3445	4414	627
422	18S	422	98	1509	3444	300
423	18S	423	616	9448	3886	1273
424	18S	424	263	6242	2458	401
425	18S	425	387	4573	3956	324
426	18S	426	229	1159	1737	329
427	18S	427	446	5379	4260	385
428	18S	428	502	4260	3836	390
429	18S	429	181	2564	3462	297
430	18S	430	122	2103	1002	161
431	18S	431	332	4958	3038	345
432	18S	432	283	2695	1416	285
433	18S	433	246	4563	2783	463
434	18S	434	984	3177	4274	1511
435	18S	435	234	4550	2101	322
436	18S	436	3833	4494	5935	3834
437	18S	437	2637	17407	9717	5594
438	18S	438	1972	3576	7969	4873
439	18S	439	800	5186	8442	2235
440	18S	440	189	1491	851	254
441	18S	441	408	2042	1396	378
442	18S	442	67	906	1746	199
443	18S	443	144	1155	1507	236
444	18S	444	295	1145	2004	449
445	18S	445	455	2722	2677	580
446	18S	446	344	2463	3533	1278
447	18S	447	850	4273	6680	1813
448	18S	448	293	4108	4746	328
449	18S	449	879	10238	13667	673
450	18S	450	2531	10470	14479	1633
451	18S	451	945	4895	6347	879
452	18S	452	1086	2596	7899	3224
453	18S	453	556	2359	13500	3029
454	18S	454	1582	3148	3802	1197
455	18S	455	125	1053	1294	133
456	18S	456	252	1790	8414	1138
457	18S	457	118	706	1895	177
458	18S	458	100	1030	889	125
459	18S	459	61	971	527	64
460	18S	460	378	2627	1825	513
461	18S	461	67	504	1246	154
462	18S	462	75	294	188	73
463	18S	463	793	998	1000	795
464	18S	464	83	496	421	113
465	18S	465	222	666	1006	328
466	18S	466	72	964	537	82
467	18S	467	72	595	385	90
468	18S	468	2548	3519	2194	2541
469	18S	469	305	917	1735	634
470	18S	470	1156	3136	3376	1400
471	18S	471	2724	4446	5994	3408
472	18S	472	1338	2554	4776	2073
473	18S	473	1342	1856	2958	1313
474	18S	474	798	1418	3630	1579
475	18S	475	2211	1272	4834	3988
476	18S	476	375	1360	3010	1107
477	18S	477	607	3415	2946	641
478	18S	478	1574	3738	5964	2825
479	18S	479	82	1260	2037	176
480	18S	480	347	3098	2405	471
481	18S	481	731	8258	2262	883
482	18S	482	680	2416	6691	1531
483	18S	483	1390	2367	2001	947
484	18S	484	58	511	1835	158
485	18S	485	276	3547	3198	281
486	18S	486	32	880	1259	101
487	18S	487	36	827	371	46
488	18S	488	62	982	500	56
489	18S	489	163	1957	851	149
490	18S	490	93	1067	569	96
491	18S	491	90	518	1068	158
492	18S	492	414	766	2225	943
493	18S	493	165	660	4244	1302
494	18S	494	1794	3067	4745	1493
495	18S	495	52	783	728	71
496	18S	496	116	1636	5464	674
497	18S	497	21	889	361	29
498	18S	498	79	309	310	123
499	18S	499	312	887	564	318
500	18S	500	133	1003	558	176
501	18S	501	725	2607	1635	901
502	18S	502	141	2636	1474	180
503	18S	503	151	867	514	153
504	18S	504	354	1025	666	370
505	18S	505	181	349	516	279
506	18S	506	985	1008	7189	4597
507	18S	507	849	3521	4365	1162
508	18S	508	185	1209	1523	316
509	18S	509	90	358	522	96
510	18S	510	209	408	595	298
511	18S	511	521	1845	1459	757
512	18S	512	1845	1464	4673	4247
513	18S	513	235	1512	3153	541
514	18S	514	193	665	1453	273
515	18S	515	902	6163	7881	1357
516	18S	516	488	1538	9302	1643
517	18S	517	1536	9614	4847	1538
518	18S	518	4104	2852	2559	2081
519	18S	519	1686	1713	4332	1246
520	18S	520	913	2414	2493	749
521	18S	521	2820	2460	4897	3450
522	18S	522	770	3132	6648	979
523	18S	523	474	1323	1699	442
524	18S	524	1316	3072	2313	1505
525	18S	525	1064	1205	1713	902
526	18S	526	1027	1559	4696	1738
527	18S	527	1160	2859	6120	2600
528	18S	528	846	7163	10273	1535
529	18S	529	1225	4103	4492	1085
530	18S	530	267	2521	26465	3891
531	18S	531	395	3837	4928	339
532	18S	532	1025	3521	4699	1205
533	18S	533	279	961	1039	236
534	18S	534	611	1562	1728	841
535	18S	535	2026	1880	65398	18391
536	18S	536	172	624	2342	444
537	18S	537	155	1361	2344	710
538	18S	538	824	7859	9383	1333
539	18S	539	388	3251	6091	1161
540	18S	540	333	3232	2619	322
541	18S	541	2325	19326	19579	3044
542	18S	542	10899	17696	14959	12794
543	18S	543	1371	3347	29346	5894
544	18S	544	1872	4600	8514	3367
545	18S	545	1182	1840	27664	11172
546	18S	546	768	1977	6639	1591
547	18S	547	269	1135	1837	651
548	18S	548	89	560	823	105
549	18S	549	134	1094	787	123
550	18S	550	568	5918	5280	864
551	18S	551	159	2569	4276	466
552	18S	552	408	9564	5242	963
553	18S	553	1291	6777	3966	1630
554	18S	554	178	3333	2307	263
555	18S	555	1458	3650	15852	4400
556	18S	556	226	1242	3990	502
557	18S	557	363	2098	5011	925
558	18S	558	1107	21905	8987	1987
559	18S	559	182	1564	1754	284
560	18S	560	346	2748	3699	577
561	18S	561	220	3462	3140	240
562	18S	562	313	15027	5522	562
563	18S	563	79	2759	1283	140
564	18S	564	279	1385	1264	333
565	18S	565	674	5377	2751	769
566	18S	566	139	1065	774	149
567	18S	567	267	1878	1710	289
568	18S	568	1141	3782	4555	1394
569	18S	569	633	4303	2516	438
570	18S	570	150	1562	1114	124
571	18S	571	280	2963	4177	751
572	18S	572	252	7041	2240	299
573	18S	573	231	1583	1098	146
574	18S	574	164	977	894	267
575	18S	575	315	11307	7754	631
576	18S	576	687	4609	6124	915
577	18S	577	1687	9924	8844	1683
578	18S	578	2321	19006	9094	2222
579	18S	579	6615	13298	7928	4176
580	18S	580	2997	3747	15950	7379
581	18S	581	766	2968	5486	1118
582	18S	582	938	3430	2295	703
583	18S	583	1053	2464	2154	574
584	18S	584	112	1231	920	100
585	18S	585	508	3228	4743	713
586	18S	586	462	2200	3269	706
587	18S	587	337	4641	1879	388
588	18S	588	854	4220	2540	925
589	18S	589	407	1888	1209	370
590	18S	590	725	697	1028	589
591	18S	591	662	870	976	741
592	18S	592	2351	689	2685	3634
593	18S	593	1238	721	2350	1877
594	18S	594	271	668	799	310
595	18S	595	690	859	2689	1612
596	18S	596	322	2422	2699	397
597	18S	597	840	2459	3945	961
598	18S	598	2738	8338	14403	2558
599	18S	599	3809	4146	7990	2415
600	18S	600	2801	4150	11461	4076
601	18S	601	9101	5097	8449	5571
602	18S	602	4781	2574	7057	4275
603	18S	603	3955	3583	4653	2655
604	18S	604	379	953	833	348
605	18S	605	1690	1197	6233	2843
606	18S	606	570	1861	8283	1962
607	18S	607	490	992	4137	1139
608	18S	608	2430	6931	5687	2468
609	18S	609	287	821	1040	304
610	18S	610	655	1533	2189	739
611	18S	611	1698	8648	6241	1591
612	18S	612	555	2139	2825	431
613	18S	613	537	1330	1440	508
614	18S	614	1202	7762	8240	1295
615	18S	615	1568	4845	7907	1522
616	18S	616	2192	6769	13396	3234
617	18S	617	3404	11226	10732	2823
618	18S	618	2796	3969	4516	2550
619	18S	619	3234	5935	13182	4620
620	18S	620	3294	8512	11835	4416
621	18S	621	1504	4850	6897	1733
622	18S	622	806	2435	9299	1800
623	18S	623	661	2921	8332	1299
624	18S	624	316	1773	3207	478
625	18S	625	192	5063	2957	276
626	18S	626	2609	4343	8484	3350
627	18S	627	361	1651	1789	266
628	18S	628	216	1751	1468	233
629	18S	629	3343	21107	10656	3611
630	18S	630	1013	5534	5368	1087
631	18S	631	342	3724	4804	752
632	18S	632	3100	58357	20184	3282
633	18S	633	1825	56841	26493	1897
634	18S	634	816	13178	9639	744
635	18S	635	2344	48131	17602	2683
636	18S	636	2989	22576	20056	6686
637	18S	637	2134	10153	22428	4047
638	18S	638	2856	13662	7860	1965
639	18S	639	960	4012	2335	614
640	18S	640	386	4493	2016	338
641	18S	641	178	4525	1464	122
642	18S	642	162	10645	3285	190
643	18S	643	88	4009	1146	93
644	18S	644	136	2026	808	127
645	18S	645	215	2554	1043	280
646	18S	646	181	2170	2724	280
647	18S	647	298	2185	1992	283
648	18S	648	837	4510	2870	817
649	18S	649	792	6029	2332	697
650	18S	650	207	1891	1427	161
651	18S	651	28	352	327	31
652	18S	652	964	4460	2971	798
653	18S	653	917	12039	3590	858
654	18S	654	129	1827	1528	138
655	18S	655	91	822	642	82
656	18S	656	171	1097	586	184
657	18S	657	369	3198	1205	349
658	18S	658	397	6798	3042	460
659	18S	659	130	5772	2829	187
660	18S	660	237	3626	3608	1538
661	18S	661	3210	9207	9463	4805
662	18S	662	2013	10368	7900	2416
663	18S	663	2169	9618	5756	2195
664	18S	664	2327	11108	6184	1981
665	18S	665	1553	3616	2637	1147
666	18S	666	1091	8995	3628	1161
667	18S	667	3847	14418	7398	2925
668	18S	668	257	1987	1189	219
669	18S	669	399	3290	2152	480
670	18S	670	1401	6386	5036	1398
671	18S	671	167	1029	929	193
672	18S	672	1900	8741	4820	2380
673	18S	673	1908	5420	5705	2423
674	18S	674	969	13460	17997	1075
675	18S	675	1719	32465	34381	1379
676	18S	676	104	1695	1458	111
677	18S	677	528	2930	3313	716
678	18S	678	18529	57524	35947	12221
679	18S	679	10295	38754	36801	5949
680	18S	680	2363	23617	12344	1622
681	18S	681	3675	16663	8076	2201
682	18S	682	1900	12949	7357	1529
683	18S	683	135	4126	1330	160
684	18S	684	714	9769	4470	755
685	18S	685	1148	5521	8559	2072
686	18S	686	260	2028	1387	233
687	18S	687	139	7951	1882	189
688	18S	688	401	20797	4993	428
689	18S	689	97	5153	1060	144
690	18S	690	304	3139	1456	533
691	18S	691	1182	4769	3091	1505
692	18S	692	2924	7850	12175	4856
693	18S	693	2356	11212	14060	4424
694	18S	694	825	4406	4034	1004
695	18S	695	3114	10927	7766	2942
696	18S	696	3791	11235	12658	2762
697	18S	697	674	5512	6043	1057
698	18S	698	2696	11250	46033	8682
699	18S	699	1962	6929	4397	1405
700	18S	700	1155	6179	5897	957
701	18S	701	183	5283	2212	262
702	18S	702	166	2500	1363	168
703	18S	703	361	4315	1292	346
704	18S	704	1492	15193	5756	1343
705	18S	705	1864	18488	5983	1691
706	18S	706	530	8626	2375	775
707	18S	707	1956	12188	91715	15495
708	18S	708	491	4717	32593	4835
709	18S	709	1136	10530	4710	1349
710	18S	710	1590	16736	6380	1318
711	18S	711	299	5198	1892	550
712	18S	712	1308	12089	4466	1450
713	18S	713	2782	34917	11623	2421
714	18S	714	94	2683	3652	353
715	18S	715	1797	20492	5977	2329
716	18S	716	317	4458	1673	355
717	18S	717	230	3615	1611	259
718	18S	718	1874	10250	8635	2026
719	18S	719	501	4697	2090	498
720	18S	720	900	7620	3373	685
721	18S	721	299	9071	1946	251
722	18S	722	682	9451	4562	700
723	18S	723	202	5347	1760	236
724	18S	724	510	4992	1579	632
725	18S	725	1609	3540	5656	1828
726	18S	726	789	1886	1577	411
727	18S	727	1791	7219	2795	1351
728	18S	728	202	2664	830	236
729	18S	729	205	1721	603	1021
730	18S	730	1389	11597	2355	4594
731	18S	731	643	13068	4211	743
732	18S	732	595	2771	1402	638
733	18S	733	2260	20294	7343	2681
734	18S	734	1849	5061	39973	13429
735	18S	735	1082	3117	54239	12926
736	18S	736	297	3959	2350	782
737	18S	737	2363	16865	17831	3292
738	18S	738	206	3414	4575	661
739	18S	739	1282	17909	8343	2207
740	18S	740	18023	74237	21946	12889
741	18S	741	3486	21714	83528	23135
742	18S	742	12787	27080	152992	26137
743	18S	743	9295	27088	19115	7423
744	18S	744	2443	10303	8706	2960
745	18S	745	8752	22561	14259	5713
746	18S	746	10464	27093	13790	7468
747	18S	747	7234	15928	36089	6020
748	18S	748	7598	16282	18540	5557
749	18S	749	6924	26762	30344	6481
750	18S	750	4202	18361	22214	4626
751	18S	751	2520	7382	11695	3248
752	18S	752	5681	15707	18458	8204
753	18S	753	4062	11231	15658	4354
754	18S	754	3228	15737	21070	4240
755	18S	755	3589	6953	28011	8989
756	18S	756	4251	9248	24645	7032
757	18S	757	8890	9508	46332	18002
758	18S	758	3178	11194	22850	6085
759	18S	759	4445	8023	9481	3927
760	18S	760	1286	3530	5417	1213
761	18S	761	1970	3568	11844	2853
762	18S	762	830	11170	10346	1234
763	18S	763	3177	12897	24952	4329
764	18S	764	999	21758	21058	1362
765	18S	765	1194	13265	23232	1545
766	18S	766	5266	42066	25889	5477
767	18S	767	11612	15307	11091	7128
768	18S	768	3349	6823	10845	2939
769	18S	769	1682	11427	8835	2554
770	18S	770	1813	6586	22204	3798
771	18S	771	897	4566	19800	2217
772	18S	772	406	1799	23404	3867
773	18S	773	1129	17744	10816	1711
774	18S	774	1508	6477	8049	1971
775	18S	775	80	1928	6113	740
776	18S	776	3058	28846	20367	4362
777	18S	777	1226	20494	12688	1730
778	18S	778	3747	7909	7991	3992
779	18S	779	4253	29211	15062	5424
780	18S	780	10145	13112	12784	8296
781	18S	781	1931	12832	64542	11536
782	18S	782	1829	10055	12618	1968
783	18S	783	333	1091	1194	506
784	18S	784	882	6962	5805	931
785	18S	785	7125	8552	9487	5724
786	18S	786	504	5147	7073	548
787	18S	787	1579	4428	8650	3497
788	18S	788	6541	24279	23143	9552
789	18S	789	29084	18708	48936	21510
790	18S	790	7048	40943	81026	14140
791	18S	791	26057	21910	30425	12253
792	18S	792	17653	25103	61475	13683
793	18S	793	21494	17521	28466	12886
794	18S	794	11453	29812	70384	10366
795	18S	795	3124	6919	9367	2690
796	18S	796	2752	5384	13545	2813
797	18S	797	8267	12970	30413	13220
798	18S	798	1231	4440	6691	1551
799	18S	799	7619	10230	25765	6658
800	18S	800	1808	11966	45521	3181
801	18S	801	416	2801	9933	618
802	18S	802	3001	8857	27220	6074
803	18S	803	3854	15212	29036	6200
804	18S	804	10113	18819	73920	16609
805	18S	805	9260	12211	42910	14046
806	18S	806	6165	7759	17502	7769
807	18S	807	7483	10827	36728	14022
808	18S	808	4046	13488	35047	10083
809	18S	809	1894	9386	17231	3341
810	18S	810	1868	7654	85520	9642
811	18S	811	2792	22770	24143	6379
812	18S	812	2939	4836	36065	14346
813	18S	813	1713	7587	82955	16728
814	18S	814	1315	4568	12251	3404
815	18S	815	224	1334	11230	1950
816	18S	816	224	2168	5341	486
817	18S	817	9940	14415	23197	9475
818	18S	818	415	2297	11236	1914
819	18S	819	3935	11732	17510	6609
820	18S	820	5640	6675	9808	4970
821	18S	821	1774	5279	8657	2449
822	18S	822	1307	5801	11395	1708
823	18S	823	1118	5031	9766	1953
824	18S	824	842	7836	10102	1579
825	18S	825	4129	8046	9031	4266
826	18S	826	3155	7211	10169	3938
827	18S	827	1380	11858	21335	2628
828	18S	828	1952	3931	5926	2671
829	18S	829	8908	6237	13104	9135
830	18S	830	3225	5978	11434	4512
831	18S	831	2198	7141	11146	3389
832	18S	832	7651	13504	22891	6939
833	18S	833	1151	4401	9094	1589
834	18S	834	1908	5283	8737	2528
835	18S	835	3206	22953	32965	4531
836	18S	836	1515	11447	24329	1985
837	18S	837	662	5359	14466	1208
838	18S	838	3148	17501	37527	5091
839	18S	839	4038	19683	32001	5105
840	18S	840	13079	13938	32188	8212
841	18S	841	4866	7702	15937	4812
842	18S	842	1023	5313	9965	1252
843	18S	843	5291	14098	28598	5960
844	18S	844	4495	22362	48813	5886
845	18S	845	682	7545	22267	1552
846	18S	846	361	6951	9284	500
847	18S	847	6624	45127	47682	7892
848	18S	848	6671	21777	62409	9341
849	18S	849	719	5546	9548	1130
850	18S	850	6905	10386	20182	7139
851	18S	851	19697	15464	62209	15984
852	18S	852	1090	7821	21429	1659
853	18S	853	3094	6917	18419	4316
854	18S	854	11042	31923	29626	12159
855	18S	855	2817	8864	18825	3904
856	18S	856	22270	37738	107362	18319
857	18S	857	2314	15348	50094	5756
858	18S	858	2708	10159	33054	4898
859	18S	859	33691	77725	169247	22380
860	18S	860	12770	34645	114728	17789
861	18S	861	7468	14296	29210	7488
862	18S	862	4802	13016	29353	5501
863	18S	863	7471	10257	49041	10158
864	18S	864	3686	15125	49283	5876
865	18S	865	1367	15506	22971	2265
866	18S	866	1335	14825	37469	4015
867	18S	867	338	10233	9420	900
868	18S	868	432	10905	13685	1070
869	18S	869	10959	53709	57222	12636
870	18S	870	591	6472	16821	1528
871	18S	871	219	1650	2231	361
872	18S	872	597	5559	9335	1673
873	18S	873	3693	18790	36493	6387
874	18S	874	336	2154	3371	602
875	18S	875	219	1999	3278	498
876	18S	876	510	9548	10010	1421
877	18S	877	691	12059	12689	2065
878	18S	878	526	12206	9938	1533
879	18S	879	4470	21737	26386	8416
880	18S	880	841	5294	4193	1387
881	18S	881	4675	4819	12719	8461
882	18S	882	1227	2640	12326	9412
883	18S	883	1098	2254	5782	2122
884	18S	884	2119	8288	14815	4062
885	18S	885	947	5000	15220	3828
886	18S	886	5126	15512	15798	8335
887	18S	887	3615	7036	9942	5224
888	18S	888	2585	16059	23286	5117
889	18S	889	5896	11595	14023	6364
890	18S	890	1428	3953	9128	2291
891	18S	891	1868	6313	15948	4366
892	18S	892	2902	9933	29948	9739
893	18S	893	2778	20170	37390	6079
894	18S	894	362	7487	9868	950
895	18S	895	659	5727	7717	1567
896	18S	896	4140	21545	18114	8297
897	18S	897	522	2131	4401	944
898	18S	898	775	6059	9545	1976
899	18S	899	176	2922	7308	1327
900	18S	900	1331	21714	22259	4248
901	18S	901	438	7322	16289	2273
902	18S	902	2769	31160	24902	6182
903	18S	903	1648	52302	29054	4126
904	18S	904	5168	28460	37032	9001
905	18S	905	4520	62818	36923	9859
906	18S	906	4720	21239	56924	12801
907	18S	907	2004	11731	43298	14267
908	18S	908	4254	16431	48320	11218
909	18S	909	3659	16340	17932	4956
910	18S	910	922	5999	7246	1267
911	18S	911	2017	10142	14215	3004
912	18S	912	914	12887	13556	1863
913	18S	913	215	2135	2777	517
914	18S	914	811	20705	21229	3149
915	18S	915	16269	50673	36926	16886
916	18S	916	5914	18015	18239	6409
917	18S	917	3528	7375	6163	4054
918	18S	918	2053	4966	4834	2778
919	18S	919	5718	9669	9391	6344
920	18S	920	4129	10261	25838	6802
921	18S	921	622	3706	6738	971
922	18S	922	175	1896	1956	384
923	18S	923	3181	13830	17032	6193
924	18S	924	240	4201	13629	1849
925	18S	925	834	2137	13694	2170
926	18S	926	6343	14736	19658	8352
927	18S	927	1772	10307	36465	4621
928	18S	928	1222	7220	8559	2259
929	18S	929	2679	10261	21581	4779
930	18S	930	8824	15299	194269	29739
931	18S	931	842	3680	17232	3109
932	18S	932	4891	11934	22165	7336
933	18S	933	6240	21620	28131	6871
934	18S	934	2249	8976	27117	3510
935	18S	935	598	10921	10532	1300
936	18S	936	652	5432	6822	1434
937	18S	937	380	8841	6903	929
938	18S	938	952	3818	6543	1954
939	18S	939	1358	12650	17005	2865
940	18S	940	1553	7405	33461	6540
941	18S	941	1326	17238	52428	3764
942	18S	942	868	5318	23598	3814
943	18S	943	587	11950	9712	1606
944	18S	944	4807	10666	25011	9732
945	18S	945	5261	27576	43600	5567
946	18S	946	3353	23116	38028	3638
947	18S	947	225	6437	7203	450
948	18S	948	327	5179	7048	878
949	18S	949	3498	38786	25634	5203
950	18S	950	294	4663	3120	391
951	18S	951	1716	10143	14184	2541
952	18S	952	1944	11058	32711	6177
953	18S	953	367	4234	9750	1073
954	18S	954	171	9581	4646	778
955	18S	955	23020	47167	26717	16260
956	18S	956	1034	8334	18863	1852
957	18S	957	3438	12208	14178	5075
958	18S	958	8494	25408	18216	6925
959	18S	959	1955	16784	11890	2732
960	18S	960	1538	17533	12029	3399
961	18S	961	3208	9695	6738	3954
962	18S	962	521	3601	6232	1367
963	18S	963	4016	15871	15786	7012
964	18S	964	1450	11724	16146	4734
965	18S	965	1393	6709	7176	2274
966	18S	966	653	8292	8552	1573
967	18S	967	2924	13874	37314	10764
968	18S	968	2240	8991	25545	7680
969	18S	969	347	4966	6177	890
970	18S	970	1132	11620	16933	4164
971	18S	971	1433	11791	130542	14539
972	18S	972	903	3593	34699	4345
973	18S	973	1357	35306	54243	4009
974	18S	974	26987	44936	84107	25128
975	18S	975	2618	9111	32047	4277
976	18S	976	1375	11929	34097	2522
977	18S	977	4078	63045	144006	4994
978	18S	978	3201	19373	61843	7391
979	18S	979	1216	9333	45955	5366
980	18S	980	2196	9506	38954	6227
981	18S	981	2697	32153	29497	5036
982	18S	982	2023	8220	15593	2158
983	18S	983	2131	12006	20201	1669
984	18S	984	517	9222	23511	1853
985	18S	985	169	18866	9635	494
986	18S	986	1070	46533	30616	2069
987	18S	987	214	10813	5769	468
988	18S	988	6026	47944	36772	8675
989	18S	989	4737	13158	37623	11689
990	18S	990	374	4510	7643	636
991	18S	991	277	7136	9883	648
992	18S	992	1831	20579	18965	3612
993	18S	993	1727	12029	41900	5621
994	18S	994	418	6371	47086	3780
995	18S	995	5899	67164	53080	7783
996	18S	996	1347	46659	62053	3189
997	18S	997	212	3748	4079	407
998	18S	998	4109	43165	36236	6368
999	18S	999	3413	22053	57666	10172
1000	18S	1000	826	11305	16553	1246
1001	18S	1001	897	15832	20972	1479
1002	18S	1002	1054	15600	45678	3902
1003	18S	1003	4243	67968	42120	7178
1004	18S	1004	386	11385	36616	5968
1005	18S	1005	2073	13694	15322	4293
1006	18S	1006	2733	13540	62657	7851
1007	18S	1007	108	4639	4381	367
1008	18S	1008	467	4991	7980	1243
1009	18S	1009	4765	45949	38623	7459
1010	18S	1010	417	4969	6824	615
1011	18S	1011	248	3461	3717	637
1012	18S	1012	4434	58958	51630	7097
1013	18S	1013	357	12435	10521	750
1014	18S	1014	246	5036	18375	1552
1015	18S	1015	3665	67487	33365	7363
1016	18S	1016	968	8017	9394	1336
1017	18S	1017	3790	13941	25118	6035
1018	18S	1018	1493	9397	10094	2059
1019	18S	1019	1052	10930	10400	1733
1020	18S	1020	1735	20139	37492	8291
1021	18S	1021	1153	29807	56159	7435
1022	18S	1022	1623	34488	28912	3039
1023	18S	1023	9613	145993	76510	13684
1024	18S	1024	4836	74534	68449	12078
1025	18S	1025	1013	23466	27405	2313
1026	18S	1026	1494	17334	47906	6840
1027	18S	1027	1884	15711	50968	9622
1028	18S	1028	542	8911	25887	1877
1029	18S	1029	2332	42243	56866	3639
1030	18S	1030	2192	30424	36074	2764
1031	18S	1031	84	3309	12087	654
1032	18S	1032	132	5476	6207	290
1033	18S	1033	2106	100839	81391	3655
1034	18S	1034	102	9394	7296	231
1035	18S	1035	130	4017	5873	612
1036	18S	1036	3614	36921	30385	5812
1037	18S	1037	657	4957	15629	1226
1038	18S	1038	1419	12985	16056	1476
1039	18S	1039	394	18341	25113	633
1040	18S	1040	165	8107	16428	646
1041	18S	1041	174	5068	6714	286
1042	18S	1042	68	1387	1269	152
1043	18S	1043	1399	17469	9763	2728
1044	18S	1044	1153	7690	25729	4662
1045	18S	1045	65	2333	1232	147
1046	18S	1046	450	2512	3333	702
1047	18S	1047	69	3701	3240	190
1048	18S	1048	106	1125	1035	394
1049	18S	1049	274	3650	1858	1087
1050	18S	1050	104	1312	754	232
1051	18S	1051	1152	9277	4389	2015
1052	18S	1052	1802	14688	8526	2738
1053	18S	1053	2621	16644	12273	3463
1054	18S	1054	10066	35281	28086	7083
1055	18S	1055	9304	26759	28378	6603
1056	18S	1056	8004	18590	26219	5842
1057	18S	1057	9921	28117	44310	7041
1058	18S	1058	10325	29308	45707	7076
1059	18S	1059	6139	16968	21709	5089
1060	18S	1060	5368	11455	18131	3818
1061	18S	1061	2775	11959	20318	2607
1062	18S	1062	6330	31579	143813	12096
1063	18S	1063	315	6509	24517	968
1064	18S	1064	224	1898	2367	605
1065	18S	1065	360	9291	5195	585
1066	18S	1066	243	4706	10112	563
1067	18S	1067	104	3848	2928	197
1068	18S	1068	129	1325	2354	198
1069	18S	1069	305	2682	2951	397
1070	18S	1070	49	809	2791	119
1071	18S	1071	667	3841	3099	865
1072	18S	1072	25	651	980	207
1073	18S	1073	236	3356	3635	427
1074	18S	1074	239	7064	5999	445
1075	18S	1075	122	4729	3934	183
1076	18S	1076	6458	9240	27343	6965
1077	18S	1077	168	1607	7551	429
1078	18S	1078	375	1879	5766	630
1079	18S	1079	208	3252	3014	370
1080	18S	1080	501	4910	4891	693
1081	18S	1081	3372	6305	12194	2649
1082	18S	1082	113	2590	5946	211
1083	18S	1083	207	2417	5468	210
1084	18S	1084	505	11286	17008	910
1085	18S	1085	268	3497	11921	548
1086	18S	1086	1220	15647	21038	1838
1087	18S	1087	500	7972	19325	1352
1088	18S	1088	2068	11904	23728	3683
1089	18S	1089	2834	9259	25071	4864
1090	18S	1090	1133	4442	13374	952
1091	18S	1091	259	2588	5542	511
1092	18S	1092	1208	6051	65577	5893
1093	18S	1093	472	7664	33226	892
1094	18S	1094	219	2240	13127	763
1095	18S	1095	1027	10584	14236	2077
1096	18S	1096	897	1667	7852	662
1097	18S	1097	902	3416	8801	748
1098	18S	1098	659	4396	9668	549
1099	18S	1099	208	4814	10198	299
1100	18S	1100	127	5230	9938	189
1101	18S	1101	148	7697	10158	333
1102	18S	1102	96	3762	5069	180
1103	18S	1103	486	9490	9650	989
1104	18S	1104	231	2880	3165	258
1105	18S	1105	123	583	2374	79
1106	18S	1106	112	738	1600	69
1107	18S	1107	19	329	648	40
1108	18S	1108	28	787	641	47
1109	18S	1109	73	942	1227	141
1110	18S	1110	88	1004	1518	211
1111	18S	1111	52	497	782	85
1112	18S	1112	242	807	2260	513
1113	18S	1113	1075	1313	4465	1354
1114	18S	1114	653	360	3074	812
1115	18S	1115	575	1282	2220	566
1116	18S	1116	1547	1155	4027	1101
1117	18S	1117	269	759	18281	2355
1118	18S	1118	41	168	544	65
1119	18S	1119	91	1481	2207	144
1120	18S	1120	441	2786	2457	590
1121	18S	1121	49	351	726	66
1122	18S	1122	90	184	533	150
1123	18S	1123	20	424	477	53
1124	18S	1124	170	282	1421	626
1125	18S	1125	45	189	1223	266
1126	18S	1126	70	175	831	196
1127	18S	1127	1219	948	4557	1038
1128	18S	1128	1605	976	4001	1276
1129	18S	1129	182	354	907	238
1130	18S	1130	511	401	1967	447
1131	18S	1131	630	1494	4055	525
1132	18S	1132	721	866	5287	1928
1133	18S	1133	1002	837	5929	3115
1134	18S	1134	351	676	6339	601
1135	18S	1135	1223	673	4579	1427
1136	18S	1136	1267	435	3478	899
1137	18S	1137	361	246	1829	417
1138	18S	1138	431	537	4707	643
1139	18S	1139	433	1077	11333	1041
1140	18S	1140	167	537	91580	5949
1141	18S	1141	231	341	6476	424
1142	18S	1142	509	546	6751	1116
1143	18S	1143	1268	649	13958	2274
1144	18S	1144	1477	1151	21640	1690
1145	18S	1145	135	222	3935	181
1146	18S	1146	40	113	1636	66
1147	18S	1147	678	1410	10531	1524
1148	18S	1148	127	340	3888	151
1149	18S	1149	106	354	1944	130
1150	18S	1150	38	263	1184	82
1151	18S	1151	260	1450	5293	454
1152	18S	1152	193	919	6990	377
1153	18S	1153	40	321	2111	101
1154	18S	1154	97	1175	3657	156
1155	18S	1155	117	474	1504	126
1156	18S	1156	124	825	2020	187
1157	18S	1157	462	937	5084	783
1158	18S	1158	385	332	2641	305
1159	18S	1159	28	129	592	38
1160	18S	1160	234	343	2465	456
1161	18S	1161	285	346	2394	225
1162	18S	1162	223	360	3019	125
1163	18S	1163	609	665	8732	314
1164	18S	1164	30	88	913	30
1165	18S	1165	68	342	2152	100
1166	18S	1166	185	884	5075	194
1167	18S	1167	109	183	1682	88
1168	18S	1168	73	428	2619	51
1169	18S	1169	77	214	1830	55
1170	18S	1170	122	503	2896	115
1171	18S	1171	14	285	708	22
1172	18S	1172	45	74	2074	118
1173	18S	1173	30	232	603	49
1174	18S	1174	23	48	357	31
1175	18S	1175	21	70	328	36
1176	18S	1176	70	65	463	69
1177	18S	1177	21	141	691	22
1178	18S	1178	20	99	399	35
1179	18S	1179	190	830	2281	553
1180	18S	1180	147	560	1731	286
1181	18S	1181	630	685	2922	1107
1182	18S	1182	732	324	2585	707
1183	18S	1183	2063	418	7053	1320
1184	18S	1184	12447	1614	28730	7174
1185	18S	1185	7521	2195	25626	4918
1186	18S	1186	5276	2038	19394	3332
1187	18S	1187	414	521	4765	383
1188	18S	1188	114	199	1102	146
1189	18S	1189	1547	2324	6822	2439
1190	18S	1190	1183	2599	10389	1698
1191	18S	1191	15878	14502	37381	14670
1192	18S	1192	124101	420301	666111	31401
1193	18S	1193	2810	15950	23380	3640
1194	18S	1194	2295	7941	42942	11728
1195	18S	1195	642	1934	5273	1033
1196	18S	1196	3580	11061	15741	4177
1197	18S	1197	449	4732	6854	425
1198	18S	1198	644	8252	9954	717
1199	18S	1199	339	6390	5996	495
1200	18S	1200	1374	5414	3879	1928
1201	18S	1201	808	7381	7020	2245
1202	18S	1202	1894	12895	7695	2287
1203	18S	1203	1147	6843	7229	2940
1204	18S	1204	1335	5112	7845	2930
1205	18S	1205	533	3461	4080	747
1206	18S	1206	3165	8565	5081	3268
1207	18S	1207	90	880	462	120
1208	18S	1208	571	2100	2244	1164
1209	18S	1209	355	1051	1784	769
1210	18S	1210	67	675	313	111
1211	18S	1211	733	4678	3411	1472
1212	18S	1212	161	2307	1511	349
1213	18S	1213	220	2292	1069	533
1214	18S	1214	6679	14656	7795	6442
1215	18S	1215	398	1937	737	542
1216	18S	1216	462	2243	1183	674
1217	18S	1217	239	2003	938	287
1218	18S	1218	229	1726	3990	1349
1219	18S	1219	4375	9740	4819	5110
1220	18S	1220	706	6018	11990	3303
1221	18S	1221	6978	10916	6848	5453
1222	18S	1222	379	3408	3497	919
1223	18S	1223	1099	2870	2697	1850
1224	18S	1224	1095	754	2417	3629
1225	18S	1225	515	668	1940	1370
1226	18S	1226	1208	3992	4559	1385
1227	18S	1227	1131	5476	14633	4483
1228	18S	1228	108	617	8174	2283
1229	18S	1229	126	843	1091	429
1230	18S	1230	1505	3489	3653	2170
1231	18S	1231	2493	9067	9407	3049
1232	18S	1232	130	808	958	233
1233	18S	1233	79	481	497	175
1234	18S	1234	4951	10359	6458	5681
1235	18S	1235	540	4631	3603	931
1236	18S	1236	471	2961	2662	1005
1237	18S	1237	100	565	1460	495
1238	18S	1238	1980	5040	3201	3471
1239	18S	1239	984	3598	3333	2763
1240	18S	1240	278	1118	1238	467
1241	18S	1241	77	531	776	204
1242	18S	1242	406	4703	2543	1062
1243	18S	1243	41	642	725	165
1244	18S	1244	330	5003	2530	955
1245	18S	1245	75	1110	1422	391
1246	18S	1246	204	4496	2655	2160
1247	18S	1247	807	2475	22110	18396
1248	18S	1248	515	2335	2148	898
1249	18S	1249	842	4328	2534	1505
1250	18S	1250	811	3070	2010	1392
1251	18S	1251	868	2840	1855	1362
1252	18S	1252	704	6517	4358	955
1253	18S	1253	7798	30205	22098	7235
1254	18S	1254	3419	29023	37337	4034
1255	18S	1255	313	2414	3425	627
1256	18S	1256	8230	27489	25133	8754
1257	18S	1257	3437	15507	14629	3875
1258	18S	1258	2055	9122	9154	2362
1259	18S	1259	985	4965	7139	1243
1260	18S	1260	365	3281	5418	447
1261	18S	1261	225	2103	2432	388
1262	18S	1262	138	3175	2311	330
1263	18S	1263	81	1457	1111	147
1264	18S	1264	78	2136	1185	161
1265	18S	1265	66	1001	480	186
1266	18S	1266	368	4861	2228	1318
1267	18S	1267	106	1469	717	192
1268	18S	1268	131	1967	636	340
1269	18S	1269	534	10079	3591	2671
1270	18S	1270	168	3240	2006	348
1271	18S	1271	186	4411	1996	458
1272	18S	1272	539	14750	4249	1975
1273	18S	1273	623	2801	1698	2236
1274	18S	1274	126	2518	855	320
1275	18S	1275	1070	2983	3703	2894
1276	18S	1276	160	1137	1652	380
1277	18S	1277	57	618	416	124
1278	18S	1278	54	3572	933	331
1279	18S	1279	600	10313	3341	1852
1280	18S	1280	616	4116	2704	573
1281	18S	1281	299	4354	6237	565
1282	18S	1282	1286	9137	5392	2918
1283	18S	1283	955	3107	3468	1740
1284	18S	1284	1385	5515	8637	1428
1285	18S	1285	856	4252	4453	1235
1286	18S	1286	1219	2001	3318	1534
1287	18S	1287	233	1294	2325	418
1288	18S	1288	234	1179	2982	582
1289	18S	1289	246	2843	1685	632
1290	18S	1290	86	690	974	156
1291	18S	1291	44	292	351	95
1292	18S	1292	106	980	589	262
1293	18S	1293	142	1729	993	320
1294	18S	1294	33	317	211	69
1295	18S	1295	363	2181	1515	1147
1296	18S	1296	129	2665	968	425
1297	18S	1297	136	2280	1387	604
1298	18S	1298	294	5873	2535	1108
1299	18S	1299	145	882	668	413
1300	18S	1300	2090	7339	3477	4602
1301	18S	1301	583	2368	1570	1012
1302	18S	1302	912	4291	3067	1458
1303	18S	1303	96	1459	862	153
1304	18S	1304	237	1830	1150	423
1305	18S	1305	738	14243	4895	1685
1306	18S	1306	115	3363	1476	276
1307	18S	1307	190	2803	2121	519
1308	18S	1308	290	2287	1671	605
1309	18S	1309	538	9408	4593	1058
1310	18S	1310	1013	3569	2213	1715
1311	18S	1311	1570	2513	2353	2303
1312	18S	1312	171	763	443	352
1313	18S	1313	1590	1949	6093	4348
1314	18S	1314	561	3075	4758	1144
1315	18S	1315	155	3938	2302	471
1316	18S	1316	159	2625	1734	436
1317	18S	1317	110	4868	3333	475
1318	18S	1318	66	1263	1175	265
1319	18S	1319	2557	8874	11019	8587
1320	18S	1320	292	2720	3581	2002
1321	18S	1321	621	4006	3052	1067
1322	18S	1322	1161	3023	4872	2979
1323	18S	1323	190	1646	2622	396
1324	18S	1324	166	719	720	395
1325	18S	1325	288	8659	3817	1043
1326	18S	1326	1260	3462	10675	6297
1327	18S	1327	65	1221	1574	186
1328	18S	1328	472	5880	3046	1082
1329	18S	1329	238	17260	5474	566
1330	18S	1330	72	1749	1906	379
1331	18S	1331	910	14838	4050	2686
1332	18S	1332	131	2195	3022	696
1333	18S	1333	274	4207	2924	804
1334	18S	1334	1782	9139	7234	3216
1335	18S	1335	458	3532	2008	816
1336	18S	1336	250	4443	1971	454
1337	18S	1337	448	2936	5740	2185
1338	18S	1338	389	2556	5070	950
1339	18S	1339	156	4150	1815	319
1340	18S	1340	513	3870	2090	938
1341	18S	1341	1443	4705	3146	2445
1342	18S	1342	272	5307	4133	679
1343	18S	1343	711	2770	2264	1276
1344	18S	1344	1002	2741	3237	1976
1345	18S	1345	342	1352	2430	947
1346	18S	1346	731	1944	4829	2409
1347	18S	1347	505	3016	10423	4073
1348	18S	1348	231	2161	1995	421
1349	18S	1349	40	406	971	203
1350	18S	1350	59	518	463	119
1351	18S	1351	21	486	382	57
1352	18S	1352	17	670	284	65
1353	18S	1353	123	2836	1341	388
1354	18S	1354	165	1055	645	356
1355	18S	1355	151	2744	1229	293
1356	18S	1356	225	1957	1130	475
1357	18S	1357	249	4950	3567	509
1358	18S	1358	164	1068	1913	472
1359	18S	1359	117	461	465	289
1360	18S	1360	598	1479	1966	1989
1361	18S	1361	296	1915	2068	1153
1362	18S	1362	128	1283	890	293
1363	18S	1363	120	1842	1602	332
1364	18S	1364	113	2702	1274	337
1365	18S	1365	86	3119	847	205
1366	18S	1366	31	1277	581	136
1367	18S	1367	47	606	431	102
1368	18S	1368	226	1449	913	434
1369	18S	1369	789	3882	1635	1333
1370	18S	1370	481	1759	1111	890
1371	18S	1371	553	2639	1239	1222
1372	18S	1372	395	3789	9597	3243
1373	18S	1373	117	1680	647	180
1374	18S	1374	65	1133	498	151
1375	18S	1375	541	2938	1861	1172
1376	18S	1376	95	3641	3810	299
1377	18S	1377	471	3525	3103	1489
1378	18S	1378	495	4189	3188	1179
1379	18S	1379	96	1250	1380	298
1380	18S	1380	379	2021	1611	644
1381	18S	1381	480	1698	1945	709
1382	18S	1382	141	790	995	281
1383	18S	1383	177	822	1282	408
1384	18S	1384	81	4481	1368	255
1385	18S	1385	51	2119	2157	364
1386	18S	1386	24	1403	384	46
1387	18S	1387	187	3530	2141	368
1388	18S	1388	2074	23769	8172	3058
1389	18S	1389	522	4471	5621	1013
1390	18S	1390	119	1592	661	240
1391	18S	1391	712	3690	3132	1191
1392	18S	1392	262	2812	3222	939
1393	18S	1393	64	1959	2079	134
1394	18S	1394	56	1016	1042	125
1395	18S	1395	179	3843	2776	571
1396	18S	1396	358	3864	2314	1660
1397	18S	1397	273	1961	1636	680
1398	18S	1398	766	2891	2017	1309
1399	18S	1399	145	2360	1755	477
1400	18S	1400	314	2073	2933	835
1401	18S	1401	22	1014	1964	317
1402	18S	1402	28	880	1251	153
1403	18S	1403	142	7201	3124	368
1404	18S	1404	52	426	337	91
1405	18S	1405	15	306	217	51
1406	18S	1406	329	3170	2527	735
1407	18S	1407	73	1176	1356	295
1408	18S	1408	30	373	409	66
1409	18S	1409	39	1240	1063	116
1410	18S	1410	677	4043	3223	1397
1411	18S	1411	133	1719	2815	578
1412	18S	1412	174	1186	2952	581
1413	18S	1413	1560	9491	5032	2553
1414	18S	1414	420	2394	2369	580
1415	18S	1415	99	793	748	188
1416	18S	1416	135	993	728	232
1417	18S	1417	103	5682	2118	326
1418	18S	1418	89	2512	2680	277
1419	18S	1419	237	3416	1995	598
1420	18S	1420	604	2515	2177	1263
1421	18S	1421	317	2515	1851	704
1422	18S	1422	1193	4338	5145	5476
1423	18S	1423	474	4519	4020	1694
1424	18S	1424	471	4490	3318	1027
1425	18S	1425	1363	7796	6177	3550
1426	18S	1426	100	5230	2669	237
1427	18S	1427	650	29234	11299	1597
1428	18S	1428	53	10441	5192	485
1429	18S	1429	313	14637	5173	819
1430	18S	1430	414	15674	3779	1113
1431	18S	1431	285	4361	3015	485
1432	18S	1432	104	4386	2123	249
1433	18S	1433	202	3653	2129	326
1434	18S	1434	40	7818	1890	154
1435	18S	1435	47	1853	1181	149
1436	18S	1436	479	17123	6318	1218
1437	18S	1437	37	1557	1154	120
1438	18S	1438	27	1248	568	66
1439	18S	1439	204	6989	2281	447
1440	18S	1440	233	3855	1593	385
1441	18S	1441	121	4644	1553	233
1442	18S	1442	399	17227	3581	884
1443	18S	1443	899	29657	7304	1691
1444	18S	1444	79	5282	1515	147
1445	18S	1445	28	1388	1964	165
1446	18S	1446	957	9747	3553	2157
1447	18S	1447	136	3782	5026	298
1448	18S	1448	99	2472	1702	263
1449	18S	1449	487	19438	7785	1420
1450	18S	1450	298	3065	2393	471
1451	18S	1451	173	2034	2506	201
1452	18S	1452	125	5528	2915	221
1453	18S	1453	34	3232	1294	85
1454	18S	1454	15	3275	564	33
1455	18S	1455	26	4111	1119	76
1456	18S	1456	78	3798	1030	126
1457	18S	1457	69	2686	1100	139
1458	18S	1458	115	1783	554	179
1459	18S	1459	61	8742	1812	146
1460	18S	1460	492	6048	3189	883
1461	18S	1461	47	2288	2499	237
1462	18S	1462	190	2879	1254	308
1463	18S	1463	69	12331	3023	179
1464	18S	1464	143	9618	3099	354
1465	18S	1465	76	21659	6421	359
1466	18S	1466	297	15497	7591	848
1467	18S	1467	67	6473	1747	102
1468	18S	1468	643	9108	5867	1166
1469	18S	1469	1241	7495	4011	2297
1470	18S	1470	282	2747	4717	606
1471	18S	1471	363	5585	2806	681
1472	18S	1472	323	3833	5549	579
1473	18S	1473	65	1831	1066	153
1474	18S	1474	39	1424	702	84
1475	18S	1475	455	11478	4317	1169
1476	18S	1476	12	684	666	39
1477	18S	1477	19	1318	723	61
1478	18S	1478	92	2374	1554	243
1479	18S	1479	57	3564	1531	173
1480	18S	1480	76	1678	1280	225
1481	18S	1481	393	13230	3609	894
1482	18S	1482	19	1118	713	60
1483	18S	1483	98	2501	2714	264
1484	18S	1484	336	5763	5872	1107
1485	18S	1485	23	5005	1586	56
1486	18S	1486	142	3123	2548	403
1487	18S	1487	23	2909	962	83
1488	18S	1488	50	1354	2662	350
1489	18S	1489	624	13592	7577	3417
1490	18S	1490	220	3151	3763	1076
1491	18S	1491	328	6808	5149	1231
1492	18S	1492	39	2521	727	129
1493	18S	1493	182	3122	11939	2761
1494	18S	1494	24	1153	6093	587
1495	18S	1495	64	1588	1588	207
1496	18S	1496	87	3062	1565	182
1497	18S	1497	27	2196	1106	82
1498	18S	1498	3	768	225	17
1499	18S	1499	13	3446	627	44
1500	18S	1500	45	2075	829	130
1501	18S	1501	11	911	367	29
1502	18S	1502	19	867	541	44
1503	18S	1503	53	6769	2746	222
1504	18S	1504	3	670	1426	160
1505	18S	1505	70	15164	4651	269
1506	18S	1506	7	629	758	61
1507	18S	1507	43	3101	1221	87
1508	18S	1508	108	3176	1110	214
1509	18S	1509	45	1132	588	119
1510	18S	1510	72	3014	1234	147
1511	18S	1511	33	2942	1197	79
1512	18S	1512	34	2096	910	64
1513	18S	1513	57	5266	1424	117
1514	18S	1514	228	10009	3118	547
1515	18S	1515	15	1198	372	65
1516	18S	1516	170	2559	3325	1098
1517	18S	1517	100	4343	4397	884
1518	18S	1518	102	3142	2022	149
1519	18S	1519	131	5986	2367	248
1520	18S	1520	28	3409	1266	91
1521	18S	1521	77	3455	1854	326
1522	18S	1522	114	9266	2803	582
1523	18S	1523	546	12286	4535	1711
1524	18S	1524	93	14924	1779	379
1525	18S	1525	140	5497	4951	551
1526	18S	1526	103	5219	4693	487
1527	18S	1527	22	705	686	56
1528	18S	1528	24	1445	398	49
1529	18S	1529	66	2239	1016	134
1530	18S	1530	6	1534	560	33
1531	18S	1531	25	674	401	69
1532	18S	1532	294	6598	3425	682
1533	18S	1533	18	2871	1552	47
1534	18S	1534	6	519	276	23
1535	18S	1535	21	1683	819	79
1536	18S	1536	22	797	493	87
1537	18S	1537	56	1949	988	112
1538	18S	1538	69	1065	862	76
1539	18S	1539	3	604	353	16
1540	18S	1540	17	3323	1062	43
1541	18S	1541	38	4148	1947	104
1542	18S	1542	155	5944	3144	450
1543	18S	1543	247	8412	2293	794
1544	18S	1544	248	2202	2861	943
1545	18S	1545	123	2879	1989	237
1546	18S	1546	8	394	442	42
1547	18S	1547	64	2645	1526	205
1548	18S	1548	89	684	812	200
1549	18S	1549	52	683	322	166
1550	18S	1550	217	2123	590	392
1551	18S	1551	236	5456	1592	466
1552	18S	1552	130	13587	3468	297
1553	18S	1553	137	18110	4479	352
1554	18S	1554	485	16018	3886	1161
1555	18S	1555	244	5397	1990	410
1556	18S	1556	498	5253	3930	1779
1557	18S	1557	537	6640	6684	2370
1558	18S	1558	286	5504	1816	474
1559	18S	1559	432	7498	3265	755
1560	18S	1560	35	2108	1213	103
1561	18S	1561	46	1895	922	65
1562	18S	1562	10	690	324	32
1563	18S	1563	30	3078	1008	62
1564	18S	1564	116	2034	1507	260
1565	18S	1565	28	884	1059	147
1566	18S	1566	54	1185	695	109
1567	18S	1567	605	2067	1408	545
1568	18S	1568	31	449	259	33
1569	18S	1569	168	1235	1048	192
1570	18S	1570	311	1327	1947	580
1571	18S	1571	35	379	472	35
1572	18S	1572	23	604	463	30
1573	18S	1573	89	7682	2914	313
1574	18S	1574	32	581	578	117
1575	18S	1575	370	1652	1382	442
1576	18S	1576	304	2167	1303	451
1577	18S	1577	147	1364	1502	561
1578	18S	1578	83	2030	1306	141
1579	18S	1579	149	2078	894	198
1580	18S	1580	174	1215	793	113
1581	18S	1581	35	1408	509	47
1582	18S	1582	348	2071	1025	275
1583	18S	1583	84	2048	1365	114
1584	18S	1584	33	938	556	85
1585	18S	1585	218	12969	2432	541
1586	18S	1586	78	1896	787	74
1587	18S	1587	18	1332	1034	52
1588	18S	1588	22	768	538	48
1589	18S	1589	25	2765	573	34
1590	18S	1590	78	1127	425	103
1591	18S	1591	14	892	191	19
1592	18S	1592	135	1735	1345	272
1593	18S	1593	22	906	711	52
1594	18S	1594	21	699	603	68
1595	18S	1595	176	5274	1007	422
1596	18S	1596	19	488	270	25
1597	18S	1597	268	1982	1680	518
1598	18S	1598	293	1584	1004	422
1599	18S	1599	26	471	183	26
1600	18S	1600	44	933	692	86
1601	18S	1601	10	178	333	44
1602	18S	1602	24	1163	360	30
1603	18S	1603	21	419	171	29
1604	18S	1604	5	188	76	14
1605	18S	1605	37	269	159	61
1606	18S	1606	10	410	159	30
1607	18S	1607	64	459	517	111
1608	18S	1608	372	2184	1430	486
1609	18S	1609	72	557	527	68
1610	18S	1610	29	218	211	53
1611	18S	1611	549	3066	1855	862
1612	18S	1612	99	711	675	116
1613	18S	1613	106	632	615	102
1614	18S	1614	550	1587	1705	542
1615	18S	1615	16	286	411	16
1616	18S	1616	25	240	249	18
1617	18S	1617	18	877	215	27
1618	18S	1618	17	66	108	49
1619	18S	1619	21	139	218	15
1620	18S	1620	28	217	593	24
1621	18S	1621	16	237	462	24
1622	18S	1622	4	77	97	4
1623	18S	1623	36	651	323	50
1624	18S	1624	50	214	361	66
1625	18S	1625	128	207	784	75
1626	18S	1626	162	333	697	141
1627	18S	1627	373	620	1136	342
1628	18S	1628	125	579	1673	117
1629	18S	1629	17	88	178	23
1630	18S	1630	324	1617	1596	278
1631	18S	1631	328	443	1165	214
1632	18S	1632	94	428	1918	75
1633	18S	1633	530	1076	2909	427
1634	18S	1634	17	150	359	25
1635	18S	1635	65	326	733	152
1636	18S	1636	20	145	433	52
1637	18S	1637	20	86	171	20
1638	18S	1638	6	38	75	10
1639	18S	1639	38	228	183	31
1640	18S	1640	985	4760	2157	1867
1641	18S	1641	7	93	122	25
1642	18S	1642	21	136	189	46
1643	18S	1643	82	777	389	130
1644	18S	1644	28	117	254	33
1645	18S	1645	53	150	386	64
1646	18S	1646	10	143	143	13
1647	18S	1647	119	75	491	414
1648	18S	1648	39	108	460	51
1649	18S	1649	36	63	487	59
1650	18S	1650	16	153	161	22
1651	18S	1651	38	96	329	29
1652	18S	1652	61	192	1210	140
1653	18S	1653	15	84	948	20
1654	18S	1654	13	46	336	35
1655	18S	1655	206	319	1355	468
1656	18S	1656	74	323	1174	234
1657	18S	1657	17	130	729	71
1658	18S	1658	41	101	452	101
1659	18S	1659	22	198	255	44
1660	18S	1660	55	318	1444	164
1661	18S	1661	5	117	405	15
1662	18S	1662	3	107	143	7
1663	18S	1663	7	98	222	17
1664	18S	1664	14	133	310	27
1665	18S	1665	13	111	183	15
1666	18S	1666	32	161	215	33
1667	18S	1667	13	88	270	13
1668	18S	1668	7	57	241	18
1669	18S	1669	2	66	124	6
1670	18S	1670	0	37	112	7
1671	18S	1671	21	344	460	33
1672	18S	1672	2	46	154	14
1673	18S	1673	4	97	129	13
1674	18S	1674	6	100	104	4
1675	18S	1675	6	59	116	9
1676	18S	1676	23	155	263	35
1677	18S	1677	5	66	147	7
1678	18S	1678	7	186	333	24
1679	18S	1679	6	58	229	16
1680	18S	1680	1	36	33	9
1681	18S	1681	57	435	409	120
1682	18S	1682	27	331	10070	3060
1683	18S	1683	8	186	528	44
1684	18S	1684	4	161	301	29
1685	18S	1685	9	34	117	16
1686	18S	1686	21	193	522	50
1687	18S	1687	48	418	674	78
1688	18S	1688	60	520	869	108
1689	18S	1689	16	333	699	67
1690	18S	1690	3	55	851	107
1691	18S	1691	18	71	321	38
1692	18S	1692	1	11	117	13
1693	18S	1693	5	39	141	36
1694	18S	1694	16	33	317	32
1695	18S	1695	5	18	150	23
1696	18S	1696	2	41	83	4
1697	18S	1697	2	43	55	12
1698	18S	1698	6	50	73	17
1699	18S	1699	29	92	232	84
1700	18S	1700	2	48	77	12
1701	18S	1701	15	144	873	261
1702	18S	1702	21	244	1666	466
1703	18S	1703	0	26	392	38
1704	18S	1704	24	97	291	41
1705	18S	1705	7	49	124	23
1706	18S	1706	1	33	85	5
1707	18S	1707	36	90	383	99
1708	18S	1708	20	116	924	260
1709	18S	1709	4	24	106	17
1710	18S	1710	38	57	219	59
1711	18S	1711	0	12	56	3
1712	18S	1712	10	15	241	40
1713	18S	1713	1	5	604	142
1714	18S	1714	0	15	69	12
1715	18S	1715	1	7	32	17
1716	18S	1716	0	6	37	2
1717	18S	1717	0	4	18	6
1718	18S	1718	2	7	38	10
1719	18S	1719	10	14	113	23
1720	18S	1720	3	2	61	12
1721	18S	1721	22	18	106	93
1722	18S	1722	30	30	1073	1824
1723	18S	1723	14	35	202	170
1724	18S	1724	11	12	82	43
1725	18S	1725	3	14	42	4
1726	18S	1726	0	5	13	2
1727	18S	1727	8	3	33	8
1728	18S	1728	82	22	49	96
1729	18S	1729	3	10	110	26
1730	18S	1730	9	11	25	16
1731	18S	1731	26	7	169	160
1732	18S	1732	23	4	1128	2329
1733	18S	1733	4	4	66	27
1734	18S	1734	9	5	36	49
1735	18S	1735	7	5	45	6
1736	18S	1736	0	2	2	3
1737	18S	1737	2	1	10	0
1738	18S	1738	1	12	16	9
1739	18S	1739	3	4	3	2
1740	18S	1740	5	3	22	8
1741	18S	1741	3	2	6	5
1742	18S	1742	3	0	2	0
1743	18S	1743	2	0	3	1
1744	18S	1744	0	1	0	3
1745	18S	1745	0	0	2	0
1746	18S	1746	0	1	3	0
1747	18S	1747	0	0	11	0
1748	18S	1748	0	0	0	0
1749	18S	1749	0	1	5	1
1750	18S	1750	0	0	18	27
1751	18S	1751	0	0	9	3
1752	18S	1752	5	2	2	6
1753	18S	1753	0	0	0	3
1754	18S	1754	0	0	6	5
1755	18S	1755	5	0	13	6
1756	18S	1756	4	1	10	2
1757	18S	1757	0	0	6	4
1758	18S	1758	5	1	11	5
1759	18S	1759	1	0	2	0
1760	18S	1760	1	0	10	3
1761	18S	1761	3	3	13	9
1762	18S	1762	4	4	20	4
1763	18S	1763	12	1	35	38
1764	18S	1764	14	0	41	8
1765	18S	1765	8	1	25	3
1766	18S	1766	2	0	2	5
1767	18S	1767	1	0	1	0
1768	18S	1768	0	0	1	0
1769	18S	1769	2	0	7	0
1770	18S	1770	2	0	0	0
1771	18S	1771	0	0	0	0
1772	18S	1772	0	0	0	0
1773	18S	1773	0	0	0	0
1774	18S	1774	0	0	0	0
1775	18S	1775	0	0	0	0
1776	18S	1776	0	0	0	0
1777	18S	1777	0	0	0	0
1778	18S	1778	0	0	0	0
1779	18S	1779	0	0	0	0
1780	18S	1780	0	0	0	0
1781	18S	1781	0	0	0	0
1782	18S	1782	0	0	0	0
1783	18S	1783	0	0	0	0
1784	18S	1784	0	0	0	0
1785	18S	1785	0	0	0	0
1786	18S	1786	0	0	0	0
1787	18S	1787	0	0	0	0
1788	18S	1788	0	0	0	0
1789	18S	1789	0	0	0	0
1790	18S	1790	0	0	0	0
1791	18S	1791	0	0	0	0
1792	18S	1792	0	0	0	0
1793	18S	1793	0	0	0	0
1794	18S	1794	0	0	0	0
1795	18S	1795	0	0	0	0
1796	18S	1796	0	0	0	0
1797	18S	1797	0	0	0	0
1798	18S	1798	0	0	0	0
1799	18S	1799	0	0	0	0
1800	18S	1800	0	0	0	0
