gene	position	ETOH1	ET0H2	DMS1	DMS2
1	18S	1	209900	111031	97083	28175
2	18S	2	214304	113515	98602	31619
3	18S	3	218391	116006	101125	34867
4	18S	4	221350	120423	105387	36543
5	18S	5	222111	122937	106941	37182
6	18S	6	222208	123455	107341	37253
7	18S	7	222725	124508	108085	37673
8	18S	8	224735	127538	109601	38820
9	18S	9	225723	130522	111922	39451
10	18S	10	226030	131339	112590	39710
11	18S	11	226422	132881	113093	40109
12	18S	12	226839	133673	114937	41137
13	18S	13	227464	135040	115874	41458
14	18S	14	227994	138090	117640	41798
15	18S	15	228175	139523	118390	41933
16	18S	16	228485	140290	118805	42114
17	18S	17	229177	144220	120192	42506
18	18S	18	229535	146299	121432	42800
19	18S	19	230202	149023	123283	43343
20	18S	20	230617	150290	124436	43725
21	18S	21	234581	157725	128310	46147
22	18S	22	235212	161323	130062	46547
23	18S	23	236604	165709	134858	47654
24	18S	24	242235	176535	139711	51829
25	18S	25	242842	180613	141641	52672
26	18S	26	246703	186531	157156	64538
27	18S	27	248709	189405	161338	67031
28	18S	28	252441	200695	164895	69771
29	18S	29	252841	204417	168671	70908
30	18S	30	253409	205837	169895	71580
31	18S	31	253916	210396	171555	72126
32	18S	32	256486	213834	175280	74117
33	18S	33	257096	216956	177948	74555
34	18S	34	257906	218846	179570	75184
35	18S	35	259873	226358	182747	76596
36	18S	36	260488	230244	185279	76924
37	18S	37	55233	123100	91770	52965
38	18S	38	51184	122624	91439	49709
39	18S	39	46765	121239	88813	46812
40	18S	40	48301	123451	95331	50506
41	18S	41	45641	119081	96314	50599
42	18S	42	45968	120967	101707	52000
43	18S	43	51542	131803	113825	61802
44	18S	44	53486	134858	117664	64655
45	18S	45	55408	138138	119414	66258
46	18S	46	56490	142921	121199	67073
47	18S	47	56006	142736	122569	66943
48	18S	48	56638	144056	124969	67792
49	18S	49	57448	146394	125949	68521
50	18S	50	57584	144332	125159	68795
51	18S	51	59149	144033	125596	70030
52	18S	52	59406	144797	128438	71059
53	18S	53	60051	142794	128406	72605
54	18S	54	59875	142068	127682	72553
55	18S	55	62675	140104	128172	76066
56	18S	56	63152	141481	131178	76797
57	18S	57	59910	135258	128746	75350
58	18S	58	63464	136569	130543	80960
59	18S	59	63476	134003	128236	81325
60	18S	60	59754	125033	124805	78619
61	18S	61	57224	117572	109811	68190
62	18S	62	52516	106694	108104	65810
63	18S	63	53673	110588	114463	69693
64	18S	64	55195	125842	118665	73290
65	18S	65	56000	123197	115472	73818
66	18S	66	56864	125409	136522	86327
67	18S	67	54592	119121	132771	85297
68	18S	68	53826	118165	177116	95896
69	18S	69	54453	119959	182416	97979
70	18S	70	55249	121915	184528	99879
71	18S	71	54471	113639	182215	100837
72	18S	72	55011	113354	193854	114882
73	18S	73	58865	118142	204754	122876
74	18S	74	60340	119742	206972	125541
75	18S	75	59434	117540	206081	126167
76	18S	76	58204	112671	193970	122369
77	18S	77	58986	114929	207151	129798
78	18S	78	56680	106638	193006	122329
79	18S	79	57221	108990	199439	123897
80	18S	80	52770	99471	196580	119854
81	18S	81	53832	102404	226714	128748
82	18S	82	55171	113936	237581	131523
83	18S	83	56129	116714	238082	133896
84	18S	84	55264	123501	238018	134016
85	18S	85	55648	124701	257258	142395
86	18S	86	55615	126503	265964	146437
87	18S	87	56006	127947	269608	147268
88	18S	88	56124	129032	268796	146792
89	18S	89	55344	128862	269308	145567
90	18S	90	55384	129066	270179	145853
91	18S	91	53635	132060	273000	146000
92	18S	92	52602	134447	269951	144864
93	18S	93	51318	135035	278480	145426
94	18S	94	51459	137039	281657	145950
95	18S	95	50341	137276	280995	145116
96	18S	96	48727	136373	280267	143931
97	18S	97	47733	137823	282743	142715
98	18S	98	51050	138356	281655	145367
99	18S	99	50515	135591	276692	142703
100	18S	100	69719	128732	285215	156293
101	18S	101	74192	133870	293278	166265
102	18S	102	75669	134951	275710	157606
103	18S	103	75205	131811	228310	146760
104	18S	104	75379	132174	239190	152594
105	18S	105	76772	134014	266087	169701
106	18S	106	77921	136260	273383	176851
107	18S	107	76367	135250	271967	175358
108	18S	108	66389	125900	245798	148127
109	18S	109	66971	127037	251310	151272
110	18S	110	69370	132181	255574	155987
111	18S	111	68027	129649	253207	154138
112	18S	112	66659	126293	239777	146058
113	18S	113	69700	128962	246098	152829
114	18S	114	66334	125855	244117	149683
115	18S	115	66879	127877	241497	150660
116	18S	116	68610	129066	242261	152099
117	18S	117	69915	128781	215228	146273
118	18S	118	69973	118831	206907	145818
119	18S	119	69896	106063	201184	143835
120	18S	120	71339	109256	205481	146570
121	18S	121	72548	111197	190231	140600
122	18S	122	70805	108558	181650	135652
123	18S	123	70843	108194	179670	135839
124	18S	124	70962	108697	178238	137236
125	18S	125	72430	111301	188126	145339
126	18S	126	70459	103250	182822	141050
127	18S	127	70924	105730	188862	143140
128	18S	128	71857	109555	192807	144677
129	18S	129	69717	105661	182933	139739
130	18S	130	69860	105175	182893	140328
131	18S	131	70688	106585	188708	142361
132	18S	132	73377	112020	199948	148013
133	18S	133	74535	112201	204234	151281
134	18S	134	71422	110995	202938	148488
135	18S	135	52745	104116	201622	140620
136	18S	136	53102	106637	218851	146441
137	18S	137	50188	105100	228222	147628
138	18S	138	50522	102692	227129	149009
139	18S	139	51469	104216	233506	151579
140	18S	140	51524	104485	197069	132309
141	18S	141	52131	108639	203029	131545
142	18S	142	51236	108090	198322	124982
143	18S	143	51484	109247	200738	125296
144	18S	144	54336	114403	204903	129151
145	18S	145	56666	112281	200804	129802
146	18S	146	57082	113941	205923	133229
147	18S	147	55955	112980	204786	131503
148	18S	148	53547	111580	206118	130298
149	18S	149	53764	112524	211862	132448
150	18S	150	53755	112374	212268	132283
151	18S	151	52766	108795	209449	129659
152	18S	152	50245	106615	207872	127318
153	18S	153	48026	105269	207867	124529
154	18S	154	47293	105811	210019	124006
155	18S	155	47066	106142	213327	124179
156	18S	156	44786	102093	210995	120869
157	18S	157	45887	103503	219456	126017
158	18S	158	47098	106499	229227	129870
159	18S	159	47702	108383	233022	131743
160	18S	160	47042	106335	235007	130768
161	18S	161	47470	107371	236922	128721
162	18S	162	45305	100607	226855	122583
163	18S	163	45346	101140	229087	122949
164	18S	164	45523	109674	234594	123397
165	18S	165	45947	113483	243442	125141
166	18S	166	46427	122249	249575	126243
167	18S	167	46360	122241	248344	127049
168	18S	168	42425	117162	235542	120410
169	18S	169	42074	117619	240267	123634
170	18S	170	42906	121004	253227	128731
171	18S	171	41164	118403	224029	113947
172	18S	172	41504	120717	233625	115569
173	18S	173	38507	121160	218371	101025
174	18S	174	38872	125443	231443	102819
175	18S	175	38237	125951	230854	101736
176	18S	176	36010	132017	238674	99851
177	18S	177	37961	136825	245271	105061
178	18S	178	40169	146203	254027	110395
179	18S	179	36886	139777	254891	107949
180	18S	180	33167	143126	300922	111399
181	18S	181	33110	145551	342707	116880
182	18S	182	33505	149133	428514	133663
183	18S	183	33780	152234	447112	137489
184	18S	184	33238	151965	443448	133416
185	18S	185	34654	157838	457361	136321
186	18S	186	34505	157572	457412	135899
187	18S	187	34449	157934	458446	135922
188	18S	188	35334	162534	469564	137497
189	18S	189	35550	164544	479366	139805
190	18S	190	35035	164060	477669	138402
191	18S	191	33652	162432	475082	136332
192	18S	192	32936	161306	472482	135946
193	18S	193	32397	162065	466095	132347
194	18S	194	31400	161024	459588	129083
195	18S	195	30468	159514	456280	126306
196	18S	196	30253	158914	453541	125309
197	18S	197	28117	152381	438106	119660
198	18S	198	27407	139249	425442	117579
199	18S	199	27558	140256	491620	125009
200	18S	200	25198	125794	477793	118632
201	18S	201	25234	126264	479970	119216
202	18S	202	26992	129169	484893	123788
203	18S	203	27305	133733	497175	125453
204	18S	204	27556	136037	500427	126238
205	18S	205	28116	151036	507208	124585
206	18S	206	27163	153145	504182	121080
207	18S	207	27915	158286	511923	123340
208	18S	208	28894	161069	509357	124514
209	18S	209	27350	156179	506520	122599
210	18S	210	28228	154360	494378	123202
211	18S	211	28901	157964	502614	126403
212	18S	212	29026	151597	495648	126050
213	18S	213	21826	119644	368112	90123
214	18S	214	22102	122733	378131	91764
215	18S	215	25276	132825	390514	98903
216	18S	216	26757	136858	422107	113166
217	18S	217	26839	135925	344417	99276
218	18S	218	27626	138442	337004	98814
219	18S	219	28334	143502	340920	98823
220	18S	220	27523	143296	336769	97140
221	18S	221	28091	149181	352903	99767
222	18S	222	29823	156192	378805	107822
223	18S	223	31359	162116	398292	114465
224	18S	224	30552	157299	386790	113476
225	18S	225	30503	158302	379283	111718
226	18S	226	32082	166375	408955	117765
227	18S	227	32204	169383	418405	118321
228	18S	228	31659	169309	417413	116888
229	18S	229	32261	186025	430491	119456
230	18S	230	32195	185297	429431	119285
231	18S	231	32248	185810	429244	119374
232	18S	232	33031	189100	431934	120541
233	18S	233	32832	190130	435430	120171
234	18S	234	32622	189746	428846	118451
235	18S	235	32620	191390	367855	111838
236	18S	236	32577	192506	364531	111115
237	18S	237	32676	194868	374373	112076
238	18S	238	31667	195556	380816	111565
239	18S	239	31695	194190	373013	110956
240	18S	240	31825	195432	374072	111349
241	18S	241	30985	181327	362140	108369
242	18S	242	28313	173245	351091	102284
243	18S	243	27606	168805	344056	100138
244	18S	244	26635	171664	340383	98712
245	18S	245	26784	174348	349365	99695
246	18S	246	25399	172284	346805	96660
247	18S	247	24810	172727	338487	94141
248	18S	248	25654	182688	348924	96244
249	18S	249	27500	187660	350675	98309
250	18S	250	27429	187955	344272	97048
251	18S	251	25670	184843	309608	81054
252	18S	252	26667	189752	334144	91879
253	18S	253	25198	185803	319391	86392
254	18S	254	26754	187664	330106	92579
255	18S	255	27287	193161	343752	95119
256	18S	256	26608	186632	317655	90879
257	18S	257	25713	183304	306865	87934
258	18S	258	26592	190575	328690	90227
259	18S	259	26709	195991	327171	86453
260	18S	260	26741	196496	326713	85786
261	18S	261	27044	197996	329927	85992
262	18S	262	27145	200279	314512	82001
263	18S	263	27164	201836	311038	81485
264	18S	264	27581	212887	322722	82739
265	18S	265	26188	206908	308253	78235
266	18S	266	27303	214622	334493	83507
267	18S	267	28116	223945	369703	91624
268	18S	268	27225	221793	368717	90209
269	18S	269	27212	221150	365406	89868
270	18S	270	27251	221864	365833	90036
271	18S	271	27436	218683	368194	90127
272	18S	272	27583	222438	376790	90593
273	18S	273	27514	220880	367733	89687
274	18S	274	26866	221946	361015	86060
275	18S	275	26645	221114	359240	85195
276	18S	276	26407	219044	357639	84288
277	18S	277	26112	218408	358472	83391
278	18S	278	26101	220692	361840	83238
279	18S	279	26060	220999	361851	83108
280	18S	280	25053	213001	356790	80036
281	18S	281	24954	211042	348800	79159
282	18S	282	24922	211845	348152	78860
283	18S	283	23932	203249	341817	75994
284	18S	284	23121	194496	332412	73915
285	18S	285	21104	188756	328665	71399
286	18S	286	20924	187541	327171	71014
287	18S	287	18141	177121	318132	66043
288	18S	288	16627	168356	289285	53659
289	18S	289	16789	170323	294184	54274
290	18S	290	14559	164052	277046	46258
291	18S	291	14308	164367	269160	44476
292	18S	292	14864	173440	276978	44177
293	18S	293	15612	174285	265133	41061
294	18S	294	15238	171758	249409	39723
295	18S	295	14898	166154	234790	37973
296	18S	296	16510	179377	248554	40070
297	18S	297	18465	184098	248252	41961
298	18S	298	17197	177643	238090	40299
299	18S	299	16933	165855	221437	39036
300	18S	300	17304	155888	223683	39844
301	18S	301	17248	152568	210199	38989
302	18S	302	17655	155897	217405	40353
303	18S	303	17059	149388	186260	34592
304	18S	304	17344	151337	184632	32867
305	18S	305	17520	151482	185379	32882
306	18S	306	17524	151899	185156	32828
307	18S	307	16886	148501	175334	31162
308	18S	308	16909	157269	171637	31235
309	18S	309	17033	159731	173271	31475
310	18S	310	17256	158774	171382	31643
311	18S	311	17412	160382	171126	31928
312	18S	312	17901	161199	166548	32466
313	18S	313	20349	174111	196711	43712
314	18S	314	20305	173955	193465	43611
315	18S	315	21124	183088	198590	44771
316	18S	316	21940	188708	206771	47687
317	18S	317	22408	194172	216108	48761
318	18S	318	22727	197277	217507	49239
319	18S	319	23408	202546	221213	50120
320	18S	320	24652	209080	225525	51610
321	18S	321	24482	209373	225679	50757
322	18S	322	24577	209993	225228	50716
323	18S	323	24809	231012	229096	51037
324	18S	324	24913	233457	232933	51319
325	18S	325	24787	232342	228706	50732
326	18S	326	24768	232063	226962	50610
327	18S	327	25053	233547	226008	50664
328	18S	328	21654	211172	201624	46063
329	18S	329	21725	213419	204752	46195
330	18S	330	21778	214521	205865	46318
331	18S	331	18785	193941	184175	42909
332	18S	332	19260	196229	190503	44709
333	18S	333	15594	176025	172798	39527
334	18S	334	15940	179433	177188	40075
335	18S	335	16085	184799	180293	40260
336	18S	336	15619	180823	173792	39053
337	18S	337	14545	179543	161716	34432
338	18S	338	14541	185171	160386	33559
339	18S	339	14468	185007	159954	33216
340	18S	340	14247	182453	157149	32830
341	18S	341	14426	179599	154031	32991
342	18S	342	14663	180071	155407	33337
343	18S	343	14745	179533	155222	33360
344	18S	344	14847	165629	150110	32868
345	18S	345	15162	169580	157244	33161
346	18S	346	14967	167736	159133	32882
347	18S	347	15474	174365	171555	33845
348	18S	348	15725	183605	182178	33423
349	18S	349	14055	175903	157611	23002
350	18S	350	16659	176514	160271	24624
351	18S	351	15631	164502	152013	23110
352	18S	352	14657	155780	137579	19568
353	18S	353	15151	153774	183562	28517
354	18S	354	15349	160099	194487	28821
355	18S	355	15093	158721	203337	28470
356	18S	356	13951	153953	203101	27047
357	18S	357	14227	154919	206873	27699
358	18S	358	14302	155855	208360	28003
359	18S	359	13867	130787	198641	27019
360	18S	360	14763	131175	211924	31195
361	18S	361	14840	131945	213766	31342
362	18S	362	14805	132018	214907	31339
363	18S	363	14330	128703	215022	30726
364	18S	364	14263	127953	216140	30684
365	18S	365	14419	127981	215574	31104
366	18S	366	14679	127962	215718	31572
367	18S	367	15308	126835	213142	32798
368	18S	368	15859	127999	217430	34356
369	18S	369	16010	125651	214740	34296
370	18S	370	16161	122951	220115	35424
371	18S	371	16233	124247	222590	35728
372	18S	372	16398	128256	225760	36149
373	18S	373	16735	128328	226214	36810
374	18S	374	18829	146168	231128	39107
375	18S	375	20755	151727	238541	40946
376	18S	376	20719	152065	240505	40879
377	18S	377	20453	154753	243101	40926
378	18S	378	22561	182704	254664	45292
379	18S	379	22782	187564	258931	45949
380	18S	380	22753	190509	260231	46108
381	18S	381	22736	189581	255901	46122
382	18S	382	22828	192153	255056	46171
383	18S	383	22082	182657	241417	44722
384	18S	384	20962	170061	228599	43678
385	18S	385	17050	158655	213138	40475
386	18S	386	17190	159798	215391	40764
387	18S	387	16626	164504	169745	32120
388	18S	388	16692	165554	172149	32392
389	18S	389	16800	168739	173947	32513
390	18S	390	16738	163823	163745	32286
391	18S	391	15977	151861	138090	30744
392	18S	392	16005	152067	138881	30853
393	18S	393	16087	153262	139509	30965
394	18S	394	16031	151479	137352	30648
395	18S	395	15952	152759	136775	30517
396	18S	396	15180	152270	123680	26551
397	18S	397	15061	145629	112830	26102
398	18S	398	15656	148939	118184	27286
399	18S	399	16012	153993	120396	27757
400	18S	400	16154	153579	122539	28182
401	18S	401	19164	156197	131569	30717
402	18S	402	19237	157749	132861	30858
403	18S	403	18403	159310	131860	28141
404	18S	404	18130	161692	130427	26908
405	18S	405	17626	160393	127743	26308
406	18S	406	17420	157798	119385	25087
407	18S	407	17835	154722	116153	25228
408	18S	408	17919	155494	117676	25444
409	18S	409	17532	151261	115425	24707
410	18S	410	15679	122353	103439	22159
411	18S	411	15967	125514	110050	22398
412	18S	412	17304	125111	111914	22844
413	18S	413	17979	130681	133715	27263
414	18S	414	15860	103657	122814	22733
415	18S	415	15763	99872	119988	22277
416	18S	416	15583	98083	119551	22085
417	18S	417	16029	99593	129852	23885
418	18S	418	16255	101804	137879	24719
419	18S	419	16503	103608	139563	24983
420	18S	420	16806	105477	140656	25289
421	18S	421	16444	98849	139019	24867
422	18S	422	16538	100341	142446	25158
423	18S	423	17151	109723	146305	26427
424	18S	424	17347	114882	146302	26548
425	18S	425	17442	113748	147028	26432
426	18S	426	17671	114900	148759	26757
427	18S	427	18117	120277	153013	27141
428	18S	428	18342	120828	154083	27063
429	18S	429	18522	123356	157525	27340
430	18S	430	18644	125436	158509	27497
431	18S	431	18801	127873	160130	27633
432	18S	432	18939	129638	160749	27681
433	18S	433	18927	131270	161715	27744
434	18S	434	19304	130925	160544	28004
435	18S	435	19191	130472	160388	27835
436	18S	436	18782	126417	149671	26660
437	18S	437	21308	142217	157936	32033
438	18S	438	23025	143053	163233	36617
439	18S	439	23820	148200	171644	38849
440	18S	440	23730	146146	169647	38761
441	18S	441	23866	146097	169714	38849
442	18S	442	23933	147001	171457	39047
443	18S	443	23431	145967	170481	38421
444	18S	444	23638	146299	170941	38647
445	18S	445	21357	142435	164805	36926
446	18S	446	21383	141653	161695	37921
447	18S	447	22233	145924	168364	39733
448	18S	448	20850	143719	163985	38843
449	18S	449	21024	148339	156147	35226
450	18S	450	23231	157202	167940	36521
451	18S	451	23540	154905	167320	36550
452	18S	452	23927	150335	160308	37739
453	18S	453	24483	152692	173746	40756
454	18S	454	25821	153501	169281	41088
455	18S	455	25700	152720	168726	40945
456	18S	456	25059	143095	164882	40447
457	18S	457	25176	143787	166749	40618
458	18S	458	25276	144794	167602	40742
459	18S	459	24717	136420	164156	39538
460	18S	460	24228	126864	157927	38990
461	18S	461	24293	127267	159091	39130
462	18S	462	24368	127518	159249	39192
463	18S	463	24703	123243	156010	39600
464	18S	464	23979	114796	148077	38838
465	18S	465	24201	115441	149069	39155
466	18S	466	24271	116381	149593	39231
467	18S	467	24018	112192	147041	38980
468	18S	468	26022	108495	144974	40755
469	18S	469	26326	109408	146684	41388
470	18S	470	26253	104685	143698	40922
471	18S	471	25166	104645	143909	40570
472	18S	472	26495	107161	148655	42611
473	18S	473	23216	88186	134390	33751
474	18S	474	23246	84467	130032	33070
475	18S	475	25269	84217	133603	36686
476	18S	476	25642	85572	136610	37789
477	18S	477	25775	86037	136041	37777
478	18S	478	27205	88617	140500	40365
479	18S	479	27279	89869	142514	40522
480	18S	480	27326	91796	142936	40567
481	18S	481	27274	94886	138910	39641
482	18S	482	27954	97266	145555	41156
483	18S	483	28192	91303	136361	39960
484	18S	484	28247	91802	138179	40113
485	18S	485	24172	69886	106566	37085
486	18S	486	24200	70744	107777	37178
487	18S	487	24236	71563	108129	37219
488	18S	488	23226	69953	100806	34123
489	18S	489	22827	69557	88336	31302
490	18S	490	21351	67488	85109	30208
491	18S	491	21305	66939	84911	30214
492	18S	492	21346	65201	76757	29832
493	18S	493	21511	65860	80969	31132
494	18S	494	23206	67886	84791	32497
495	18S	495	23197	67685	84969	32499
496	18S	496	22941	66700	88622	32667
497	18S	497	22892	67078	87738	32540
498	18S	498	22891	67074	87842	32592
499	18S	499	22414	66958	87416	32124
500	18S	500	22465	67472	87557	32183
501	18S	501	22964	69416	88177	32753
502	18S	502	23033	71088	89117	32849
503	18S	503	23106	71352	89234	32900
504	18S	504	20922	68863	87714	30752
505	18S	505	19642	65162	83137	28998
506	18S	506	17903	61727	84370	30213
507	18S	507	18752	65248	88687	31348
508	18S	508	17598	63904	85423	29576
509	18S	509	16353	62390	82997	28375
510	18S	510	15765	61377	79950	27078
511	18S	511	13695	60612	73620	22764
512	18S	512	14934	58677	75355	26367
513	18S	513	15167	60184	78497	26898
514	18S	514	13794	57146	74015	24380
515	18S	515	13525	50741	75556	24250
516	18S	516	14013	52269	84609	25861
517	18S	517	15548	61843	89302	27358
518	18S	518	17586	59909	83262	26985
519	18S	519	19272	61618	87579	28228
520	18S	520	19848	59970	85074	28521
521	18S	521	22637	61535	88653	31863
522	18S	522	23407	64666	95300	32841
523	18S	523	23847	65164	96581	33233
524	18S	524	25101	67249	98388	34681
525	18S	525	25911	65445	98716	35346
526	18S	526	26846	66486	102436	36930
527	18S	527	27598	68594	106260	38613
528	18S	528	28444	75756	116522	40145
529	18S	529	27722	76150	112146	38476
530	18S	530	27988	78663	138600	42366
531	18S	531	28326	81720	142779	42610
532	18S	532	29229	83584	142025	43123
533	18S	533	29483	83657	142606	43317
534	18S	534	29707	84019	143406	43715
535	18S	535	31591	84892	208241	61919
536	18S	536	31763	85514	210579	62361
537	18S	537	31197	84275	211285	62201
538	18S	538	31376	87605	218008	62787
539	18S	539	31761	90844	224081	63936
540	18S	540	32090	94066	226681	64245
541	18S	541	33271	112015	238875	62601
542	18S	542	43304	126198	249465	74178
543	18S	543	44672	129536	278792	80060
544	18S	544	46250	132528	285063	82836
545	18S	545	47220	133937	312010	93694
546	18S	546	47985	135912	318640	95275
547	18S	547	47737	135245	318994	95198
548	18S	548	46008	134373	315253	91165
549	18S	549	45898	133959	312920	90702
550	18S	550	44882	131486	299626	88289
551	18S	551	45040	134045	303876	88751
552	18S	552	45444	143604	309089	89707
553	18S	553	45201	140818	308180	89807
554	18S	554	41290	141293	307885	88000
555	18S	555	40150	140777	316924	90406
556	18S	556	36788	136425	309340	86489
557	18S	557	37150	138505	314335	87402
558	18S	558	38255	160398	323303	89385
559	18S	559	37957	160628	323290	89194
560	18S	560	36977	160326	324630	88260
561	18S	561	36142	162555	325978	87603
562	18S	562	35428	176038	326871	86430
563	18S	563	34346	175949	322095	83996
564	18S	564	33782	170230	313176	82771
565	18S	565	33237	171499	311325	82466
566	18S	566	33101	170036	285884	78763
567	18S	567	31672	163604	276829	77130
568	18S	568	32810	167383	281377	78524
569	18S	569	33442	171685	283889	78960
570	18S	570	30790	169164	215814	59709
571	18S	571	31067	172123	219863	60409
572	18S	572	31319	179159	222098	60703
573	18S	573	31377	179359	220600	59999
574	18S	574	30725	172448	212174	58973
575	18S	575	30650	180445	213795	58419
576	18S	576	30988	181142	216797	58912
577	18S	577	30341	171973	206172	57483
578	18S	578	21916	173723	200431	47292
579	18S	579	25194	179071	170815	41996
580	18S	580	27012	180981	159444	38362
581	18S	581	27777	183945	164893	39453
582	18S	582	27945	185453	160614	38534
583	18S	583	28713	186778	160791	38388
584	18S	584	28716	187394	160747	38354
585	18S	585	28360	181136	155186	37628
586	18S	586	28821	183329	158437	38333
587	18S	587	29158	187956	160290	38717
588	18S	588	29602	182664	157563	38673
589	18S	589	28728	177777	154833	37419
590	18S	590	29267	175158	153567	37735
591	18S	591	28298	171177	135157	33650
592	18S	592	30279	169770	132807	36351
593	18S	593	31515	170472	135144	38228
594	18S	594	30119	144856	121210	35648
595	18S	595	30806	145714	123892	37260
596	18S	596	31125	148123	126573	37656
597	18S	597	31740	147111	127304	38371
598	18S	598	34166	140547	136192	40370
599	18S	599	37621	140456	141553	42309
600	18S	600	40421	144597	153000	46380
601	18S	601	48710	143036	157825	51037
602	18S	602	53489	145607	164872	55306
603	18S	603	57178	147255	167785	57678
604	18S	604	55793	140341	161779	56206
605	18S	605	57338	140011	166965	58926
606	18S	606	57367	131879	168653	59841
607	18S	607	57857	132864	172784	60980
608	18S	608	60287	139791	178463	63448
609	18S	609	60339	139023	178377	63593
610	18S	610	60832	139602	179659	64070
611	18S	611	62217	136956	178213	65025
612	18S	612	62080	134488	174899	64521
613	18S	613	60928	125896	167510	63344
614	18S	614	59811	114778	166824	62437
615	18S	615	51040	100215	145631	51468
616	18S	616	53229	106982	158980	54667
617	18S	617	56630	118191	169679	57482
618	18S	618	58469	118103	171715	59228
619	18S	619	60499	120165	181548	63065
620	18S	620	63273	125452	188702	66770
621	18S	621	64319	128099	192267	67791
622	18S	622	64782	125980	199763	69206
623	18S	623	62970	122174	202124	67410
624	18S	624	63285	123940	205324	67885
625	18S	625	63475	129001	208276	68161
626	18S	626	65343	132614	215736	70917
627	18S	627	65053	133395	216508	70458
628	18S	628	62982	134462	215333	67134
629	18S	629	66314	155562	225974	70721
630	18S	630	66006	157135	225060	69434
631	18S	631	66348	160855	229851	70177
632	18S	632	69447	219209	250023	73458
633	18S	633	70420	273580	272577	74386
634	18S	634	68515	278511	267996	72582
635	18S	635	64271	318327	266175	68829
636	18S	636	58307	335837	277833	70022
637	18S	637	60438	345989	300250	74064
638	18S	638	58465	357049	301118	71783
639	18S	639	55442	357480	298726	69661
640	18S	640	55395	360965	299775	69588
641	18S	641	53908	364305	295114	66953
642	18S	642	53464	373094	290167	65146
643	18S	643	53050	376068	287023	64068
644	18S	644	50789	371281	282168	61756
645	18S	645	50680	372913	282068	61693
646	18S	646	50206	373522	282611	61222
647	18S	647	48832	367186	278558	59956
648	18S	648	49098	369470	278621	60301
649	18S	649	49333	374140	279310	60481
650	18S	650	48354	368422	272756	59367
651	18S	651	46829	363793	265164	57888
652	18S	652	45583	361501	254813	55423
653	18S	653	43072	362290	247361	53438
654	18S	654	40409	360103	244337	51022
655	18S	655	37291	354979	231901	46525
656	18S	656	34189	347578	220733	42333
657	18S	657	33037	345824	215027	40926
658	18S	658	32627	350141	208837	39593
659	18S	659	32098	352943	203335	38473
660	18S	660	32012	354693	203606	39525
661	18S	661	32443	354612	201596	40726
662	18S	662	34450	364974	209472	43122
663	18S	663	36237	372838	213349	45029
664	18S	664	38347	382148	218032	46770
665	18S	665	36560	364811	210131	44311
666	18S	666	36637	368318	208395	44376
667	18S	667	40135	378978	210957	46549
668	18S	668	37290	322858	192015	43476
669	18S	669	35852	269361	167756	42037
670	18S	670	36415	262190	162967	42676
671	18S	671	34227	215234	146329	40196
672	18S	672	33152	201348	131113	35939
673	18S	673	30096	182900	106823	32374
674	18S	674	31059	196339	124785	33444
675	18S	675	31804	224792	156747	34197
676	18S	676	31515	221994	156137	33954
677	18S	677	31877	220515	157915	34544
678	18S	678	50160	263485	189414	46479
679	18S	679	60455	302236	226200	52428
680	18S	680	62689	323787	237730	53928
681	18S	681	66149	337892	244777	55850
682	18S	682	67871	348696	249461	57101
683	18S	683	67684	350586	248699	56973
684	18S	684	66797	349838	248022	56232
685	18S	685	67753	353474	255207	58139
686	18S	686	68010	355499	256590	58371
687	18S	687	68100	363036	258062	58514
688	18S	688	67549	379314	260113	58151
689	18S	689	66730	372541	257588	57449
690	18S	690	66907	373864	257517	57839
691	18S	691	67997	377756	259927	59251
692	18S	692	70743	384486	271453	63919
693	18S	693	72728	392525	284317	67986
694	18S	694	73164	390163	285372	68536
695	18S	695	76136	395306	290288	71140
696	18S	696	79648	402786	299314	72285
697	18S	697	77157	399215	295964	68621
698	18S	698	77842	400126	334166	75072
699	18S	699	77628	397447	332845	74287
700	18S	700	76471	392496	332686	73264
701	18S	701	75101	394131	332318	72381
702	18S	702	74172	387622	330014	71400
703	18S	703	70730	377560	324181	68928
704	18S	704	72116	391010	328769	70103
705	18S	705	73570	406185	332362	71262
706	18S	706	72342	406955	328398	70289
707	18S	707	72403	410416	415452	83644
708	18S	708	72892	415124	448032	88475
709	18S	709	72158	420334	446992	87446
710	18S	710	72738	423603	435405	87605
711	18S	711	71290	396431	402229	86118
712	18S	712	72482	406742	404653	87242
713	18S	713	46081	342860	342323	71596
714	18S	714	46145	345476	345880	71910
715	18S	715	47929	365929	351711	74208
716	18S	716	45862	346774	341175	72918
717	18S	717	42373	333694	334323	70933
718	18S	718	42313	330953	335338	71425
719	18S	719	42678	331459	335929	71755
720	18S	720	42811	329253	334767	71679
721	18S	721	41856	332690	328072	69791
722	18S	722	42449	340252	331329	70329
723	18S	723	42508	337648	331198	70371
724	18S	724	42615	321855	327800	70571
725	18S	725	44114	320131	332385	72254
726	18S	726	44595	318824	332470	72127
727	18S	727	45196	321253	332320	72039
728	18S	728	42466	316088	322320	67640
729	18S	729	40335	306596	307422	63963
730	18S	730	40899	313704	305646	67515
731	18S	731	38429	315745	302035	65312
732	18S	732	35245	307331	290820	63184
733	18S	733	34168	311053	246456	56258
734	18S	734	34042	309131	281925	68248
735	18S	735	35120	312233	336127	81169
736	18S	736	34265	310161	332728	80984
737	18S	737	35830	314794	345286	83378
738	18S	738	36034	318197	349853	84036
739	18S	739	37312	336083	358185	86242
740	18S	740	52024	376858	368710	96101
741	18S	741	55502	398525	452218	119226
742	18S	742	66745	416631	602533	144394
743	18S	743	73113	430414	529733	135625
744	18S	744	74794	435663	505681	133318
745	18S	745	82189	447363	515129	137232
746	18S	746	90714	452596	520496	142666
747	18S	747	97946	468514	556567	148684
748	18S	748	104449	472895	570683	153137
749	18S	749	110899	466577	590285	158912
750	18S	750	114999	482175	608834	163176
751	18S	751	115754	469222	614543	164118
752	18S	752	120803	476739	629710	171620
753	18S	753	122873	477240	636413	173806
754	18S	754	125747	488645	655632	177733
755	18S	755	128437	487964	680258	186045
756	18S	756	132446	488419	703049	192829
757	18S	757	140640	488458	744766	210099
758	18S	758	143816	499619	767545	216173
759	18S	759	148061	502287	775231	219859
760	18S	760	144553	488155	769176	216770
761	18S	761	146519	491713	781015	219617
762	18S	762	147123	500172	790408	220524
763	18S	763	150299	513062	815341	224850
764	18S	764	151288	534793	836388	226155
765	18S	765	152260	546185	858846	226608
766	18S	766	156183	576707	882339	227621
767	18S	767	167183	578961	889236	234055
768	18S	768	170035	582812	898586	236441
769	18S	769	167633	569023	860432	223221
770	18S	770	168357	572415	829226	214315
771	18S	771	166581	556235	828147	211958
772	18S	772	166984	558025	851533	215821
773	18S	773	168111	575746	862298	217516
774	18S	774	150168	487258	835121	203732
775	18S	775	150230	489118	841135	204417
776	18S	776	153267	517832	861414	208742
777	18S	777	150886	516121	791002	187379
778	18S	778	141908	496801	647328	166132
779	18S	779	136897	499012	642542	163664
780	18S	780	135844	479172	632568	163116
781	18S	781	137763	491933	696749	174558
782	18S	782	129213	475056	695618	169120
783	18S	783	122254	460363	662664	163164
784	18S	784	115377	450688	649843	157689
785	18S	785	114553	429957	627313	155374
786	18S	786	110777	416733	611272	151060
787	18S	787	109781	413756	607159	151023
788	18S	788	107878	414251	597641	151166
789	18S	789	133739	417217	625598	168459
790	18S	790	140786	458150	706558	182582
791	18S	791	159084	463990	684823	179041
792	18S	792	176728	489086	746247	192698
793	18S	793	186143	485777	705738	181638
794	18S	794	197590	515566	775892	191951
795	18S	795	196270	514497	775634	190580
796	18S	796	194886	501655	761512	188034
797	18S	797	203152	514611	791904	201251
798	18S	798	204379	519030	798558	202796
799	18S	799	207849	494722	778716	203795
800	18S	800	209653	506647	824165	206973
801	18S	801	208863	496065	810519	205991
802	18S	802	206606	462941	811810	206607
803	18S	803	195514	455966	818867	202646
804	18S	804	203948	463308	883971	216850
805	18S	805	213208	475516	926848	230891
806	18S	806	216674	472115	902721	232638
807	18S	807	223728	481089	916046	242797
808	18S	808	227773	494567	951043	252876
809	18S	809	223906	449176	922572	247408
810	18S	810	225773	456821	1008066	257047
811	18S	811	228557	479536	1032135	263399
812	18S	812	230271	463864	1055412	275974
813	18S	813	231978	471439	1138349	292691
814	18S	814	215214	425820	1115032	278580
815	18S	815	215424	427073	1126208	280488
816	18S	816	215632	429226	1131525	280959
817	18S	817	221794	420806	1077998	277016
818	18S	818	222204	423083	1089204	278925
819	18S	819	225775	433605	1104956	284913
820	18S	820	230523	433265	1108683	288892
821	18S	821	225201	430204	1107972	285725
822	18S	822	225962	430771	1112224	286787
823	18S	823	225305	431312	1113023	284867
824	18S	824	219699	414980	1100049	277095
825	18S	825	194824	404333	1060289	260059
826	18S	826	190904	370695	989919	249817
827	18S	827	166329	360648	980711	240192
828	18S	828	150613	339473	925451	229084
829	18S	829	126625	298480	840400	215324
830	18S	830	129836	304411	851460	219772
831	18S	831	128876	304568	852946	220408
832	18S	832	133776	312629	861948	224432
833	18S	833	126656	304058	840575	212808
834	18S	834	127325	304872	842568	213745
835	18S	835	122957	317674	850044	211756
836	18S	836	122616	317161	828999	210411
837	18S	837	122822	319653	833142	210848
838	18S	838	122893	328261	843205	209750
839	18S	839	123111	332742	846063	208774
840	18S	840	126120	327910	804840	200619
841	18S	841	121645	323444	778135	191257
842	18S	842	116599	320956	770380	184843
843	18S	843	114485	324228	762371	176895
844	18S	844	111031	316027	673949	159282
845	18S	845	111710	323542	696070	160796
846	18S	846	112065	330451	705029	161260
847	18S	847	113060	348037	692351	148938
848	18S	848	119726	369805	754629	158219
849	18S	849	118730	367825	682070	142886
850	18S	850	124094	372280	678112	144326
851	18S	851	143788	387710	740269	160306
852	18S	852	144628	393307	756131	161445
853	18S	853	137846	385948	751567	156424
854	18S	854	148443	415524	770055	166597
855	18S	855	141745	406036	761629	158957
856	18S	856	162232	438524	860337	174829
857	18S	857	164542	453859	910412	180581
858	18S	858	165935	458183	932404	183739
859	18S	859	197632	522978	1081260	202550
860	18S	860	210402	557607	1195965	220336
861	18S	861	213732	563894	1216045	223532
862	18S	862	213997	557850	1213928	222450
863	18S	863	219514	564186	1256948	229980
864	18S	864	223193	579296	1306200	235849
865	18S	865	210268	575677	1293799	221125
866	18S	866	211582	590202	1331058	225108
867	18S	867	211916	600210	1340291	225990
868	18S	868	204695	597832	1331255	220163
869	18S	869	212512	641645	1370456	228634
870	18S	870	213082	647441	1386896	230119
871	18S	871	209910	626186	1356231	225983
872	18S	872	208900	620268	1341440	225601
873	18S	873	211891	633540	1363065	230703
874	18S	874	209065	618334	1328976	226245
875	18S	875	205260	600921	1300431	221647
876	18S	876	192857	596976	1278494	214946
877	18S	877	188749	601374	1275186	212188
878	18S	878	188215	608047	1275047	212414
879	18S	879	187386	615699	1272940	214880
880	18S	880	183799	598593	1228014	210283
881	18S	881	187342	588581	1208771	216510
882	18S	882	188564	590949	1220950	225884
883	18S	883	183058	548605	1179382	220225
884	18S	884	171041	519231	1102116	206763
885	18S	885	171977	524216	1117276	210570
886	18S	886	177090	539713	1133014	218880
887	18S	887	159987	523587	1059608	206667
888	18S	888	162572	539639	1082762	211780
889	18S	889	165349	544281	1078260	213717
890	18S	890	155736	516510	1058067	203958
891	18S	891	132683	476539	948942	186526
892	18S	892	133181	471108	928530	190048
893	18S	893	135957	491270	965765	196107
894	18S	894	133533	488499	941855	191604
895	18S	895	100569	416807	782132	171684
896	18S	896	91966	403627	685772	162385
897	18S	897	85018	391393	660396	155662
898	18S	898	68469	343546	520061	133768
899	18S	899	68632	346447	527152	135038
900	18S	900	68568	353127	511422	135188
901	18S	901	69000	360378	527559	137444
902	18S	902	71763	391503	552349	143602
903	18S	903	72954	433343	571165	146644
904	18S	904	77670	450832	594288	154521
905	18S	905	70744	454001	557898	150353
906	18S	906	75220	473479	612142	162729
907	18S	907	76613	479651	646072	175275
908	18S	908	80864	496071	694347	186488
909	18S	909	80908	493875	676496	185261
910	18S	910	81519	497573	679861	185905
911	18S	911	83316	505707	690761	188418
912	18S	912	83734	509070	694321	188873
913	18S	913	83208	499115	684407	187194
914	18S	914	83474	507593	695670	188759
915	18S	915	94444	531274	702054	195867
916	18S	916	100354	549280	720263	202266
917	18S	917	99309	551846	713792	198122
918	18S	918	100146	554187	706380	191579
919	18S	919	102641	553311	695514	191664
920	18S	920	106762	563564	721253	198449
921	18S	921	106405	562231	712565	195522
922	18S	922	101478	548642	698547	187612
923	18S	923	98477	539459	682833	183484
924	18S	924	89575	521761	657581	172368
925	18S	925	90404	523889	671254	174529
926	18S	926	96741	538606	690844	182858
927	18S	927	98509	548902	727262	187457
928	18S	928	96850	546179	705902	180128
929	18S	929	96346	528766	680207	177767
930	18S	930	104500	538180	866317	205874
931	18S	931	105337	541841	883523	208962
932	18S	932	106092	532378	887535	208115
933	18S	933	111005	545725	901626	211977
934	18S	934	113252	554695	928698	215476
935	18S	935	113622	562638	931770	215402
936	18S	936	112885	546471	916544	212600
937	18S	937	112531	547868	907020	211129
938	18S	938	110705	520512	888689	206805
939	18S	939	105223	452422	839741	196390
940	18S	940	102267	397112	836396	193150
941	18S	941	97257	381480	789704	170490
942	18S	942	98122	386781	813208	174241
943	18S	943	98695	398707	822796	175752
944	18S	944	95707	376687	781501	169364
945	18S	945	100953	404239	824979	174895
946	18S	946	103365	421315	855802	177210
947	18S	947	101573	417675	848783	174588
948	18S	948	100972	409957	841917	173531
949	18S	949	104241	446533	864461	178155
950	18S	950	103702	430497	846207	175315
951	18S	951	83197	372086	805251	154735
952	18S	952	79605	370789	826968	154141
953	18S	953	79957	374978	836683	155186
954	18S	954	80124	384507	841263	155940
955	18S	955	93370	411876	833168	159077
956	18S	956	94396	420196	851978	160912
957	18S	957	97200	428626	859420	164954
958	18S	958	105489	452049	875348	171413
959	18S	959	104285	455064	870291	168092
960	18S	960	105575	468367	868503	169610
961	18S	961	107935	475880	861383	171346
962	18S	962	102136	464805	847807	164398
963	18S	963	103143	463180	818764	164419
964	18S	964	104593	474889	834861	169143
965	18S	965	103277	471386	820294	166556
966	18S	966	94311	460641	618070	135523
967	18S	967	92374	462651	633528	138982
968	18S	968	94609	471628	659012	146647
969	18S	969	88706	454992	636810	140700
970	18S	970	86982	446769	616130	140006
971	18S	971	84651	423027	672349	146084
972	18S	972	85554	426602	707012	150421
973	18S	973	86910	461873	761159	154408
974	18S	974	112557	494191	828408	176718
975	18S	975	115167	503280	860376	180970
976	18S	976	115003	507804	861442	177056
977	18S	977	118220	565399	981361	178224
978	18S	978	120824	572883	1033352	183947
979	18S	979	112283	544284	1012370	174377
980	18S	980	114466	553735	1051209	180581
981	18S	981	117154	585813	1080489	185588
982	18S	982	115971	571190	1059020	184174
983	18S	983	114050	532963	1039085	179292
984	18S	984	114558	542125	1062460	181129
985	18S	985	114709	560528	1071646	181539
986	18S	986	114405	593759	1079916	181192
987	18S	987	112908	594221	1071147	179041
988	18S	988	116611	626726	1066223	180454
989	18S	989	121328	639662	1103465	192080
990	18S	990	121497	634552	1106005	191873
991	18S	991	98880	595374	1089740	176632
992	18S	992	97251	603662	1094233	175030
993	18S	993	83857	546738	1088628	164066
994	18S	994	84270	553070	1135540	167795
995	18S	995	90165	620139	1188092	175474
996	18S	996	91498	666756	1250071	178603
997	18S	997	91686	670475	1253967	178899
998	18S	998	91276	694179	1268252	176940
999	18S	999	94688	716215	1325882	187090
1000	18S	1000	94036	715759	1326295	183614
1001	18S	1001	87344	688644	1262290	161953
1002	18S	1002	88396	704233	1307936	165836
1003	18S	1003	92627	772165	1349856	172936
1004	18S	1004	93011	783540	1386396	178870
1005	18S	1005	93937	785675	1384309	178918
1006	18S	1006	96668	799189	1446722	186721
1007	18S	1007	95106	792007	1321664	172499
1008	18S	1008	94657	793246	1294826	169337
1009	18S	1009	98046	803929	1279316	172797
1010	18S	1010	71822	764250	1202629	148999
1011	18S	1011	69426	758369	1173824	145184
1012	18S	1012	71414	805365	1190594	149613
1013	18S	1013	63074	726120	950234	132717
1014	18S	1014	63316	731135	968403	134236
1015	18S	1015	66977	798606	1001615	141584
1016	18S	1016	65730	796973	971881	136652
1017	18S	1017	66852	778947	967564	137662
1018	18S	1018	66323	780132	962540	137583
1019	18S	1019	65588	769521	929433	135753
1020	18S	1020	67148	770746	956898	143512
1021	18S	1021	68300	800505	1013001	150941
1022	18S	1022	69232	788552	1011818	151906
1023	18S	1023	72461	876013	1045308	156603
1024	18S	1024	77288	950479	1113641	168639
1025	18S	1025	73152	956425	1095677	158576
1026	18S	1026	74344	966506	1133018	164618
1027	18S	1027	74463	961752	1165161	170670
1028	18S	1028	75004	970646	1190975	172531
1029	18S	1029	75569	1000882	1206622	170682
1030	18S	1030	71333	957932	1142913	161938
1031	18S	1031	71411	961136	1154783	162566
1032	18S	1032	70181	920097	1099556	159631
1033	18S	1033	72054	1017041	1176274	162820
1034	18S	1034	68039	983254	1147103	156747
1035	18S	1035	64801	965236	1095654	147278
1036	18S	1036	66841	974880	1088437	150019
1037	18S	1037	67496	979779	1103930	151227
1038	18S	1038	67818	976919	1073886	148665
1039	18S	1039	61762	902539	1005550	132176
1040	18S	1040	61924	910617	1021827	132785
1041	18S	1041	57463	853540	973920	125506
1042	18S	1042	54791	841441	912781	117819
1043	18S	1043	55612	849189	910000	119004
1044	18S	1044	56760	856859	935692	123656
1045	18S	1045	52101	813467	898557	116445
1046	18S	1046	52128	810680	894782	116467
1047	18S	1047	52194	814313	897952	116646
1048	18S	1048	52257	815154	898699	116917
1049	18S	1049	52139	806020	889691	117144
1050	18S	1050	51986	802160	872047	115807
1051	18S	1051	49521	744186	843137	110614
1052	18S	1052	50311	750617	842063	111889
1053	18S	1053	49235	753447	829516	109368
1054	18S	1054	57766	779268	847496	114387
1055	18S	1055	65955	795092	865332	119233
1056	18S	1056	72234	793784	854160	116931
1057	18S	1057	80973	792062	842380	116524
1058	18S	1058	89661	786898	859026	120481
1059	18S	1059	86184	658127	804151	111884
1060	18S	1060	86742	595049	754013	103591
1061	18S	1061	87011	566308	699329	97191
1062	18S	1062	91454	582321	791954	99641
1063	18S	1063	91760	588747	816065	100548
1064	18S	1064	91416	581413	792100	99116
1065	18S	1065	87264	518814	705489	93459
1066	18S	1066	87503	523476	715534	94017
1067	18S	1067	85397	523847	703809	93549
1068	18S	1068	85172	518868	697890	93377
1069	18S	1069	83308	412206	612940	89921
1070	18S	1070	83356	412994	615703	90040
1071	18S	1071	83856	412519	612581	90185
1072	18S	1072	82310	376710	586369	84719
1073	18S	1073	81926	374918	574561	83893
1074	18S	1074	81051	369046	565054	82884
1075	18S	1075	80750	355462	543902	82405
1076	18S	1076	86855	351449	548083	88409
1077	18S	1077	87022	353045	555621	88834
1078	18S	1078	87282	353375	559830	89246
1079	18S	1079	86140	339319	553054	86912
1080	18S	1080	85526	336561	532595	83020
1081	18S	1081	88421	337874	540094	84732
1082	18S	1082	88532	340462	546024	84943
1083	18S	1083	88680	339158	548214	84948
1084	18S	1084	87505	335003	556932	82000
1085	18S	1085	87771	338497	568846	82540
1086	18S	1086	88969	354053	589736	84329
1087	18S	1087	87635	346929	600275	83040
1088	18S	1088	87089	342647	611854	83322
1089	18S	1089	89916	351863	636874	88160
1090	18S	1090	81000	321195	622378	82112
1091	18S	1091	63942	278561	573405	70200
1092	18S	1092	55217	256557	594890	69085
1093	18S	1093	39258	218095	561199	57811
1094	18S	1094	39459	220286	574210	58550
1095	18S	1095	40476	230830	588366	60613
1096	18S	1096	36037	221098	578319	57470
1097	18S	1097	34151	212607	566935	55640
1098	18S	1098	28499	185557	434797	44233
1099	18S	1099	28425	183830	419531	43480
1100	18S	1100	28326	187085	426089	43030
1101	18S	1101	28136	185485	430844	42805
1102	18S	1102	28009	184556	425921	42423
1103	18S	1103	28390	190191	432509	43200
1104	18S	1104	28489	191713	433201	43237
1105	18S	1105	28324	189604	432546	42947
1106	18S	1106	28383	189575	431363	42878
1107	18S	1107	27734	186026	428891	42073
1108	18S	1108	27729	186105	428483	41882
1109	18S	1109	27558	183659	426037	41578
1110	18S	1110	27406	177594	421504	41340
1111	18S	1111	27313	173290	418168	41147
1112	18S	1112	21107	164800	393209	34753
1113	18S	1113	21430	159270	381151	34492
1114	18S	1114	22067	159556	384107	35249
1115	18S	1115	22631	160747	386269	35772
1116	18S	1116	20368	150936	373650	33724
1117	18S	1117	20635	151679	391858	36066
1118	18S	1118	20551	149239	386290	35887
1119	18S	1119	20433	148281	382953	35810
1120	18S	1120	20370	139896	368614	35501
1121	18S	1121	20140	136711	357368	35015
1122	18S	1122	19027	121421	336997	33358
1123	18S	1123	18544	113857	318275	32074
1124	18S	1124	13829	93095	271319	24320
1125	18S	1125	12473	86201	253398	23090
1126	18S	1126	12541	86365	254185	23279
1127	18S	1127	13759	87307	258706	24314
1128	18S	1128	14172	82248	198030	19841
1129	18S	1129	13881	74958	165491	19142
1130	18S	1130	14166	73073	153902	18799
1131	18S	1131	12863	62364	135881	16589
1132	18S	1132	12687	59827	132481	17775
1133	18S	1133	13033	56288	128808	20341
1134	18S	1134	13384	56962	135125	20942
1135	18S	1135	14397	52839	129465	22066
1136	18S	1136	15530	48022	122769	22767
1137	18S	1137	15638	36772	109149	22655
1138	18S	1138	15570	27878	104111	22274
1139	18S	1139	15629	25495	110397	22976
1140	18S	1140	15785	26008	201875	28900
1141	18S	1141	16015	26334	208026	29301
1142	18S	1142	16378	25666	212368	30199
1143	18S	1143	17591	25393	225473	32224
1144	18S	1144	19059	26388	246944	33694
1145	18S	1145	19108	25478	249458	33528
1146	18S	1146	19048	24621	249538	33309
1147	18S	1147	19424	24774	257050	34181
1148	18S	1148	19541	25022	260805	34259
1149	18S	1149	18591	24131	258456	33052
1150	18S	1150	17984	24054	256719	32431
1151	18S	1151	16249	23416	256115	31591
1152	18S	1152	16135	23491	244607	30049
1153	18S	1153	16175	23797	246684	30142
1154	18S	1154	16272	24966	250330	30293
1155	18S	1155	16298	24012	249631	30280
1156	18S	1156	15985	22177	249254	29911
1157	18S	1157	16305	22573	253064	30475
1158	18S	1158	16690	22894	255692	30777
1159	18S	1159	16695	22591	255777	30753
1160	18S	1160	16716	22470	255621	30331
1161	18S	1161	17001	22812	258014	30552
1162	18S	1162	17150	22992	260168	30478
1163	18S	1163	14754	21380	259355	28212
1164	18S	1164	14778	21465	260249	28233
1165	18S	1165	14844	21797	262384	28321
1166	18S	1166	13151	19930	256071	25574
1167	18S	1167	13218	20066	257662	25606
1168	18S	1168	13259	20474	260156	25576
1169	18S	1169	12353	19864	256023	22625
1170	18S	1170	12120	19696	252580	22112
1171	18S	1171	9348	18668	243465	19423
1172	18S	1172	9388	18740	245516	19534
1173	18S	1173	9418	18969	246111	19579
1174	18S	1174	9013	18491	241814	18983
1175	18S	1175	8612	17501	230808	17999
1176	18S	1176	8512	17025	140238	12198
1177	18S	1177	8293	16823	134278	11772
1178	18S	1178	7812	16375	127853	10700
1179	18S	1179	6744	16560	116240	9017
1180	18S	1180	5421	16004	96563	7633
1181	18S	1181	5915	16428	95474	8547
1182	18S	1182	6605	16623	96329	9179
1183	18S	1183	7869	15307	89002	8837
1184	18S	1184	20207	16571	115739	15882
1185	18S	1185	27728	18766	141363	20800
1186	18S	1186	32965	20540	159549	24048
1187	18S	1187	33118	19628	159066	23983
1188	18S	1188	33038	18922	153217	23753
1189	18S	1189	34443	19757	154233	25929
1190	18S	1190	35625	22352	164614	27627
1191	18S	1191	51375	36299	200287	42147
1192	18S	1192	175317	455806	864184	73327
1193	18S	1193	177358	470566	880405	75969
1194	18S	1194	179626	478385	922744	87656
1195	18S	1195	180268	480319	928013	88689
1196	18S	1196	183339	490717	939032	92213
1197	18S	1197	183787	495448	945879	92636
1198	18S	1198	184215	503338	952879	93206
1199	18S	1199	183957	509085	950610	93387
1200	18S	1200	185284	514389	953338	95281
1201	18S	1201	185994	521403	957822	97408
1202	18S	1202	187609	533289	959074	99430
1203	18S	1203	188678	539678	963550	102308
1204	18S	1204	189936	544577	969542	105184
1205	18S	1205	190469	548036	973616	105931
1206	18S	1206	193512	556092	975845	109089
1207	18S	1207	193580	556690	975458	109177
1208	18S	1208	194066	558455	974865	110174
1209	18S	1209	194420	559506	976647	110943
1210	18S	1210	194469	560126	976542	111018
1211	18S	1211	195085	564457	978239	112317
1212	18S	1212	195246	566763	979731	112622
1213	18S	1213	195461	569054	980780	113128
1214	18S	1214	202091	583416	987860	119523
1215	18S	1215	202288	584263	986111	119514
1216	18S	1216	202571	585784	985456	119860
1217	18S	1217	187882	583828	947619	110053
1218	18S	1218	188099	585532	951529	111303
1219	18S	1219	192422	595255	956173	116362
1220	18S	1220	193113	601265	967856	119585
1221	18S	1221	187380	608220	931278	116955
1222	18S	1222	187741	611602	934623	117820
1223	18S	1223	186761	613134	927282	117563
1224	18S	1224	186680	612026	922392	119191
1225	18S	1225	187164	612629	924071	120491
1226	18S	1226	171276	599422	878310	104987
1227	18S	1227	45912	171032	210456	76440
1228	18S	1228	45949	170829	216658	78406
1229	18S	1229	46072	171630	217592	78772
1230	18S	1230	44578	164738	172213	68132
1231	18S	1231	46977	173341	180466	70924
1232	18S	1232	43655	163318	166148	67213
1233	18S	1233	43244	158777	159531	66818
1234	18S	1234	47230	155459	151700	71270
1235	18S	1235	47735	159752	154718	72046
1236	18S	1236	38688	117980	120572	58122
1237	18S	1237	38735	117811	121133	58350
1238	18S	1238	40685	122569	123956	61724
1239	18S	1239	41662	126065	127144	64442
1240	18S	1240	41933	127136	128309	64883
1241	18S	1241	41475	124233	125157	64352
1242	18S	1242	40872	124953	123309	63525
1243	18S	1243	40911	125593	124033	63689
1244	18S	1244	41159	129889	126136	64441
1245	18S	1245	41232	130996	127547	64829
1246	18S	1246	41436	135484	130192	66985
1247	18S	1247	41522	133269	148899	83952
1248	18S	1248	41873	133304	149497	84491
1249	18S	1249	42488	135328	150930	85482
1250	18S	1250	36649	123887	145259	80574
1251	18S	1251	37113	124779	146374	81401
1252	18S	1252	37355	129037	149548	81665
1253	18S	1253	44904	157230	170708	88611
1254	18S	1254	48091	184507	204064	91297
1255	18S	1255	44049	177267	202687	86882
1256	18S	1256	44621	187878	209159	86928
1257	18S	1257	48042	203366	223748	90771
1258	18S	1258	49710	209079	229390	92184
1259	18S	1259	49591	211142	233825	91572
1260	18S	1260	48866	213658	236832	88403
1261	18S	1261	48589	215143	237357	87431
1262	18S	1262	47521	214326	235129	86371
1263	18S	1263	46470	210322	221746	82060
1264	18S	1264	46432	211831	214757	79924
1265	18S	1265	46362	211982	214050	79656
1266	18S	1266	45218	213347	212575	78803
1267	18S	1267	42842	205780	203955	75961
1268	18S	1268	42835	206909	203578	76038
1269	18S	1269	43274	216432	206568	78490
1270	18S	1270	38530	209346	202176	73247
1271	18S	1271	38163	209106	200552	72734
1272	18S	1272	38228	220884	202177	73707
1273	18S	1273	38739	223088	202324	75421
1274	18S	1274	36903	220599	199979	72314
1275	18S	1275	36723	218881	199183	71986
1276	18S	1276	36882	220015	200832	72366
1277	18S	1277	36860	220070	200435	72270
1278	18S	1278	36506	218963	198862	71535
1279	18S	1279	37054	228579	201449	73173
1280	18S	1280	37344	227700	201616	72843
1281	18S	1281	37562	230855	206361	72995
1282	18S	1282	38639	235448	209032	73708
1283	18S	1283	38788	236029	190541	57366
1284	18S	1284	39653	239173	196944	57720
1285	18S	1285	39666	239114	198862	57417
1286	18S	1286	40078	238061	200109	57510
1287	18S	1287	30984	200214	174458	48456
1288	18S	1288	31211	201365	177417	49031
1289	18S	1289	31425	204054	179010	49622
1290	18S	1290	28075	175764	142708	45714
1291	18S	1291	27793	173537	139460	45155
1292	18S	1292	19710	147207	115009	36747
1293	18S	1293	16426	133429	101397	33182
1294	18S	1294	14400	124643	92467	30880
1295	18S	1295	13789	121862	86917	30798
1296	18S	1296	13167	115732	77638	30013
1297	18S	1297	13303	117985	79008	30612
1298	18S	1298	13592	123823	81529	31709
1299	18S	1299	13657	123228	81046	31977
1300	18S	1300	15602	127393	82841	36230
1301	18S	1301	16183	129759	84410	37241
1302	18S	1302	16735	129285	85303	37397
1303	18S	1303	16705	129251	85407	37342
1304	18S	1304	16762	129027	85842	37376
1305	18S	1305	16972	133365	87223	36409
1306	18S	1306	16915	133465	86679	36331
1307	18S	1307	16933	131904	86817	36436
1308	18S	1308	16701	119599	84285	35107
1309	18S	1309	16615	126144	87121	33922
1310	18S	1310	17527	127198	88491	35293
1311	18S	1311	18038	126757	87245	34758
1312	18S	1312	17989	125738	85575	34569
1313	18S	1313	19524	124128	90709	38581
1314	18S	1314	20085	127199	95466	39725
1315	18S	1315	19647	120901	94482	38370
1316	18S	1316	19187	119371	93483	38221
1317	18S	1317	18987	119884	90601	38130
1318	18S	1318	17769	112131	86476	35551
1319	18S	1319	17984	112278	85448	40897
1320	18S	1320	18275	114989	88988	42895
1321	18S	1321	16831	112611	84148	41172
1322	18S	1322	17752	114324	86675	43718
1323	18S	1323	17941	115968	89290	44113
1324	18S	1324	17873	115489	87033	43926
1325	18S	1325	17843	120742	88229	44212
1326	18S	1326	19053	123896	98501	50400
1327	18S	1327	19118	125113	100073	50586
1328	18S	1328	19489	129991	102504	51409
1329	18S	1329	19059	140293	104305	50020
1330	18S	1330	19131	142034	106206	50396
1331	18S	1331	20041	156849	110243	53070
1332	18S	1332	20172	159039	113263	53765
1333	18S	1333	20305	160941	114826	53963
1334	18S	1334	21797	164217	119536	56076
1335	18S	1335	22109	166800	120844	56454
1336	18S	1336	19697	161648	117830	51338
1337	18S	1337	19235	160349	120636	52101
1338	18S	1338	19623	162900	125703	53050
1339	18S	1339	19683	165599	126650	53195
1340	18S	1340	19957	167646	127552	53703
1341	18S	1341	20544	154810	124339	54185
1342	18S	1342	20816	160113	128455	54857
1343	18S	1343	21333	159998	128499	55602
1344	18S	1344	21506	151108	125429	55894
1345	18S	1345	20832	148879	125659	55124
1346	18S	1346	19998	148294	128090	55246
1347	18S	1347	20498	151307	138507	59311
1348	18S	1348	18419	147721	129561	54038
1349	18S	1349	18459	148122	130515	54233
1350	18S	1350	18518	148636	130970	54348
1351	18S	1351	18378	145190	129136	53953
1352	18S	1352	18239	143240	127407	53393
1353	18S	1353	18247	141182	125253	53060
1354	18S	1354	18334	140942	124612	53037
1355	18S	1355	15940	134814	115011	45064
1356	18S	1356	15869	134050	112664	43669
1357	18S	1357	14159	130287	105642	39724
1358	18S	1358	14320	131351	107546	40188
1359	18S	1359	14436	131811	108008	40477
1360	18S	1360	14579	123917	105541	41051
1361	18S	1361	14873	125818	107450	42164
1362	18S	1362	13747	123728	97825	36250
1363	18S	1363	13790	124315	97848	36368
1364	18S	1364	13424	121133	96038	35601
1365	18S	1365	13277	107030	91443	35215
1366	18S	1366	13237	106526	90084	34968
1367	18S	1367	12380	92344	86418	32412
1368	18S	1368	12474	91555	84307	32148
1369	18S	1369	12989	91225	83056	32668
1370	18S	1370	11697	83871	77009	30346
1371	18S	1371	11539	78553	74221	30282
1372	18S	1372	11934	82336	83814	33525
1373	18S	1373	11603	81067	78655	31524
1374	18S	1374	11279	79644	74028	30712
1375	18S	1375	11152	74564	71797	30537
1376	18S	1376	11247	78195	75598	30836
1377	18S	1377	10278	77064	75754	29980
1378	18S	1378	10498	75955	74833	30470
1379	18S	1379	9883	74426	73935	29469
1380	18S	1380	9260	73709	72315	28149
1381	18S	1381	9397	74062	71822	27909
1382	18S	1382	8033	67346	54700	21110
1383	18S	1383	8209	68165	55942	21506
1384	18S	1384	8232	72103	56834	21640
1385	18S	1385	8283	74221	58984	22000
1386	18S	1386	8307	75622	59359	22046
1387	18S	1387	8472	78650	61093	22354
1388	18S	1388	10410	98943	67645	24961
1389	18S	1389	10931	103401	73264	25974
1390	18S	1390	10882	103921	73269	25857
1391	18S	1391	11218	102931	74088	26286
1392	18S	1392	11480	105737	77303	27223
1393	18S	1393	11294	102747	75828	26843
1394	18S	1394	11185	102688	74928	26494
1395	18S	1395	11249	106062	77234	26770
1396	18S	1396	11011	108466	77624	26466
1397	18S	1397	10989	108509	77172	25986
1398	18S	1398	11628	110121	78308	27003
1399	18S	1399	11646	110644	78497	27156
1400	18S	1400	11763	106887	79223	27436
1401	18S	1401	11702	105987	80158	27513
1402	18S	1402	11730	106866	81408	27665
1403	18S	1403	11871	114064	84532	28033
1404	18S	1404	11698	113036	83953	27672
1405	18S	1405	10928	109476	82543	26411
1406	18S	1406	10229	108257	82740	25053
1407	18S	1407	10301	109426	84085	25346
1408	18S	1408	9931	106015	74993	22176
1409	18S	1409	9855	105578	75347	22080
1410	18S	1410	9929	105552	76206	22178
1411	18S	1411	9494	100152	72166	20979
1412	18S	1412	9668	101337	75114	21559
1413	18S	1413	11228	110825	80143	24109
1414	18S	1414	11147	109132	79312	23547
1415	18S	1415	11143	108614	78680	23416
1416	18S	1416	10900	107471	77777	22961
1417	18S	1417	10177	109817	75614	21883
1418	18S	1418	10266	112328	78290	22160
1419	18S	1419	10503	115735	80276	22757
1420	18S	1420	11008	113793	81090	23766
1421	18S	1421	11227	112745	80365	24032
1422	18S	1422	12258	113531	83599	29174
1423	18S	1423	12729	118031	87611	30866
1424	18S	1424	10646	94386	77092	27829
1425	18S	1425	11907	100593	82628	31140
1426	18S	1426	12006	105820	85293	31373
1427	18S	1427	11608	126630	88598	30754
1428	18S	1428	11661	137066	93771	31239
1429	18S	1429	11974	151699	98930	32054
1430	18S	1430	12329	166336	101471	32997
1431	18S	1431	12434	166856	101462	32910
1432	18S	1432	12180	167351	101141	31477
1433	18S	1433	12112	169038	101645	31134
1434	18S	1434	11391	173987	101542	29980
1435	18S	1435	11284	173471	100969	29640
1436	18S	1436	11430	187521	102418	29722
1437	18S	1437	11467	189077	103569	29839
1438	18S	1438	11464	189438	102870	29752
1439	18S	1439	11538	189276	102031	29840
1440	18S	1440	11719	192690	103261	30128
1441	18S	1441	11824	197005	104582	30307
1442	18S	1442	11897	211075	105660	30459
1443	18S	1443	12721	239548	111602	31847
1444	18S	1444	11927	237470	105649	29857
1445	18S	1445	11953	238853	107605	30022
1446	18S	1446	12907	248591	111143	32173
1447	18S	1447	13043	252370	116160	32467
1448	18S	1448	12958	253668	114915	32141
1449	18S	1449	11894	263585	117686	31025
1450	18S	1450	11775	264246	117738	30911
1451	18S	1451	11846	265454	119450	30913
1452	18S	1452	11835	269936	121623	30904
1453	18S	1453	11768	267485	120785	30665
1454	18S	1454	11687	268211	118661	30396
1455	18S	1455	11471	268883	117753	29870
1456	18S	1456	10946	270131	116592	28722
1457	18S	1457	10702	270210	115813	28167
1458	18S	1458	9612	267615	111248	22911
1459	18S	1459	9201	271662	109054	21332
1460	18S	1460	7872	264802	102746	17681
1461	18S	1461	7911	266975	105201	17897
1462	18S	1462	7993	264542	103807	17942
1463	18S	1463	7414	248400	95702	16548
1464	18S	1464	7503	247533	93531	16409
1465	18S	1465	7279	254774	94868	15974
1466	18S	1466	7165	254481	98575	15693
1467	18S	1467	6953	256541	97340	15310
1468	18S	1468	7494	260974	101031	16224
1469	18S	1469	8485	257017	101028	18041
1470	18S	1470	8767	259746	105731	18647
1471	18S	1471	8605	246951	101239	17973
1472	18S	1472	8928	250771	106775	18550
1473	18S	1473	8958	250858	106577	18581
1474	18S	1474	8972	250958	106655	18596
1475	18S	1475	8985	251735	107102	18933
1476	18S	1476	8997	252407	107762	18969
1477	18S	1477	8890	249051	106952	18794
1478	18S	1478	8588	234642	104965	18150
1479	18S	1479	7634	201860	95768	16319
1480	18S	1480	7710	203525	97044	16543
1481	18S	1481	8103	216749	100645	17436
1482	18S	1482	7181	208326	97835	15378
1483	18S	1483	6552	185500	86113	13661
1484	18S	1484	6887	191219	91948	14764
1485	18S	1485	6909	196154	93506	14814
1486	18S	1486	6758	195882	93629	14743
1487	18S	1487	6443	187893	87897	14311
1488	18S	1488	6493	189240	90552	14660
1489	18S	1489	7117	202824	98127	18077
1490	18S	1490	7319	202647	101252	19118
1491	18S	1491	7620	205327	105261	20273
1492	18S	1492	7512	201337	103821	20136
1493	18S	1493	7582	202639	115193	22724
1494	18S	1494	7606	203790	121284	23311
1495	18S	1495	7604	196778	121087	23368
1496	18S	1496	7204	193977	119533	22688
1497	18S	1497	7179	193620	118046	22517
1498	18S	1498	6990	191257	116923	22221
1499	18S	1499	6932	182582	114580	22086
1500	18S	1500	6835	174991	112296	21865
1501	18S	1501	6768	154338	106262	21529
1502	18S	1502	6490	139832	99317	20721
1503	18S	1503	4323	120789	85834	16798
1504	18S	1504	4325	121445	87228	16956
1505	18S	1505	4035	131047	89068	16537
1506	18S	1506	4041	131663	89791	16595
1507	18S	1507	4082	134757	90994	16680
1508	18S	1508	3864	134080	86653	16310
1509	18S	1509	3847	133389	86117	16280
1510	18S	1510	3876	134930	86608	16340
1511	18S	1511	3460	126506	83517	15259
1512	18S	1512	3475	127856	83750	15278
1513	18S	1513	3509	131772	84433	15332
1514	18S	1514	3642	139357	85956	15632
1515	18S	1515	3527	135249	83455	15298
1516	18S	1516	3314	124733	83210	15508
1517	18S	1517	3414	129068	87603	16392
1518	18S	1518	3496	130933	88898	16473
1519	18S	1519	3530	134391	88546	16456
1520	18S	1520	3224	132105	84003	15447
1521	18S	1521	3271	130603	84257	15701
1522	18S	1522	3242	136742	84497	15883
1523	18S	1523	3769	146138	88030	17509
1524	18S	1524	3191	146261	79628	14120
1525	18S	1525	3109	148553	80858	13587
1526	18S	1526	2885	146957	80426	12864
1527	18S	1527	2907	147657	81106	12917
1528	18S	1528	2894	146599	80768	12846
1529	18S	1529	2780	145729	69896	10231
1530	18S	1530	2760	146068	64322	9668
1531	18S	1531	2721	145112	63152	9537
1532	18S	1532	2930	148668	64992	10030
1533	18S	1533	2920	149321	65420	9992
1534	18S	1534	2922	149057	65417	9993
1535	18S	1535	2929	147309	65610	10030
1536	18S	1536	2904	146042	65298	9987
1537	18S	1537	2950	147069	65895	10070
1538	18S	1538	3000	147251	66200	10102
1539	18S	1539	2950	141082	63817	9895
1540	18S	1540	2965	143718	63445	9777
1541	18S	1541	2934	132765	60760	9614
1542	18S	1542	3081	137997	63121	10004
1543	18S	1543	3177	140148	63079	10488
1544	18S	1544	3424	142332	65926	11427
1545	18S	1545	3361	135965	63966	11243
1546	18S	1546	3369	136349	64405	11285
1547	18S	1547	3377	133718	64516	11373
1548	18S	1548	3466	134398	65321	11573
1549	18S	1549	3518	135079	65641	11739
1550	18S	1550	3494	126035	62750	11524
1551	18S	1551	3729	131481	64330	11987
1552	18S	1552	3691	142555	64519	11206
1553	18S	1553	3728	156373	64622	10682
1554	18S	1554	4110	169220	66505	11684
1555	18S	1555	4197	165286	64862	11751
1556	18S	1556	4615	167029	66919	13187
1557	18S	1557	5152	173662	73601	15557
1558	18S	1558	5322	169911	72628	15451
1559	18S	1559	5115	150312	69590	14136
1560	18S	1560	5150	152398	70792	14239
1561	18S	1561	5060	148806	66808	13767
1562	18S	1562	4966	144288	62448	13311
1563	18S	1563	4973	146615	62715	13314
1564	18S	1564	5065	147203	63802	13522
1565	18S	1565	5026	145845	63849	13531
1566	18S	1566	5074	145487	63980	13607
1567	18S	1567	5655	146873	64986	14093
1568	18S	1568	5399	140777	61859	13473
1569	18S	1569	5537	138575	61054	13552
1570	18S	1570	5827	138217	62168	14055
1571	18S	1571	5862	138594	62640	14090
1572	18S	1572	5862	138385	62601	14029
1573	18S	1573	5822	142388	63332	14140
1574	18S	1574	5853	142965	63908	14256
1575	18S	1575	6223	144617	65285	14696
1576	18S	1576	6465	139244	63539	14987
1577	18S	1577	6457	134634	61890	15092
1578	18S	1578	6538	136654	63192	15233
1579	18S	1579	6445	130372	61816	14645
1580	18S	1580	6370	129393	59771	13826
1581	18S	1581	6281	127886	58302	13637
1582	18S	1582	6621	129513	58856	13866
1583	18S	1583	6498	127532	57536	13408
1584	18S	1584	6530	128468	58088	13493
1585	18S	1585	6748	141436	60519	14032
1586	18S	1586	6382	135905	59164	13258
1587	18S	1587	6129	105603	52292	12645
1588	18S	1588	6151	106348	52822	12693
1589	18S	1589	6175	109066	53367	12726
1590	18S	1590	5771	94212	49890	11674
1591	18S	1591	5539	89694	48085	11280
1592	18S	1592	4635	79425	38842	7450
1593	18S	1593	3942	67456	34618	6252
1594	18S	1594	3961	68139	35198	6309
1595	18S	1595	4136	73406	36173	6722
1596	18S	1596	4121	71801	35224	6633
1597	18S	1597	4338	71229	35564	7051
1598	18S	1598	4631	72813	36566	7472
1599	18S	1599	4626	70206	35747	7438
1600	18S	1600	4467	67048	33188	7000
1601	18S	1601	4477	67223	33520	7042
1602	18S	1602	4499	68383	33879	7071
1603	18S	1603	3921	66756	32657	6568
1604	18S	1604	3893	66482	32473	6548
1605	18S	1605	3768	65512	31580	6423
1606	18S	1606	3472	64626	29815	5890
1607	18S	1607	3499	64690	29850	5964
1608	18S	1608	3846	66259	30803	6418
1609	18S	1609	3830	59149	28431	6177
1610	18S	1610	3827	58761	28053	6111
1611	18S	1611	3703	58008	27226	6082
1612	18S	1612	3800	58712	27899	6197
1613	18S	1613	3760	57966	27019	5745
1614	18S	1614	4078	55475	26529	5947
1615	18S	1615	4094	55758	26937	5962
1616	18S	1616	3945	54784	26388	5865
1617	18S	1617	3925	54227	26082	5843
1618	18S	1618	3598	52256	25173	5620
1619	18S	1619	3535	50353	24026	5520
1620	18S	1620	3529	49591	24049	5458
1621	18S	1621	3328	36868	22085	4939
1622	18S	1622	3255	35007	21385	4864
1623	18S	1623	3270	34316	20669	4857
1624	18S	1624	3287	33588	20441	4862
1625	18S	1625	3380	30896	20581	4874
1626	18S	1626	3463	29978	20819	4898
1627	18S	1627	3823	29727	21754	5216
1628	18S	1628	3818	28652	22145	5079
1629	18S	1629	3813	27889	21638	5051
1630	18S	1630	4113	28820	22621	5255
1631	18S	1631	4250	23716	22528	5028
1632	18S	1632	4344	24142	24444	5102
1633	18S	1633	4327	21826	24766	4636
1634	18S	1634	4344	21972	25122	4661
1635	18S	1635	4339	20894	24987	4697
1636	18S	1636	4359	21035	25417	4749
1637	18S	1637	4369	20923	25243	4724
1638	18S	1638	4349	19723	24905	4691
1639	18S	1639	4365	19485	24904	4689
1640	18S	1640	5335	23776	26924	6526
1641	18S	1641	5271	22664	26656	6411
1642	18S	1642	5259	21214	26353	6313
1643	18S	1643	5274	21081	26128	6309
1644	18S	1644	4946	19721	25257	5876
1645	18S	1645	4929	19444	25196	5876
1646	18S	1646	4910	19414	25136	5835
1647	18S	1647	4508	17545	23999	5506
1648	18S	1648	3831	15492	21638	4892
1649	18S	1649	3866	15552	22122	4948
1650	18S	1650	3879	15701	22281	4970
1651	18S	1651	3869	15352	21948	4968
1652	18S	1652	3930	15544	23157	5108
1653	18S	1653	3928	14857	23891	5107
1654	18S	1654	3925	14844	24110	5102
1655	18S	1655	4082	14827	24671	5537
1656	18S	1656	4156	15150	25844	5771
1657	18S	1657	4156	15054	26108	5820
1658	18S	1658	4193	15075	26454	5918
1659	18S	1659	4127	14413	26022	5845
1660	18S	1660	4055	14526	26700	5935
1661	18S	1661	4060	14643	27104	5950
1662	18S	1662	3900	14414	26549	5817
1663	18S	1663	3535	13892	25642	5494
1664	18S	1664	3423	13448	24269	5403
1665	18S	1665	3416	13463	24248	5393
1666	18S	1666	3125	12005	22881	5150
1667	18S	1667	2191	10140	17195	4450
1668	18S	1668	2197	10195	17431	4466
1669	18S	1669	2199	10259	17550	4470
1670	18S	1670	2180	10149	17270	4452
1671	18S	1671	2097	9932	16388	4261
1672	18S	1672	2099	9978	16541	4275
1673	18S	1673	2103	10072	16669	4288
1674	18S	1674	2103	10135	16699	4281
1675	18S	1675	2071	9969	16644	4261
1676	18S	1676	1113	5395	14810	2440
1677	18S	1677	1110	5352	14785	2410
1678	18S	1678	984	4512	14281	2224
1679	18S	1679	989	4565	14508	2239
1680	18S	1680	990	4601	14539	2248
1681	18S	1681	984	4752	14428	2292
1682	18S	1682	1011	5083	24497	5352
1683	18S	1683	904	5191	24528	4985
1684	18S	1684	867	5239	24369	4960
1685	18S	1685	840	5215	24007	4917
1686	18S	1686	843	5262	24372	4945
1687	18S	1687	853	5585	24712	4995
1688	18S	1688	853	5916	24372	4963
1689	18S	1689	561	5482	21269	4274
1690	18S	1690	564	5536	22119	4381
1691	18S	1691	525	5375	21249	4245
1692	18S	1692	526	5384	21363	4257
1693	18S	1693	531	5423	21500	4293
1694	18S	1694	470	4947	20167	4123
1695	18S	1695	475	4963	20315	4146
1696	18S	1696	477	5002	20378	4149
1697	18S	1697	474	4927	20020	4144
1698	18S	1698	477	4868	19943	4154
1699	18S	1699	499	4861	19951	4221
1700	18S	1700	487	4776	19720	4207
1701	18S	1701	457	4646	20190	4420
1702	18S	1702	465	4802	21594	4873
1703	18S	1703	465	4828	21986	4910
1704	18S	1704	482	4867	22034	4931
1705	18S	1705	487	4850	22030	4948
1706	18S	1706	488	4845	21993	4946
1707	18S	1707	501	4547	21764	4998
1708	18S	1708	521	4663	22686	5258
1709	18S	1709	521	4589	22663	5262
1710	18S	1710	553	4543	22772	5317
1711	18S	1711	547	4494	22710	5311
1712	18S	1712	474	3374	11413	2207
1713	18S	1713	475	3379	12015	2349
1714	18S	1714	474	3354	12035	2349
1715	18S	1715	475	3361	12066	2364
1716	18S	1716	475	3367	12093	2363
1717	18S	1717	414	2937	11698	2236
1718	18S	1718	416	2941	11511	2178
1719	18S	1719	391	2724	10900	2116
1720	18S	1720	393	2707	10937	2100
1721	18S	1721	411	2714	11018	2177
1722	18S	1722	400	2331	11436	3931
1723	18S	1723	414	2363	11634	4097
1724	18S	1724	370	1875	10876	4052
1725	18S	1725	358	1568	10229	4007
1726	18S	1726	355	1519	9405	3904
1727	18S	1727	347	1451	9120	3879
1728	18S	1728	422	1426	8920	3946
1729	18S	1729	425	1436	9030	3972
1730	18S	1730	415	1393	8592	3947
1731	18S	1731	439	1358	8670	4103
1732	18S	1732	460	1319	9742	6418
1733	18S	1733	464	1322	9808	6445
1734	18S	1734	465	1275	9767	6472
1735	18S	1735	444	1186	9581	6395
1736	18S	1736	443	1141	9501	6386
1737	18S	1737	431	1003	8644	6133
1738	18S	1738	411	778	7014	5678
1739	18S	1739	414	754	6615	5636
1740	18S	1740	387	607	6203	5577
1741	18S	1741	390	609	6209	5581
1742	18S	1742	391	574	6126	5576
1743	18S	1743	359	487	5746	5480
1744	18S	1744	298	284	4454	5145
1745	18S	1745	297	284	4456	5145
1746	18S	1746	287	271	4220	5106
1747	18S	1747	287	271	4230	5106
1748	18S	1748	287	271	4230	5106
1749	18S	1749	286	250	3562	4951
1750	18S	1750	285	239	3541	4962
1751	18S	1751	285	237	3545	4963
1752	18S	1752	290	231	3499	4964
1753	18S	1753	287	218	3437	4941
1754	18S	1754	275	206	3322	4914
1755	18S	1755	276	202	3273	4906
1756	18S	1756	230	157	2150	3025
1757	18S	1757	230	157	2147	3016
1758	18S	1758	235	158	2153	3017
1759	18S	1759	224	129	1957	2845
1760	18S	1760	213	118	1884	2808
1761	18S	1761	214	109	1854	2813
1762	18S	1762	192	100	1786	2748
1763	18S	1763	130	81	1189	1485
1764	18S	1764	131	79	1176	1423
1765	18S	1765	131	57	1026	1383
1766	18S	1766	98	33	645	1209
1767	18S	1767	99	32	632	1205
1768	18S	1768	83	31	315	161
1769	18S	1769	85	29	313	158
1770	18S	1770	87	26	300	153
1771	18S	1771	87	26	293	153
1772	18S	1772	87	24	292	152
1773	18S	1773	85	24	285	152
1774	18S	1774	85	19	280	145
1775	18S	1775	82	16	278	144
1776	18S	1776	71	15	255	133
1777	18S	1777	71	15	255	133
1778	18S	1778	71	14	255	132
1779	18S	1779	69	14	252	131
1780	18S	1780	69	14	250	131
1781	18S	1781	69	14	241	131
1782	18S	1782	69	14	229	131
1783	18S	1783	69	14	229	131
1784	18S	1784	69	14	229	131
1785	18S	1785	69	13	225	130
1786	18S	1786	69	13	212	105
1787	18S	1787	69	13	206	103
1788	18S	1788	64	11	204	95
1789	18S	1789	64	11	203	92
1790	18S	1790	58	11	185	82
1791	18S	1791	54	10	170	75
1792	18S	1792	52	10	168	67
1793	18S	1793	52	10	168	67
1794	18S	1794	47	9	155	62
1795	18S	1795	47	9	155	62
1796	18S	1796	46	9	144	59
1797	18S	1797	30	2	96	39
1798	18S	1798	28	2	92	36
1799	18S	1799	12	1	56	8
1800	18S	1800	0	0	0	0
