1	NA	NA
2	0	1.70409337887043
3	0.164483588535772	1.40281401124299
4	0.710325819044678	0.182584884316614
5	0.288459361646815	0
6	0.0852007368373178	0
7	0.118373636538301	0.0519776406232105
8	0.12767712405465	0.113557287798039
9	0.425376789195759	0
10	0.118585613475515	0.00581454838605466
11	0.0704390155053979	0
12	0.368398270010916	0.367266485932211
13	0.138579247442693	0
14	0.329191334078528	0
15	0.143568864574281	0
16	0.0553773840722094	0
17	0.221228433262626	0
18	0.22431257209957	0
19	0.31456948730243	0
20	0.193622617754662	0.00591074625751652
21	0.350054603913254	0.108102465013663
22	0.280259690959918	0
23	0.77304616439325	0
24	0.304510916567838	0.393068144100026
25	0.288637652927356	0
26	2.18458772116581	3.00939090635266
27	0.465959557059373	0.428139870534548
28	0.178670679567183	0
29	0.539564213261732	0
30	0.128762448197134	0.0478169774845009
31	0.199037622292066	0
32	0.295616022452326	0.213773419701508
33	0.331435593382871	0
34	0.153314235144851	0
35	0.256300006218522	0
36	0.285330253965688	0
37	0	0.499710889924998
38	0	0.0973910400294567
39	0	0
40	1.01871868927107	0.955178388875628
41	1.08703463796229	0.382776390680412
42	1.19724074025559	0.221783310973509
43	0	1.59414377994434
44	0	0.422274768576734
45	0	0.00795452383330125
46	0	0
47	0.624180280947948	0.0800000526074449
48	0.210347298506866	0.0651001091455363
49	0	0
50	0	0.0388061735804217
51	0	0.172303086346685
52	0.463821840507039	0.175753573795092
53	0	0.257526422514591
54	0.024937513010072	0
55	0	0.851843563018695
56	0.40125767177192	0
57	0	0.0764528309792178
58	0	0.774660294794512
59	0	0.087465916840153
60	0	0.078700351176945
61	0	0.212240685389952
62	0.954090054662681	0.26334506907085
63	0.900383838329124	0.408116641823032
64	0.20964956314122	0
65	0	0.221572659690871
66	3.65660075854427	2.48385154028084
67	0.017552039410164	0
68	6.81240318959404	1.88944076590479
69	0.459763301197295	0.122194245644286
70	0	0.0576087464553285
71	0	0.0105344452749237
72	0.122365365999234	2.3530247435211
73	0	0.490888158020893
74	0	0
75	0	0
76	0	0
77	1.32527459584396	0.73613137293107
78	0	0
79	0.596069242215274	0
80	0.174125556683522	0
81	2.98846991811558	0.796657318717111
82	0.569800512644358	0
83	0	0
84	0.0922319667965837	0
85	1.56959129323949	0.882183552691827
86	0.0633440995527456	0.168960948130925
87	0.170267954922299	0
88	0.0143066156310773	0
89	0	0
90	0.0329405380841402	0
91	0	0
92	0.0580466465913283	0
93	0	0.0892270703980827
94	0.219771477246305	0
95	0	0
96	0	0
97	0	0
98	0	0.22096839068858
99	0	0.0118388611019492
100	0	0.817572630945989
101	0	0.431140083509108
102	0	0
103	0	0
104	1.51057211494193	0.704313667879913
105	2.17960585688076	1.67247005782892
106	0.313770197517436	0.466588079378862
107	0.0276401345408796	0
108	0.142128380805544	0
109	0.345029559346573	0.228780417413238
110	0	0
111	0	0
112	0	0
113	0	0.462942999655184
114	0.0740552315544635	0
115	0	0
116	0	0
117	0	0.0123816896399547
118	0	0.0575655505392851
119	0	0
120	0.0240007773163526	0
121	0	0
122	0.149132032663469	0
123	0.0746838253605262	0
124	0	0
125	0.854140690842759	0.633241617157213
126	0.348475168984417	0
127	0.664787295060919	0
128	0.19717942841441	0
129	0.00304925038408852	0
130	0.340317306553883	0
131	0.625783334288243	0
132	0.538751402155368	0
133	0.457755863034033	0
134	0.0188914730432383	0
135	0	0.764340921593589
136	1.87790571334021	0.334096911742218
137	1.21951658406247	0.845290852753123
138	0	0.349328234825511
139	0.24932402320844	0.0552640833911706
140	0	0
141	0.725129246803125	0
142	0.185067768331026	0
143	0.202882211616553	0
144	0	0
145	0	0.51998684327088
146	0.457267999166868	0.217590053940827
147	0	0
148	0.605052832918444	0.545628575961564
149	0.600135562307593	0.151424288029939
150	0.131475494281036	0
151	0.0771854641274574	0
152	0.374606461150403	0
153	0.304798872683704	0
154	0.259815259365589	0
155	0	0.00690246700788567
156	0	0
157	0.449170114491398	0.443073567741521
158	0.44963946813795	0.0299901869412381
159	0.0618548238964337	0
160	0.284485497947585	0
161	0.178221402356298	0.164274987265495
162	0.433611943582094	0
163	0.232177422354497	0
164	0.6802272965232	0
165	0.708043473238376	0
166	0.373356227195588	0
167	0	0
168	0.0176388097760186	0
169	0.539593281719511	0.529490755364805
170	0.838569236997971	0.229788991434504
171	0	0.0584365148146262
172	0.862168743869614	0
173	0	0
174	1.22934838728759	0
175	0.256906914393901	0
176	0.961524681378274	0
177	0	0
178	0	0
179	0.760882484051437	0.324425387534621
180	3.34506809617766	1.04140644780589
181	3.29604873717781	0.942985316329491
182	4.59059394937882	2.00563251764868
183	0.872968018085804	0.146922597486461
184	0.142981916225814	0.0277917131666739
185	0	0
186	0.0594309300428464	0
187	0.063984651478305	0
188	0	0
189	0.377281292205695	0.0833370317792335
190	0.0678092447429802	0
191	0	0.0322852377196951
192	0	0.0226371780224763
193	0	0
194	0.00951762057078397	0
195	0.0373462429800507	0
196	0	0
197	0	0
198	0.227580553626158	0.106264307791864
199	3.36038331216995	1.00865296999908
200	0	0
201	0.077742047846421	0.022693175633782
202	0	0.285107585368167
203	0.345723676775596	0
204	0	0
205	0	0
206	0	0
207	0	0
208	0	0
209	0	0
210	0	0.00614980473740389
211	0	0.0491909744928968
212	0	0
213	0	0
214	0.369817193413083	0
215	0	0
216	0.583347646102172	1.94091460930645
217	0	0.0747893615740496
218	0	0
219	0	0
220	0.419133226350922	0
221	0.774778853084645	0
222	0.37643391686867	0.511680864026503
223	0.00300029921730956	0.426612956382221
224	0	0
225	0.0907750951511451	0
226	0.531239509081772	0.125222619341305
227	0.48675326985983	0
228	0.0516550128360798	0
229	0	0
230	0.00825100582702688	0
231	0.00657706250414148	0
232	0	0
233	0.252079960853429	0
234	0.042722846672192	0
235	0.179896941318512	0
236	0.00454518231367144	0
237	0.604556356976947	0
238	0.177889163328316	0.329498643865034
239	0.0233850539373689	0
240	0	0
241	0	0
242	0.0816260852917216	0
243	0.0165911704932441	0
244	0	0
245	0.525121321747266	0
246	0.0342219627939981	0
247	0	0
248	0	0
249	0	0
250	0.0695757268330713	0
251	0	0.0952516104206339
252	0.969863588742742	1.81588633888076
253	0	0
254	0	0.955551296783472
255	0.533292760474587	0
256	0	0
257	0.536726395506954	0.656296018876455
258	0.897324632325538	0
259	0	0
260	0	0
261	0.113676255699633	0
262	0	0
263	0.410289404389354	0
264	0.689138709062861	0
265	0.225909379976067	0
266	1.05337948476657	0.489610046504777
267	1.76883361333716	0.938570189831615
268	0.17543005687674	0
269	0.0706998359412207	0
270	0.0394485415069653	0
271	0.105451184457872	0.0063014676181062
272	0.455761390090914	0
273	0.0188844064224623	0
274	0.249107361904195	0
275	0.0644149339129953	0
276	0.0583745462048623	0
277	0.066188748325658	0
278	0.317574802948668	0
279	0.0541049106325157	0
280	0.116836827005064	0
281	0.0125976546469791	0
282	0.0195206468709414	0
283	0.0118120494774839	0
284	0.038145229115353	0
285	0	0
286	0.112097491310606	0
287	0	0
288	0	0
289	0.180470637013164	0
290	0.048375793700395	0
291	0.0284245654962135	0
292	0	0
293	0	0.378155119381006
294	0	0
295	0	0.0459055256966189
296	0	0
297	0	0.297828720213166
298	0	0.0686482447313861
299	0	0
300	0.0776576555957329	0.0266495574454901
301	0.0021241194907672	1.67016179168524
302	0.278004563951093	0.249860685338881
303	0	0
304	0.024714064193214	0
305	0.0642179317746202	0
306	0.118018933926863	0
307	0.0333620998154399	0
308	0.441131026408984	0
309	0.126891064406884	0
310	0	0
311	0	0
312	0	0.318188300804552
313	0.977058351463909	3.78781259251376
314	0.326896259519692	0
315	0.0420511799725933	0
316	0.128946879958844	0.595716508854456
317	0.590591175495283	0
318	0	0
319	0	0
320	0	0
321	0.257722307054075	0
322	0.0610847410235831	0
323	0.284932197272485	0
324	0.320130588992125	0
325	0.0298075573105096	0
326	0.0134546404515396	0
327	0	0
328	0.129889439160456	0
329	0.309355783743608	0
330	0.077341146947445	0
331	0	0.216980271539923
332	0.230116715265937	0.553352082591159
333	0	0
334	0.0831634344486864	0
335	0.21479146278375	0
336	0.0312254315571125	0
337	0.182516053075183	0
338	0.278993019951297	0
339	0.0283395567789484	0
340	0	0
341	0	0.156861811926379
342	0	0.149314271910107
343	0	0.0145370799007579
344	0	0
345	0.649613906728202	0
346	0.548199460166474	0
347	0.958867770164927	0
348	0.0392482731598804	0
349	0	0
350	0	1.13810762208711
351	0	0.0437090300271897
352	0.0540701666328889	0.212597787076795
353	5.7508845621797	6.16221516776726
354	1.13712165412682	0
355	1.32910976380175	0
356	0.485244185622173	0
357	0.109984259484655	0.0591954628744437
358	0.0231354637457316	0
359	0	0.0640253985197745
360	0.0641719822352124	2.44096905230831
361	0.0896935350320569	0
362	0.155245321705107	0
363	0.381484771831148	0
364	0.261198819979941	0
365	0	0
366	0	0.444459189696217
367	0	1.5944594532012
368	0	0.703254008212742
369	0	0.0171439932616264
370	0.556121752412759	0.215829882791035
371	0.174837789029578	0
372	0.100563772115548	0
373	0	0
374	0	0
375	0	0
376	0.211392526877202	0
377	0.138345882031645	0
378	0	0
379	0.177697569137902	0
380	0	0
381	0	0
382	0.145515864860824	0
383	0.0651146464869356	0
384	0.0573555135738199	0
385	0	0
386	0.0571054250652866	0.00229631670257804
387	0	0
388	0.266507756083554	0.0430826047066601
389	0.110167450775317	0
390	0	0
391	0.00889263218378684	0
392	0.107182663640523	0.0406292863832888
393	0	0
394	0	0
395	0	0
396	0	0.0390759977595179
397	0	0
398	0.19557659371404	0.414919819515504
399	0	0
400	0.416299075670685	0.42789482015799
401	0	1.90225670523031
402	0.148931474359314	0
403	0.162327358647544	0
404	0.156991720951569	0
405	0	0
406	0	0
407	0	0.404315417416454
408	0.217780094202815	0.0681251354800383
409	0.0701539709528383	0
410	0	1.09092978772009
411	1.10904060470057	0
412	0	0.0819778847186102
413	3.37579970493474	2.38697825944844
414	0	0
415	0.112515052224998	0
416	0.321352119144473	0
417	1.97569960733209	0.297947550453144
418	1.16404741483994	0.232624778693909
419	0	0
420	0	0
421	0.555421456576301	0
422	0.475288084832656	0
423	0	0
424	0.0431001974992079	0
425	0.124918995145633	0
426	0	0.042729867494596
427	0.085537374060153	0
428	0	0
429	0.319067487532976	0
430	0	0
431	0.0346114903956239	0
432	0	0
433	0.110468233127423	0
434	0	0.582718929456604
435	0.0237494696186699	0
436	0	2.14963500859299
437	0	1.13980980039583
438	0	2.12284845073067
439	0.41780508652142	0.447237730446542
440	0	0
441	0	0
442	0.191676267806404	0
443	0.0701685499297662	0
444	0	0.0731807981010138
445	0	0
446	0.151601508919042	0.317943176820787
447	0.0388786251207074	0.322492673308631
448	0.390911568733778	0
449	1.23508340386722	0
450	0	0
451	0	0
452	0.105372554114427	1.32821537074403
453	1.45656292795473	1.14507005037943
454	0	0.168618938236346
455	0.0729769035835854	0
456	1.07144234509637	0.303036759438731
457	0.173666385969017	0
458	0.0350309441191912	0
459	0.0192661184447335	0
460	0	0
461	0.131710086646301	0
462	0	0
463	0	0.231250238429302
464	0	0
465	0	0.0502288518302815
466	0.0161812704112826	0
467	0	0
468	0	0.592046862706555
469	0.00635473457939629	0.133966070166226
470	0	0.0839974832946424
471	0	0.830318019684604
472	0	0.486831701385821
473	0	0.349296514096098
474	0	0.602999347957108
475	0	1.8199774416262
476	0.194639864578556	0.260777525037396
477	0	0
478	0	0.555912534933225
479	0.293068339876743	0
480	0.10821143694288	0
481	0	0
482	0.574229872278408	0.242739326278277
483	0	0
484	0.291211537026683	0
485	0.486820321653566	0
486	0.268516283015707	0
487	0.0504416345491407	0
488	0.0594537582781938	0
489	0.0649986832284364	0
490	0.0605730263890629	0
491	0.21715856127716	0
492	0.2532343478321	0.384880513818847
493	1.16722392514343	0.615147682784157
494	0	0.0153232891989008
495	0.164128535796648	0
496	1.47257347842921	0
497	0.0828387880821489	0
498	0.00202418607469577	0
499	0	0
500	0.011787738184695	0
501	0	0
502	0.271354539347277	0
503	0	0
504	0	0
505	0	0.0821236728683657
506	0.826987655374766	2.64419343671738
507	0.10690621835081	0
508	0.191405400531316	0
509	0.020454160041597	0
510	0	0.0840104407793418
511	0	0.0555946653661182
512	0	2.67344885727207
513	0.648742596320456	0
514	0.148058790703993	0
515	1.04330160321395	0
516	2.0146367177494	0.672955893360582
517	0	0
518	0	0.593392123376366
519	0	0.321863966922946
520	0	0
521	0	1.36238764251371
522	0.986690689342164	0
523	0	0
524	0	0
525	0	0.138647115428424
526	0.204238724684531	0.463056152975622
527	0.420531859872482	0.512657455258348
528	1.55865827284496	0
529	0	0
530	4.74113456894184	1.18297595005047
531	0.540013016233162	0
532	0	0
533	0	0
534	0	0.0126289570868544
535	6.91275502543215	5.38299972309043
536	0.148527068677873	0
537	0.159360431470278	0
538	0.446022526651462	0
539	0.39220217614985	0
540	0.0307775771001642	0
541	0.336274754836564	0
542	0	0.718377790322118
543	1.99148055268627	0.939284215792318
544	0	0.117780458975551
545	1.68948638164122	2.04849556401084
546	0.127075418687321	0.0418356990451032
547	0.003219937512851	0
548	0.0175370556348589	0
549	0	0
550	0.130213564420489	0
551	0.273842347856826	0
552	0.208481168633912	0
553	0	0
554	0.0827289320839793	0
555	0.368125623678394	0.447098038841631
556	0.175945665969475	0
557	0.161304494252394	0
558	0	0
559	0.0164017365153683	0
560	0.0532373187063	0
561	0.0923405270440893	0
562	0.210468860994907	0
563	0.043671532155312	0
564	0	0
565	0	0
566	0	0
567	0	0
568	0	0
569	0	0
570	0.00754742543639132	0
571	0.260835845101386	0
572	0.0532207528807911	0
573	0	0
574	0	0
575	0.679797735917694	0
576	0.160897274241739	0
577	0	0
578	0	0
579	0	0.520816148583185
580	0	3.35655467921909
581	0.151557350192175	0.237505620383072
582	0	0
583	0	0.0341634751471262
584	0.0473757994639503	0
585	0.333454072323095	0.0219890851325931
586	0.121091071442332	0.12438340467598
587	0.00431549045527178	0
588	0	0.015995352064567
589	0	0
590	0	0.223596499045287
591	0	0.326026538756587
592	0	1.84418739119153
593	0	0.862924261441628
594	0	0.0785837563336522
595	0	0.719849816041558
596	0.287157321614411	0
597	0.12028726912941	0.162225250086695
598	0.72089861811535	0.0822154392186391
599	0	0.543864900403494
600	0.156113196297808	1.16682947374336
601	0	1.45996692929239
602	0	1.16226032814719
603	0	0.425908421261708
604	0	0
605	0.209560602548531	0.766765414458333
606	1.02431425586255	0.362754394757941
607	0.403986137403729	0.216324596699438
608	0	0
609	0.0279318119981332	0
610	0.0370757334555604	0.0107083405996072
611	0.205670196568364	0
612	0.188378411148947	0
613	0	0
614	0.773936200010231	0
615	0.629577444585654	0
616	1.16311940124031	0
617	0.0864634862104873	0
618	0	0.187215229541463
619	0.523812109577045	0.480806930915039
620	0.2910426273789	0
621	0.33102200042326	0
622	0.894063242392459	0.130459780585833
623	0.803796707739949	0
624	0.276445937396583	0
625	0.290096674983695	0
626	0	0.286861701194586
627	0.0706382966866878	0
628	0.0879991596194004	0
629	0	0
630	0.223576424766828	0
631	0.409713163538103	0
632	0.977891933789959	0
633	1.89422706598652	0
634	0.630255788517309	0
635	0.796817018463843	0
636	0.570913558537385	0.580205360544267
637	1.0569492001987	0.499084776242921
638	0	0
639	0	0
640	0	0
641	0.0430842671160119	0
642	0.215274975728256	0
643	0.0605162831175948	0
644	0.00482250427802293	0
645	0	0
646	0.156750951056147	0
647	0.0273099040862049	0
648	0	0.0260173433936031
649	0	0
650	0.0247198734908518	0
651	0.0164548310311483	0
652	0	0.0399593734062821
653	0	0
654	0.0794993687280471	0
655	0.00851550002256825	0
656	0	0.0228676760632798
657	0	0
658	0.0628542158074113	0
659	0.256351879069879	0
660	0.269061121738158	0.55507219671905
661	0	1.80915666681125
662	0	0.54437987315773
663	0	0.451123371146918
664	0	0.262101954643725
665	0	0.308950049349447
666	0	0.0341739914630413
667	0	0.4935553949461
668	0	0
669	0.0444775220421222	0
670	0	0.164916652175955
671	0.0382268412266522	0.000396955062626808
672	0	0.45665392727841
673	0	0.892218180087841
674	3.02002431942987	0
675	4.52324281998011	0
676	0.156817070918323	0
677	0.11623836167161	0.144396832989014
678	0	1.09302931750433
679	0	0
680	0.382802082372423	0
681	0	0
682	0.0398757956209019	0
683	0.0869770017804033	0
684	0.19188773424233	0
685	0.436949286782146	0.389456230988081
686	0.041123334860445	0
687	0.136225016595844	0
688	0.345277408750282	0
689	0.0689960241061289	0
690	0.0288746539545886	0.0158192502593912
691	0	0.247786161492625
692	0.0950081163848034	1.08603880418364
693	0.456328790226454	0.71969423371156
694	0.0748763367025922	0.0650115489123067
695	0	0.270073247601318
696	0	0.203232614002863
697	0.305083469730274	0.0309981479566732
698	2.76517650906775	1.72474825850121
699	0	0.0288324840122348
700	0.0689056346780463	0
701	0.1094953142904	0
702	0.0490888924091575	0
703	0	0
704	0	0
705	0	0
706	0	0
707	5.15456164975654	3.07000525543416
708	1.72036692121085	0.838441893475807
709	0	0
710	0	0
711	0.0132485341046874	0
712	0	0
713	0	0
714	0.221040443974778	0
715	0	0
716	0	0
717	0	0
718	0	0
719	0	0
720	0	0
721	0	0
722	0	0
723	0.014617409238262	0
724	0	0
725	0	0.275777611289063
726	0	0
727	0	0
728	0	0
729	0	0.199304216151519
730	0	0.617953550998872
731	0	0
732	0	0.0208925189249126
733	0	0
734	2.39433712534933	3.51208415682067
735	3.48703511245431	2.88725120263736
736	0	0
737	0	0
738	0.191620816173318	0
739	0	0
740	0	0
741	3.36697893216382	2.82653093048639
742	1.99601066836474	2.37611346820838
743	0	0
744	0	0
745	0	0
746	0	0
747	0	0.128691307999119
748	0	0.0368354363011839
749	0	0
750	0	0
751	0	0.0789570266736514
752	0	0.294195696563378
753	0	0.0297641566258232
754	0.171799451820263	0
755	0.352409797058705	0.661818871806981
756	0.079120204215547	0.342236947197984
757	0	1.29325068392608
758	0.20310193792085	0.11251237290137
759	0	0.0367519879379143
760	0	0
761	0.0451187320193324	0.110619054598896
762	0.193892185378545	0
763	0.250311717419579	0
764	0.48400757436449	0
765	0.501163590209937	0
766	0	0
767	0	0.0789878883512998
768	0	0.014011951821549
769	0.00612594251631589	0
770	0.418898010156895	0.120420850316297
771	0.482113820032738	0.0434607338827065
772	0.650113559235752	0.282295723350966
773	0.151870168809279	0
774	0	0
775	0.174437949757486	0
776	0.0975064724533182	0
777	0.206570081488189	0
778	0	0.157804087714958
779	0	0
780	0	0.462600404388451
781	2.06401088471796	0.786557311179872
782	0.104620622225408	0
783	0	0.0140377741186548
784	0.0336093531583352	0
785	0	0.331175718271519
786	0.18258514625704	0
787	0	0.241063668472782
788	0	0.0931557287943451
789	0	1.6609980269838
790	1.76079587490056	0
791	0	0.426422603008822
792	0	0.397285142977063
793	0	0.692852565887575
794	0.899943710751242	0
795	0	0.0129417630489317
796	0.0962557989499305	0.0818366197418989
797	0	0.795345518054532
798	0.0613505226307661	0
799	0	0.234492131744126
800	1.21703029739355	0
801	0.266210524983873	0
802	0.499213775033003	0.200443930946346
803	0.415817281333613	0
804	0.927045664015906	0.718056670721465
805	0.0775295400894621	0.690951038672366
806	0	0.330224290264973
807	0.178025289187757	0.690516102916999
808	0.503047946706229	0.248074050304993
809	0.26676815285939	0
810	1.99843581214303	0.404245590703248
811	0.292870722856257	0
812	0.561344372547205	0.80421462824721
813	1.70787008133032	0.799144015908125
814	0.127021604047349	0.0288733986686652
815	0.231449040400953	0.0735471165212408
816	0.0953960153747613	0
817	0	0
818	0.219099814627521	0.0275891708317522
819	0	0
820	0	0.0349585340775426
821	0	0
822	0.116152488028762	0
823	0.0991741287740163	0
824	0.13904274052024	0
825	0	0
826	0	0
827	0.351286977733841	0
828	0	0.00154540304266826
829	0	0.421071006239999
830	0	0.0174326583796939
831	0	0
832	0	0
833	0.0452246794107999	0
834	0	0
835	0.337721433701628	0
836	0.44535656890302	0
837	0.311622783988814	0
838	0.501830880391368	0
839	0.134456338422209	0
840	0	0
841	0	0.026432047723585
842	0.108679538590399	0
843	0	0
844	0.861803498742763	0
845	0.674168706824139	0
846	0.258320310652852	0
847	0.282708582002529	0
848	0.739695335039116	0.00306504530378234
849	0.206862202138592	0
850	0	0.42484258645635
851	0	1.19321920020305
852	0.542620650087759	0
853	0.054606343065239	0.188551651141368
854	0	0
855	0.127910249328122	0.0534369939593325
856	0	0.392359251211393
857	1.07542914661815	0
858	0.503436884322171	0.0878356172699682
859	0	0
860	0.971062139636209	0.379873037278509
861	0	0.160059183731733
862	0.0460922938009367	0.0273861076235695
863	0.133500038162489	0.506903070524143
864	0.558404037346759	0
865	0.29321624937342	0
866	0.568950199923278	0
867	0.140873834977471	0
868	0.211920242188241	0
869	0	0
870	0.242837945546592	0
871	0.0155919148643307	0
872	0.106466709389397	0
873	0.246171055503533	0
874	0.024096990043098	0
875	0.0376726776525632	0
876	0.134578124801944	0
877	0.163416542178316	0
878	0.129782215470452	0
879	0	0.0766531719656325
880	0	0
881	0	0.596456872146561
882	0.0934971462539245	0.715577552173887
883	0	0.106278731391741
884	0.0276127717701863	0.0716855145786897
885	0.21125265999496	0.167072161496537
886	0	0.184134717674254
887	0	0.229811097971808
888	0.147448995532782	0
889	0	0.165816608166876
890	0	0.0690745205930351
891	0.0716107742746244	0.197163066718011
892	0.276887326133038	0.590016230075992
893	0.483137102549079	0
894	0.201585758597572	0
895	0.0863504362315786	0
896	0	0
897	0.0136561920558435	0.0119335063820454
898	0.184184871095599	0
899	0.293234858832139	0.0268965588982725
900	0.636534570156518	0
901	0.639003123450546	0
902	0.174972443373672	0
903	0.748939673843909	0
904	0	0
905	0.0633256606378871	0
906	0.835270537469662	0.677813362044359
907	1.0861186896634	1.11774733275224
908	0.464057437802172	0.53539138321875
909	0	0
910	0	0
911	0	0
912	0.22530350357852	0
913	0.0382458665622531	0
914	0.543724574883437	0
915	0	0
916	0	0
917	0	0.137766096078751
918	0	0.107043989761189
919	0	0.304536650749001
920	0	0.313417957267912
921	0.0940089929106247	0
922	0.0278909945866777	0
923	0	0.159500373610668
924	0.468415041573267	0.0516511601027615
925	0.291982003747326	0.160641296569127
926	0	0.360603596711901
927	0.847538169537459	0.114630070660095
928	0	0
929	0.104405006149722	0.146036683732451
930	3.95285452538597	2.28689323997879
931	0.300360576820455	0.155918269665422
932	0	0.251393957489291
933	0	0
934	0.24669134948434	0.00209543485982707
935	0.157184207073674	0
936	0.0434131811401275	0
937	0.10996829800211	0
938	0	0.0407712526426355
939	0.192603893523751	0
940	0.652415334312402	0.296856298745549
941	1.38451744519813	0
942	0.526845170501091	0.158051149523155
943	0.152497890634691	0
944	0	0.574425674908549
945	0.0201125946915184	0
946	0.320970870460393	0
947	0.162695997100378	0
948	0.133301952466282	0
949	0	0
950	0.0221176505241854	0
951	0	0
952	0.401589341134056	0.202337394684074
953	0.183682666936444	0
954	0.087902045920803	0
955	0	0
956	0.292780772880396	0
957	0	0.0450297018964444
958	0	0
959	0	0
960	0	0
961	0	0.0528454534991231
962	0.0585345753332918	0.0109592676164838
963	0	0.166207560121199
964	0.143758662698488	0.064800140140573
965	0	0
966	0.180192042045144	0
967	0.728320231602068	0.936973589140271
968	0.399995042195497	0.650223399051351
969	0.150420945694229	0
970	0.37947771353232	0.0733884033311777
971	4.66681586628145	1.41147895661978
972	1.00787042584235	0.39519954637077
973	1.46341532084126	0
974	0	1.07990494358804
975	0.384491257442738	0.107861970963311
976	0.723763710054671	0
977	3.00944158290811	0
978	0.886904381263256	0.126123784111897
979	0.904520542041889	0.265473172210267
980	0.471678923127273	0.337395337638532
981	0.113369262669944	0
982	0	0
983	0.0199520101195682	0
984	0.458075257567376	0
985	0.194888296782827	0
986	0.49641995169726	0
987	0.0905266897222877	0
988	0	0
989	0	0.787653125427836
990	0.099507393019628	0
991	0.162704625363676	0
992	0	0
993	0.472954863917024	0.24004528028089
994	0.949701028485556	0.213262900556135
995	0	0
996	0.917400439665325	0
997	0.0244060014634149	0
998	0	0
999	0.20000646185803	0.465873748153527
1000	0.0965433429985164	0
1001	0.165939764380635	0
1002	0.602571510341178	0.0269769308835535
1003	0	0
1004	0.578652139149481	0.366004900554767
1005	0	0.127942810398228
1006	0.400592944988907	0.489037164389505
1007	0.0564750846376587	0
1008	0.0319820316140281	0.02020636846742
1009	0	0
1010	0	0
1011	0	0
1012	0	0
1013	0.140893633651205	0
1014	0.392128042728787	0.0901242241091573
1015	0	0
1016	0	0
1017	0	0.505843248894288
1018	0	0.0566020232746106
1019	0	0
1020	0.354543604173497	0.622220931478461
1021	1.01523067211775	0.239133549097935
1022	0.136021251512617	0
1023	0	0
1024	0	0
1025	0.293053718297402	0
1026	0.586090162837801	0.460506481705405
1027	0.48979054566107	0.77953913130987
1028	0.378335496559721	0.0328319323276443
1029	0.434554734969673	0
1030	0.0222760337449778	0
1031	0.240782365462799	0.0111488463624822
1032	0.0976234792815292	0
1033	1.06571444960083	0
1034	0.126027967969454	0
1035	0.0870003132845729	0
1036	0	0.0173044963388823
1037	0.115638381759959	0.0586605422816795
1038	0	0
1039	0.484446999011784	0
1040	0.348127719105754	0
1041	0.100373836488831	0
1042	0.00386643387007652	0
1043	0	0.0459908931798153
1044	0.189814765617623	0.55509902450016
1045	0.00320121459034687	0
1046	0	0.0562613765148258
1047	0.0592600008891926	0
1048	0	0.0381574487135726
1049	0	0.0913908651145719
1050	0	0.00705393980421104
1051	0	0.111512867027835
1052	0	0.0957621436054136
1053	0	0.187469517497238
1054	0	0.333904445422994
1055	0	0.430498428999324
1056	0	0.520461300966937
1057	0	0.494918108713979
1058	0	0.427380187228617
1059	0	0.387285393911999
1060	0	0.343772331661951
1061	0	0.111627023121085
1062	3.12535395523507	1.35998646937016
1063	0.691208125839502	0
1064	0.0139589926268068	0.054554519616697
1065	0.0841740371936306	0
1066	0.294758384142371	0
1067	0.076260019108247	0
1068	0.0481810772819046	0
1069	0.0299665946692609	0
1070	0.102186244703214	0
1071	0	0.00541837583519401
1072	0.0354120892903556	0.0137207939877928
1073	0.0894596822419973	0
1074	0.199080854426376	0
1075	0.148347460036752	0
1076	0	1.03233346723178
1077	0.302408532339505	0.00533658899866094
1078	0.156069253130783	0.0335346202385746
1079	0.0787566389984821	0
1080	0.0865912071336072	0
1081	0	0.245926755942154
1082	0.249169222823557	0
1083	0.198232960773278	0
1084	0.644862915879688	0
1085	0.464862610019774	0
1086	0.576390488008279	0
1087	0.689612091258994	0
1088	0.398657727285278	0.187693599836387
1089	0.209750994197049	0.567569997914105
1090	0.19692456194931	0
1091	0.145930113129615	0
1092	2.33837620871491	1.21039683197273
1093	1.23623762706846	0
1094	0.450615526013225	0.0553896858311036
1095	0	0
1096	0	0.0767846934193005
1097	0	0
1098	0	0
1099	0.443064945044943	0
1100	0.489900006351447	0
1101	0.476660997962555	0
1102	0.220109303345684	0
1103	0.13676783938989	0
1104	0	0
1105	0.0297905261289748	0
1106	0	0
1107	0.0213913593865091	0
1108	0.0125986741788152	0
1109	0.00599750086027478	0
1110	0.0101389011979511	0
1111	0	0
1112	0	0.189834345418149
1113	0	0.59880940068954
1114	0	0.398834357706093
1115	0	0.151481433376108
1116	0	0.482347999840359
1117	0.881686019027476	1.16041787865055
1118	0	0.0131426988464775
1119	0.0340504533171462	0
1120	0	0
1121	0	0
1122	0	0.0571782749113102
1123	0.0108888362657403	0
1124	0	0.436236784610159
1125	0.0316593826760348	0.179015954129696
1126	0	0.122680789236846
1127	0	0.616298477312333
1128	0	1.01637811413686
1129	0	0.148361588590253
1130	0	0.3521902397678
1131	0	0.150904523681671
1132	0	1.82638280237537
1133	0	2.68782156685726
1134	0.549925052233159	0.326180036487375
1135	0	1.00734464389506
1136	0	0.588035290662184
1137	0	0.225885348237697
1138	0.466703009648213	0.187553171482813
1139	1.9955083617082	0.0612750443114867
1140	11.5919939629234	3.62135952694745
1141	0.43880436735932	0.0295181472875982
1142	0.0189923385382997	0.306829873754571
1143	0	0.88455545947
1144	0.284397064462671	0.130932752109173
1145	0.227049961727527	0
1146	0.115595971200033	0
1147	0.16263584599625	0
1148	0.219089332821068	0
1149	0.0473807000197843	0
1150	0.0648282104863179	0
1151	0.122736549055459	0
1152	0.435303824019604	0
1153	0.157896791566375	0
1154	0.225195250885995	0
1155	0	0
1156	0.00905041785549987	0
1157	0	0
1158	0	0
1159	0.0165267692227199	0
1160	0	0
1161	0	0
1162	0	0
1163	0	0
1164	0.0383411857928759	0
1165	0.094158837221892	0
1166	0.151005167449471	0
1167	0	0
1168	0.11872975337938	0
1169	0.0238212474238266	0
1170	0.0366005719155294	0
1171	0.0365639274712093	0
1172	0.0950481450398254	0.0402202051630964
1173	0	0
1174	0	0
1175	0	0
1176	0	0.0353470440156092
1177	0.0678328481720102	0
1178	0.0145492801322606	0
1179	0	0.225955119640141
1180	0	0.0491671243213865
1181	0	1.75497022080912
1182	0	1.1236507560457
1183	0	2.40315579007842
1184	0	7.51715275283815
1185	0	2.59102006151553
1186	0	0.83624223330791
1187	0.457573983604876	0
1188	0.0971976372270663	0
1189	0	0
1190	0.800698051644487	0
1191	0	0
1192	5.57640727728375	0
1193	0.281765481205393	0.277881585961089
1194	0.885249417553375	2.28219130747476
1195	0.0550923590486303	0.146531334237552
1196	0	0.445842823800504
1197	0.124639394028366	0
1198	0.180548976903467	0
1199	0.115787907380333	0
1200	0	0.187920222456707
1201	0.0776050563588805	0.172714460160814
1202	0	0
1203	0.0370698965661612	0.311440244016517
1204	0.0277057648178988	0.357030126264694
1205	0.0361401863888484	0.0141932664247503
1206	0	0.283089850449122
1207	0.000225305046736539	0
1208	0	0.130802570218757
1209	1.85194474831849e-05	0.0969479855717349
1210	0	0
1211	0	0.0930387516277998
1212	0.0185928419358014	0
1213	0	0.0131465816033404
1214	0	0.565271818421594
1215	0	0.0234358446850003
1216	0	0.0344904590793851
1217	0	0
1218	0.0771263909216941	0.176169397110366
1219	0	0.536397050948721
1220	0.226876372076967	0.340672585485591
1221	0	0.559207370169062
1222	0.0446890455378261	0.042901126051583
1223	0	0.212706225358008
1224	0	0.560156913663718
1225	0	0.197072455968823
1226	0	0.12593348252634
1227	1.19153883255451	0.526830803128751
1228	0.917941500890787	0.490208313806872
1229	0.0591597029487997	0.0102836821834413
1230	0	0.208768529719422
1231	0	0
1232	0.0723876977949602	0
1233	0.0334164911778147	0
1234	0	0.268283100627679
1235	0.313536697853808	0
1236	0.259531285637537	0
1237	0.245809064039047	0.0709554578014361
1238	0	0.301855236026939
1239	0.0688190267748947	0.282579196772069
1240	0.0786711025084736	0
1241	0.112650543093023	0
1242	0.279488340313521	0
1243	0.125494006229448	0
1244	0.314190286800038	0
1245	0.241955117255341	0
1246	0.402433925390166	0
1247	3.40695148538097	3.91328256611523
1248	0.0542278474366479	0
1249	0	0
1250	0	0
1251	0	0
1252	0.271616356202824	0
1253	0	0
1254	3.11761020490171	0
1255	0.255298806431198	0
1256	0	0
1257	0	0
1258	0	0
1259	0.281774721434852	0
1260	0.401845799462092	0
1261	0.146040299029123	0
1262	0.179775770091917	0
1263	0.0847226436225527	0
1264	0.0995183169377357	0
1265	0.0212281372871817	0
1266	0.06114013208416	0
1267	0.0270215337192034	0
1268	0.0017101742517448	0
1269	0.13220510308931	0
1270	0.144604914283675	0
1271	0.132112414168185	0
1272	0.181606088717607	0
1273	0	0.331460930090606
1274	0.0223668229246334	0
1275	0	0.515920810605719
1276	0.101074422346759	0.00160262218956845
1277	0.0137174753025885	0
1278	0.0832824387033209	0
1279	0.0103212436631393	0
1280	0	0
1281	0.580944602364248	0
1282	0	0.0155754717373638
1283	0	0.333151365328509
1284	0.239452924091679	0.0329608160102579
1285	0.0214890230078083	0.0726641634858347
1286	0	0.352801985135729
1287	0.151459920459851	0.0416966799668497
1288	0.242834645280985	0.115865772103947
1289	0.0413461180474422	0
1290	0.0976807619708247	0
1291	0.0242087927626857	0.00808008314768088
1292	0	0.00910982532436344
1293	0.0299859028773908	0
1294	0	0
1295	0	0.377215519901563
1296	0.0698236953621075	0
1297	0.191756475104496	0.00793463674790134
1298	0.250373656088419	0
1299	0	0.111062021140951
1300	0	1.41051205967685
1301	0	0.174093530627302
1302	0	0.114820603529256
1303	0.113153661687502	0
1304	0	0
1305	0.341999340533636	0
1306	0.266619885482176	0
1307	0.345838090382527	0
1308	0.0648413605401599	0
1309	0.544130020651423	0
1310	0	0.404589883990522
1311	0	0.907173649133745
1312	0	0.079271081938791
1313	0	1.88711349784535
1314	0.583423218404295	0.0907289909448079
1315	0.429872144448205	0
1316	0.267863598152176	0
1317	0.806999925515272	0
1318	0.256534326044753	0
1319	0	2.72249677389493
1320	0.638283673724507	0.451467918246738
1321	0	0
1322	0	0.82022273430394
1323	0.491209246328944	0
1324	0	0.0533141690398104
1325	0.713595512031518	0
1326	1.17095539934125	1.91090299808441
1327	0.320229522720739	0
1328	0.145831796361919	0
1329	1.0483647221557	0
1330	0.368524691076655	0
1331	0	0
1332	0.525984548930578	0
1333	0.314107505468176	0
1334	0	0.0344485125075208
1335	0	0
1336	0.105799054413758	0
1337	0.643778418509178	0.460910341624048
1338	0.541651362413395	0.0431328708794673
1339	0.16713155576618	0
1340	0	0
1341	0	0.290943054501575
1342	0.501178692681983	0
1343	0	0.109832868273112
1344	0	0.335724523665436
1345	0.0768757950566234	0.156502830618164
1346	0.0308019037746074	0.591753746488565
1347	1.34335323656144	0.952334088790619
1348	0.0748898995278984	0
1349	0.136789276465792	0.0192434471759586
1350	0.00906503543148893	0
1351	0.0470489871449188	0
1352	0.0336060065065133	0
1353	0.103348493950767	0
1354	0	0
1355	0.031697984805833	0
1356	0	0
1357	0.426310571811503	0
1358	0.165895109504167	0.069773817022334
1359	0	0.0699973058345739
1360	0	0.707738971046702
1361	0	0.235786614864727
1362	0	0
1363	0.200300261463449	0
1364	0.126557303883232	0
1365	0.0725693260793851	0
1366	0.106580378718512	0
1367	0.0309464865600956	0
1368	0	0
1369	0	0
1370	0	0.163440086937663
1371	0	0.133931588701108
1372	2.17940148405682	1.01804255116961
1373	0	0
1374	0.02510581435012	0
1375	0	0
1376	1.09521710970361	0
1377	0	0.0787715480073247
1378	0	0
1379	0.23399095150749	0
1380	0	0
1381	0	0.0485526110556141
1382	0.0167981771569129	0.0306308977763863
1383	0.0358459667159816	0.133989777789984
1384	0.372033673906827	0
1385	0.792131307292561	0
1386	0.0929408376930806	0
1387	0.343381563361966	0
1388	0	0
1389	0.787490345981028	0
1390	0	0
1391	0	0.18789566309457
1392	0.499559974983094	0.155390930541244
1393	0.566249980152767	0
1394	0.231546373224499	0
1395	0.526890827375215	0
1396	0	0.538094596265597
1397	0	0.157886180695537
1398	0	0.437047517580614
1399	0.259686174241847	0
1400	0.274691128396699	0.215600489839072
1401	0.586691156877199	0.0377924726757496
1402	0.336807490709204	0
1403	0.654847041569252	0
1404	0	0
1405	0.0325659108117442	0
1406	0	0.00109750480611054
1407	0.235677967169377	0.0172660017711501
1408	0.0631720479262201	0
1409	0.263807001390182	0
1410	0	0.491584911416889
1411	0.656310111825256	0.202393680675627
1412	0.561554860988592	0.295414250599833
1413	0	0.424203348110949
1414	0	0.052763896888918
1415	0.0162550317429149	0.0140362936964
1416	0	0.0167074074555969
1417	0.467835431018664	0
1418	0.667499192843348	0
1419	0.0605627623798366	0
1420	0	0.607882409033815
1421	0	0.136859789939428
1422	0	2.97649670013495
1423	0.232491922974248	0.330462911934702
1424	0	0
1425	0	0.757715272961882
1426	0.599417778546031	0
1427	1.96162176661778	0
1428	1.32164640783855	0
1429	0.695082724436331	0
1430	0.0981107135943253	0
1431	0.180011102706608	0
1432	0.325109278144156	0
1433	0.112350376975408	0
1434	0.39229735345571	0
1435	0.195776976987571	0
1436	0.534456512447942	0
1437	0.205570593568037	0
1438	0.0821579985486449	0
1439	0.1232028461114	0
1440	0	0
1441	0.12073078502513	0
1442	0.0094780207081346	0
1443	0	0
1444	0.201078215340596	0
1445	0.412802566194084	0
1446	0	0.554789795485175
1447	0.859084449189932	0
1448	0.187056317187098	0
1449	0.680334578654329	0
1450	0	0.0704902317899345
1451	0.167481217938678	0
1452	0.350725422358692	0
1453	0.203122448793241	0
1454	0.089929292824121	0
1455	0.18774772018952	0
1456	0.0445397666456857	0
1457	0.0794830583690798	0
1458	0	0.0221757152470561
1459	0.260222927946234	0
1460	0	0.531113230006507
1461	0.463878961398328	0.0902490494803454
1462	0	0.121652383946197
1463	0.582187772999642	0
1464	0.371411091416745	0
1465	1.49742908028402	0
1466	0.9602099793033	0
1467	0.217241065225066	0
1468	0	0.733554254173821
1469	0	1.93622094265627
1470	0.332918473239289	0.424309475246286
1471	0	0.299272227761302
1472	0.424107580494595	0.309757488779996
1473	0.0716051415603126	0.0180420786634807
1474	0.0581113019275963	0
1475	0	0.324017334374447
1476	0.125625494262807	0
1477	0.119923507710436	0
1478	0.107081767770485	0.0632777855152711
1479	0.222208827039951	0
1480	0.0871264565120687	0.103424610558282
1481	0	0
1482	0.120480415537451	0
1483	0.435171420390738	0.113415107998495
1484	0.410239825637174	0.885398969673348
1485	0.354072715087825	0
1486	0.163983295110047	0.221686279412713
1487	0.191591497448576	0
1488	0.566009340504964	0.322487045758954
1489	0	2.50433666018845
1490	0.189646882952499	0.792354784038339
1491	0.158838186162962	0.545958811134046
1492	0.0471179885214421	0
1493	2.11226449988482	2.06350854606454
1494	1.22263589964428	0.376001868920494
1495	0.12264365138849	0.0152179973027711
1496	0.0266217964240015	0
1497	0.145724888445199	0
1498	0.0387206774734945	0
1499	0.0932825746443949	0
1500	0.0208075623350584	0
1501	0.0474083072172337	0
1502	0.065415119115349	0
1503	0.517126998274023	0
1504	0.405512965898144	0.0754707680911161
1505	0.918598110217203	0
1506	0.173987311707462	0
1507	0.0754616179119408	0
1508	0	0
1509	0	0
1510	0	0
1511	0.125315623913131	0
1512	0.0282725797385625	0
1513	0.0163539447325089	0
1514	0	0
1515	0.00531858197965667	0
1516	0	0.983154429015502
1517	0.557379809182682	0.401881657210447
1518	0	0
1519	0	0
1520	0.166758579324652	0
1521	0	0
1522	0	0
1523	0	0.285389836494186
1524	0	0
1525	0.439138229456742	0.0705916699235815
1526	0.608028028965681	0.0465364366773202
1527	0.0232177830549097	0
1528	0	0
1529	0	0
1530	0.169464753751907	0
1531	0	0.0498355856822583
1532	0	0.473234777772639
1533	0.457362498789946	0
1534	0.0561771772393644	0
1535	0.138531306078464	0
1536	0	0.0626558984248692
1537	0	0
1538	0	0.00560773953131504
1539	0.116982254027461	0
1540	0.286530096621284	0
1541	0.500718544571849	0
1542	0	0.0381950420920999
1543	0	0.319513451465359
1544	0	1.30424321019647
1545	0	0
1546	0.116459984065101	0.0159811180566887
1547	0.124050398242305	0
1548	0	0.234675961337191
1549	0	0.174854284698228
1550	0	0.334467247071551
1551	0	0
1552	0.49720494982323	0
1553	0.875061433580065	0
1554	0	0.0996019478626354
1555	0	0.0443074354001436
1556	0	2.04551373682083
1557	0	2.27203785416244
1558	0	0
1559	0	0.071084633553787
1560	0.269458573365684	0
1561	0.123038467620454	0
1562	0.0823449254143076	0
1563	0.261478836413394	0
1564	0.0190134646115059	0.105058439749247
1565	0.286733881080974	0.0925328779444153
1566	0.00576352275716399	0
1567	0	0.47778175410518
1568	0	0
1569	0	0.101548083616319
1570	0	0.612275199422017
1571	0.0407413333283932	0
1572	0.0902433752840545	0
1573	0.807693185284497	0
1574	0.0931033555778152	0.0796649222303038
1575	0	0.361331548366497
1576	0	0.282651126321206
1577	0.0398100848576624	0.52313243220251
1578	0.209022878729484	0
1579	0	0
1580	0	0
1581	0.0822079833190327	0
1582	0	0.0747702000937617
1583	0.283160055938859	0
1584	0.117550357225573	0
1585	0.210789751885796	0
1586	0.0283065800676794	0
1587	0.437123399108924	0
1588	0.171683247362838	0
1589	0.173841145927436	0
1590	0	0
1591	0.0374900544975767	0
1592	0.146678990949699	0.287117616949406
1593	0.389367296894339	0
1594	0.307865639338261	0.0100575626127147
1595	0	0
1596	0.079440919027267	0
1597	0	0.899003144668955
1598	0	0.67973620558329
1599	0	0
1600	0.287604958140712	0
1601	0.19978927280263	0.0691292583652304
1602	0.13771258465385	0
1603	0	0
1604	0.0273723158937995	0
1605	0	0.103663413488702
1606	0.0636746534230845	0
1607	0	0.222113130971745
1608	0	0.846824016251395
1609	0	0.030770531973936
1610	0	0.0953943027490863
1611	0	1.79693233846781
1612	0	0.128109523355704
1613	0	0.1326550661747
1614	0	1.23273315939059
1615	0.294953033630522	0
1616	0.0807323768702317	0
1617	0.0951085510644825	0
1618	0	0.142960160881139
1619	0.081583948009846	0
1620	0.436377054517973	0.000412017310622339
1621	0.419080747933719	0
1622	0.085711451392028	0
1623	0.120875881181292	0
1624	0.0643784788361521	0.13882853630224
1625	0.00601503868997982	0.167495136145517
1626	0	0.342358248715289
1627	0	0.874454771280937
1628	1.14564339879047	0.0552735395823877
1629	0.0979719802018678	0.0268600700131853
1630	0	0
1631	0	0.466051589180223
1632	1.5035480732775	0
1633	0	0.862248506508305
1634	0.269672324502033	0
1635	0.377244398307209	0.326012450794551
1636	0.323707834838543	0.0782193134801028
1637	0.0571193000903984	0.00237269235561936
1638	0.0422999591981317	0.00393442580577566
1639	0	0
1640	0	2.05638160193754
1641	0.0842113378653551	0
1642	0.0826146385013718	0.0168776917718563
1643	0	0
1644	0.114430251136256	0
1645	0.119512878540198	0.0613183982543134
1646	0.0947396867124258	0
1647	0	1.36387216417587
1648	0.28973783695874	0.066605489109344
1649	0.331906527706053	0.15138290552581
1650	0.080608690186987	0
1651	0.135115416791493	0
1652	0.9658030028697	0.291927640038449
1653	0.931877855024619	0
1654	0.275930083587405	0.0722501566846743
1655	0.121515811409645	1.23312495767837
1656	0.727961362767754	0.376226824545692
1657	0.619455149431333	0.0688400320416615
1658	0.191046409166559	0.199862306186528
1659	0.116296597324874	0
1660	1.0633044933383	0.112399068856553
1661	0.35536189611859	0
1662	0.119609771797009	0
1663	0.173197719258675	0
1664	0.225706865273999	0
1665	0.0972206446603172	0
1666	0	0
1667	0.254388956276316	0
1668	0.276304367806021	0
1669	0.159501427923679	0
1670	0.167878419649623	0
1671	0.472104424494643	0
1672	0.216547176043977	0
1673	0.151382676656071	0
1674	0.0876122040761836	0
1675	0.105723592421007	0
1676	0	0
1677	0.141406532923946	0
1678	0.422462895537577	0
1679	0.253089247205265	0
1680	0.0326407490793293	0
1681	0	0
1682	10.2227685232833	10.3777583101845
1683	0.331086402864571	0
1684	0.201240104283087	0
1685	0	0
1686	0	0
1687	0	0
1688	0	0
1689	0.115757387436421	0
1690	0.862836915340615	0.280242559120993
1691	0	0
1692	0.0927356599201292	0.0193946036978807
1693	0	0.0230336929965504
1694	0	0.0210258237287904
1695	0	0.0369148771397214
1696	0	0
1697	0	0
1698	0	0
1699	0	0.0190187804290683
1700	0	0
1701	0.278794174515921	0.554445433566886
1702	0.86726194395391	0.904186282974893
1703	0.461539665046913	0.0453242658477373
1704	0	0
1705	0	0
1706	0.0470978125507713	0
1707	0	0.000286269080896307
1708	0.0630525091903898	0.482554100647372
1709	0	0
1710	0	0
1711	0.0638322392635179	0
1712	0.000508375635881751	0.263111064775607
1713	1.24944778688839	1.13097913091218
1714	0.148413081790522	0.0122396039414961
1715	0.0141849077787155	0.0980317865067137
1716	0.0792021294579452	0
1717	0.0398318130787632	0.0253398990048862
1718	0	0.0424460253573041
1719	0	0.110297690188288
1720	0	0.0953505846750648
1721	0	0.695681686178384
1722	0.526862559751901	8.75186007001486
1723	0	0.518644506130368
1724	0	0.0811802443595948
1725	0	0
1726	0.035781104271604	0
1727	0	0
1728	0	0.173118672891614
1729	0.133552646772665	0
1730	0	0
1731	0	0.651417612256182
1732	1.79261789795132	6.91215243333707
1733	0	0.0223501107057248
1734	0	0.0701632558785306
1735	0	0
1736	0.00544916382363695	0
1737	0	0
1738	0	0
1739	0	0
1740	0	0
1741	0	0
1742	0	0
1743	0	0.00349452810393631
1744	0	0
1745	0.0116186053609458	0
1746	0.018402549344209	0
1747	0.0673164964978867	0
1748	0	0
1749	0.0363366826841484	0
1750	0.131587842246646	0.104202010934788
1751	0.065719682566343	0.011575668351544
1752	0	0
1753	0	0.011627209477578
1754	0.0467542192851066	0.0194851587398972
1755	0	0.0234203188050195
1756	0	0
1757	0.0723416471658705	0.0253978965644177
1758	0	0
1759	0	0
1760	0.0159436420278765	0.0204594166768921
1761	0	0
1762	0	0
1763	0	0.256784278764702
1764	0	0.10765995226744
1765	0	0
1766	0	0.0791977419750661
1767	0	0
1768	0.0821785801402773	0
1769	0	0
1770	0	0
1771	0	0
1772	0	0
1773	0	0
1774	0	0
1775	0	0
1776	0	0
1777	0	0
1778	0	0
1779	0	0
1780	0	0
1781	0	0
1782	0	0
1783	0	0
1784	0	0
1785	0	0
1786	0	0
1787	0	0
1788	0	0
1789	0	0
1790	0	0
1791	0	0
1792	0	0
1793	0	0
1794	0	0
1795	0	0
1796	0	0
1797	0	0
1798	0	0
1799	0	0
1800	NA	NA
