1	3.3911052817899196e-36
2	1.98165575863656e-27
3	5.2301139920284e-43
4	1.9709484354762303e-33
5	3.5345588150046794e-76
6	3.7452622997804294e-22
7	9.712440579384389e-42
8	0.9998471241626
9	0.999999998753897
10	0.99999935794926
11	0.9956802795120301
12	0.00019363384629805802
13	0.00179175856577301
14	0.999396238854488
15	2.3787950811413594e-32
16	0.00016127079691536798
17	0.0466825069580347
18	8.91942274765243e-11
19	0.9999999733776159
20	0.0701614268806509
21	1.29336918343357e-29
22	0.9999999929068292
23	0.9999999998890179
24	0.999999999632539
25	0.999999999999999
26	0.999999993748044
27	0.7399007748087859
28	2.82424110359922e-33
29	1.1007421852794999e-47
30	0.10220277726549198
31	0.00545404198952732
32	1.67212081810665e-28
33	3.6144454546366494e-56
34	1.46527438656828e-25
35	4.57172901763045e-30
36	0.9999514979722659
37	0.756454505989525
38	8.51369976998993e-06
39	0.999999999996965
40	0.999999999999869
41	0.9999982297000699
42	0.9999999652162559
43	0.9999999989083991
44	0.00231297599547093
45	0.0263983593752736
46	0.9999982149962909
47	0.0770164000177533
48	0.999999999998643
49	0.9611529731966071
50	0.9999999999999829
51	0.99999999979233
52	0.999999999997983
53	0.9999999999985941
54	0.9999999983992169
55	1.3605099198459e-50
56	6.109665699292489e-51
57	4.18690154300807e-19
58	0.9999999821656121
59	0.9999999813693841
60	0.9999999999014499
61	0.9999999962039301
62	0.29714135918791806
63	0.9999861147658421
64	0.9999999200094749
65	0.9999999999999699
66	2.6125370695011606e-09
67	0.999999999999789
68	2.1628805595591497e-14
69	1.3033355171436596e-53
70	1.8079773961868102e-13
71	0.99999999999992
72	0.9999687297423729
73	1.6054223435176698e-69
74	8.22443414559495e-52
75	8.935959941154058e-23
76	0.999999999972827
77	1.10677089957598e-08
78	0.9977782985861949
79	1.22766874913609e-19
80	0.999999990756688
81	8.668435254514358e-170
82	1.4466771161416e-108
83	1.0675848989412097e-99
84	0.9999999999889209
85	0.931565500370174
86	6.49065984415655e-48
87	3.036370958902789e-159
88	5.2815650991434686e-185
89	1.0066912726793195e-181
90	4.5883599693350595e-125
91	1.5012261651731597e-130
92	0.9999825924233359
93	4.958174469438379e-37
94	2.5379572214949092e-160
95	6.870735134826447e-190
96	1.774208715296909e-168
97	3.2397896992504583e-184
98	7.914140624931078e-106
99	5.29719565343883e-12
100	4.141250801154499e-30
101	6.50631234324811e-10
102	0.998779564889808
103	0.999999999999999
104	1.0
105	0.9999999985652751
106	2.8823111010734793e-85
107	2.3155828451832195e-33
108	1.4360016445591398e-47
109	1.2035239725720198e-21
110	6.329393322917888e-60
111	7.486322529435428e-63
112	5.2167804261300395e-11
113	5.831054461969259e-154
114	2.1243298609769293e-126
115	4.979256699026288e-204
116	5.167925991386607e-187
117	1.4400392811241695e-106
118	1.0707614822895097e-67
119	2.9734580273692194e-61
120	6.825329359637619e-169
121	1.6997849508667993e-204
122	1.4028218891672491e-223
123	4.0911435132754895e-108
124	2.8445779429365002e-21
125	1.7775354431676894e-118
126	4.30318420230088e-56
127	7.253839274539439e-125
128	1.2748148822061998e-83
129	0.9999999910761771
130	5.47671912706308e-08
131	3.5889241877440397e-19
132	1.6346565156931698e-37
133	1.0402806191604898e-65
134	0.999999988933822
135	1.0
136	1.0
137	0.9999816750533509
138	0.9999997257832941
139	0.99999999997581
140	1.7018422404701996e-80
141	4.703677216038478e-185
142	1.2896765875998397e-190
143	1.4556472368243795e-150
144	3.5800578771111996e-11
145	0.999999941095504
146	4.1973179290458104e-79
147	0.9999999999941559
148	0.977304113459443
149	2.4959228253620195e-70
150	4.936883625031629e-71
151	6.311544403251867e-173
152	1.6952671220281595e-90
153	2.1614421545497193e-57
154	2.89373490999912e-28
155	4.00489475962589e-36
156	0.9999998958472459
157	2.3246842317781095e-71
158	6.640546833415787e-112
159	2.09848861818863e-21
160	3.39520608499124e-136
161	1.0128411733284398e-130
162	5.48168151195748e-32
163	1.4841484947702495e-147
164	1.0377392984099896e-159
165	4.356905468245699e-141
166	3.50744302371949e-80
167	2.0893592925183497e-99
168	0.999999999976165
169	0.999999998945475
170	5.143714815322121e-07
171	1.4670063272397696e-46
172	2.24147761952755e-30
173	0.99999993630197
174	4.904581815075568e-209
175	1.4827662415883598e-91
176	0.9710501422299151
177	4.95102330218835e-69
178	0.9999999999833741
179	1.0
180	1.0
181	1.0
182	4.6834721683508503e-17
183	3.629688269307339e-114
184	8.715570351215198e-121
185	3.752854819413648e-195
186	1.8043688214597693e-166
187	2.3186175325104e-14
188	0.999999223196037
189	3.688873868092379e-135
190	1.7157392045256998e-32
191	4.135847107258909e-81
192	1.8946258667278093e-122
193	1.5343806796020194e-100
194	7.289581488239257e-190
195	7.171596903488039e-76
196	5.5639846235736796e-64
197	9.93218184712356e-31
198	0.982966669931382
199	8.241759982350018e-76
200	6.567198373862267e-219
201	7.092796088727258e-115
202	4.90605948337381e-125
203	5.427101846255478e-147
204	2.1700238489253596e-141
205	1.1896824794219298e-73
206	6.686645694441948e-163
207	5.3260798387646474e-179
208	1.3379865464406195e-149
209	1.7550806199378498e-89
210	1.00868586302438e-24
211	4.097291843832649e-132
212	8.638861039154177e-141
213	2.2058763218865397e-112
214	2.1633422471788098e-95
215	0.969385554921395
216	2.2078138075444398e-42
217	9.70119973385402e-44
218	9.335551711948299e-62
219	2.5951572585615096e-82
220	1.2239369817764198e-102
221	3.18956182568659e-18
222	2.73315169401243e-37
223	8.610088364576708e-75
224	5.762562245892398e-129
225	1.5207919392189097e-43
226	1.5775783703409596e-72
227	1.1037207769460395e-192
228	2.1031406513348295e-176
229	2.0658007269664596e-176
230	7.257449786265426e-231
231	1.8411619035562495e-137
232	1.1854828826924398e-77
233	2.6423161803747387e-190
234	2.4046642106863687e-238
235	1.5066600772999893e-202
236	1.0244343906432697e-116
237	1.9971636933635194e-105
238	1.8065395579366996e-148
239	3.334000330687139e-109
240	2.384198924978199e-127
241	5.595754953210268e-143
242	1.0730389088550195e-222
243	1.4834839140435497e-84
244	6.851484950991718e-83
245	1.1656204315566592e-224
246	1.5559835258107094e-145
247	4.2019860044303694e-106
248	3.6413634845531994e-88
249	7.079095759245158e-172
250	6.52648887563149e-23
251	0.999929932954117
252	6.094975469328419e-109
253	1.08287652681952e-15
254	3.73534995414608e-08
255	3.8042338390643186e-160
256	7.80842896907004e-35
257	2.1812933423905998e-138
258	2.275069414045739e-103
259	3.324187422469199e-219
260	7.479037460720087e-197
261	1.7756945878321793e-160
262	1.9258675457600094e-156
263	1.914862007420319e-221
264	2.440581707342679e-250
265	0.9843581551186571
266	0.9999999999999979
267	0.999992923159227
268	2.833511045680169e-290
269	2.4333485005358895e-71
270	4.5450563887988605e-12
271	6.91860963604887e-24
272	1.8328739786189894e-226
273	0.0
274	3.50405549024897e-79
275	4.7231028368377886e-122
276	4.5645754124958895e-76
277	2.5129815338350894e-62
278	9.095758627508426e-194
279	1.3079958708093094e-189
280	3.104170363842669e-151
281	2.3197051144957596e-26
282	9.668319190594616e-155
283	6.377773734966727e-227
284	1.1614926905718094e-215
285	1.8450104861778994e-154
286	3.5342246471677787e-116
287	2.753030127931989e-131
288	1.4966593857347596e-191
289	8.651998386609125e-248
290	1.0025817319293995e-221
291	1.9831212430379994e-195
292	1.0169704356752998e-61
293	1.4242694279554996e-86
294	1.01058805474341e-28
295	1.1611406028789499e-55
296	2.0754589007668795e-58
297	2.2426088089417293e-116
298	2.90952299338149e-72
299	1.2224554233214496e-99
300	6.92348587171706e-58
301	4.132617203285699e-102
302	2.136688700858289e-187
303	1.2220830982739894e-187
304	2.2365386739772995e-91
305	5.793898890988577e-185
306	6.993104929490317e-231
307	1.42344330452621e-35
308	3.0254615183733094e-54
309	5.7952538122527374e-133
310	4.27802990113267e-56
311	0.999999884984737
312	0.9999999999999979
313	0.9989665703665408
314	2.44898364558695e-32
315	6.82528951216522e-19
316	2.3807422551626693e-107
317	2.6555088134161796e-90
318	2.3419121902200094e-163
319	4.60835909086806e-43
320	3.2761771158609493e-87
321	1.0001146746506195e-192
322	5.856716639678289e-131
323	3.294670646914198e-274
324	0.0
325	8.85033e-318
326	9.023802645711998e-131
327	6.135132721298519e-159
328	0.0
329	0.0
330	2.238790807590019e-190
331	2.281506843237039e-143
332	1.3658484818806993e-242
333	3.645937816077088e-164
334	4.204043592704908e-211
335	0.0
336	0.0
337	1.0302329005777995e-278
338	2.192402736639679e-249
339	3.401106711964858e-292
340	1.62573034828696e-38
341	3.42096227315676e-22
342	3.337068562104589e-134
343	8.98390612933689e-21
344	0.0
345	0.0
346	2.3112775218230986e-287
347	2.513807201342899e-167
348	2.048085076826849e-146
349	1.19489555805566e-27
350	5.108245770313788e-109
351	3.93458256375446e-65
352	1.0
353	0.999999999999999
354	0.0
355	3.770136784823818e-295
356	5e-324
357	2.604271417877039e-178
358	1.4563701951726897e-151
359	0.99999999999999
360	8.483122724207337e-92
361	2.1552919259699688e-262
362	0.0
363	0.0
364	0.0
365	2.515159829933999e-231
366	0.34731327469383
367	7.904287829555138e-73
368	2.820497997742489e-163
369	1.7980980746328491e-158
370	4.771848742918999e-106
371	4.37140399569777e-310
372	2.481722353337298e-288
373	3.3193946881316485e-226
374	2.8094835546216796e-143
375	3.686687921733328e-252
376	1.2696378144332495e-241
377	1.6883723851991793e-153
378	1.8686455965418795e-105
379	4.5231157614877986e-157
380	2.9038210135781e-24
381	2.5418157562392297e-70
382	3.2451994522772896e-56
383	4.833571320284259e-65
384	8.702300199152338e-42
385	0.999999875611093
386	0.9999999999999641
387	2.8943361562867283e-280
388	0.0
389	0.0
390	0.0
391	0.0
392	0.0
393	0.0
394	1.02474e-319
395	0.0
396	0.0
397	0.0
398	0.0
399	2.2963325041979095e-91
400	2.1362096044584198e-40
401	2.576660912390079e-194
402	0.0
403	1.7206866799604992e-243
404	1.5423486716593498e-142
405	5.658458221850938e-143
406	0.9999999992575309
407	0.73471594887776
408	1.5729480398946903e-11
409	2.70286447529548e-19
410	4.566969608242389e-31
411	4.59953871826234e-11
412	0.9999999999999979
413	5.02302645754961e-24
414	4.617661244524869e-96
415	1.05518572972788e-18
416	1.0
417	0.999999999999994
418	7.139562144052148e-132
419	1.6581257739780994e-130
420	1.1485989188781593e-282
421	6.31740569831202e-15
422	6.760588816129297e-203
423	7.420710147314427e-158
424	4.61326853489932e-96
425	1.7217798365069598e-22
426	2.3961130283088196e-36
427	4.175777176514039e-59
428	2.7601393938287596e-67
429	3.3252746974103188e-111
430	2.2313850080839288e-301
431	1.3254221662679693e-253
432	1.625436450119819e-187
433	3.5619561759690786e-69
434	8.35601825344346e-05
435	2.51018711039723e-69
436	4.122571232287579e-60
437	0.962357290055016
438	0.9999999999988609
439	7.22772484630262e-73
440	5.6389225701429185e-127
441	7.04053779597879e-110
442	1.1608824232420997e-154
443	7.312098656865919e-53
444	6.78924479125649e-102
445	0.999999998757423
446	2.23667138697529e-21
447	1.4698420928389091e-266
448	2.6827877127865885e-169
449	4.6996878588043487e-122
450	6.610246790439488e-142
451	1.3778663457429798e-55
452	0.999371072894546
453	1.3020550027368797e-72
454	5.705160800801928e-104
455	4.84291649643587e-08
456	3.592046549579319e-169
457	0.0
458	0.0
459	2.0919299270540588e-259
460	1.582105813516709e-251
461	0.0
462	9.077388502032169e-115
463	1.1956659837629499e-49
464	4.183784701444839e-96
465	2.137766868876349e-185
466	1.1719602461189193e-266
467	8.78983653200189e-78
468	0.9999644298480059
469	0.999999994959452
470	0.9945302017294291
471	0.0211694134942435
472	8.76215914165361e-36
473	9.21123708132295e-14
474	1.29014108852964e-15
475	3.65056239665477e-06
476	1.0089807815733099e-94
477	8.057705888537789e-33
478	3.3466054264388595e-45
479	0.999671862888949
480	9.349617556167179e-47
481	0.9999999466834409
482	0.999999999988499
483	0.9999999999990501
484	0.791899452589355
485	1.8005882604025799e-44
486	4.6228623041963495e-109
487	1.0614511978112797e-163
488	1.1629202372294597e-171
489	2.5413977534277394e-69
490	0.999999999292734
491	1.0
492	1.0
493	0.9999999999997281
494	0.9999999999987629
495	0.99374465861506
496	6.261554243489226e-249
497	1.6791313563244592e-188
498	1.76608144791296e-173
499	2.4698529614028795e-101
500	2.388808788080489e-200
501	1.5124906250035397e-75
502	1.73257805856269e-14
503	4.8203529043131e-44
504	0.9999999999745419
505	1.0
506	0.9999999999999679
507	1.2459744330383e-19
508	2.7369100606876084e-302
509	4.237668617088798e-181
510	6.295919765965408e-158
511	0.999999125883711
512	1.2549695709319997e-74
513	4.5096259676554975e-276
514	4.333887720410888e-203
515	0.999999997675814
516	2.7159842625410887e-305
517	3.2721995393917394e-39
518	3.580219056567719e-132
519	7.558452774960516e-202
520	5.283991235275389e-66
521	2.675099395128278e-304
522	0.0
523	0.0
524	0.0
525	2.136688700858469e-259
526	6.005205321342888e-117
527	1.5894366625695199e-43
528	7.671903992954637e-185
529	0.9700478609639891
530	0.0
531	0.0
532	0.0
533	0.0
534	0.9999999999999879
535	0.0
536	0.0
537	0.0
538	0.0
539	0.0
540	0.0
541	7.279386622654455e-305
542	9.061332356892937e-185
543	0.0
544	3.83286946005814e-25
545	0.0
546	0.0
547	0.0
548	0.0
549	0.0
550	0.0
551	0.0
552	0.0
553	1.2129228798055992e-267
554	2.1609196130298093e-168
555	0.0
556	0.0
557	0.0
558	0.0
559	1.948608423229539e-248
560	0.0
561	0.0
562	3.824453060152569e-74
563	7.243528952964986e-270
564	1.3677781127534293e-251
565	2.678402980131299e-87
566	1.8391306862838392e-147
567	3.0508844434642597e-65
568	1.3532091478306497e-48
569	0.851568135494508
570	2.548582143484e-312
571	5.965952566243489e-75
572	4.865137319237158e-221
573	1.1138983473023896e-247
574	4.8090629214394585e-79
575	4.299528835318208e-215
576	4.4340107094061296e-44
577	2.9822743104219193e-62
578	5.678893174751009e-71
579	0.9999999985038559
580	1.40624739513975e-29
581	9.103356966643001e-33
582	4.188468183766579e-21
583	5.134629573173449e-61
584	4.17840968429465e-48
585	0.9999666661974891
586	1.1258221515097899e-08
587	1.8466984359190096e-96
588	2.1830720810195496e-48
589	1.7114077877788198e-61
590	7.149452210772288e-106
591	0.0174938114431094
592	2.04498319023672e-29
593	3.4378369584457086e-108
594	6.899071869331328e-87
595	1.7590176660981097e-55
596	1.0777476602880901e-34
597	1.36871249295178e-48
598	4.57177915727913e-40
599	1.14248659127612e-100
600	1.6772252692870998e-44
601	9.21844564210839e-67
602	3.523084648562539e-68
603	1.5558257828199394e-64
604	4.2124541279886894e-113
605	8.877179765783736e-162
606	2.247134337745889e-214
607	6.019235550685958e-167
608	8.613359681959616e-191
609	9.948210047641547e-157
610	8.679474729635717e-144
611	1.0402387185630696e-155
612	2.4420774386967196e-65
613	4.309017705182449e-94
614	2.8757828016484497e-82
615	6.269746064874849e-110
616	2.2760565946893897e-100
617	3.51303421041907e-30
618	2.11783492037071e-26
619	1.8492089548206496e-93
620	1.9834633285782392e-123
621	1.0745883149783297e-151
622	7.513033692205408e-158
623	2.38088642750473e-108
624	1.5508152972682696e-65
625	7.892095879179977e-91
626	6.749240064225718e-84
627	6.128779380229349e-85
628	2.6901751336455594e-54
629	8.36755784058023e-37
630	1.1194093821790098e-100
631	2.29202095946763e-38
632	1.9564311819509596e-64
633	4.268915364202629e-115
634	2.558760916349299e-130
635	2.7812633142934395e-30
636	4.54388395195425e-42
637	2.9215205583057793e-56
638	2.7380115107313892e-117
639	1.0751292543545899e-122
640	7.568312489287258e-96
641	6.091528113756828e-160
642	5.220083954688449e-47
643	0.11455059943956901
644	6.376123527599299e-59
645	0.0106514035009299
646	1.25504591870549e-42
647	4.967384843561059e-50
648	5.4503778119061597e-39
649	1.93167783817528e-32
650	2.02984397205058e-47
651	1.10490703760669e-38
652	9.374296567694288e-32
653	6.197680881583869e-76
654	8.611032786708569e-79
655	6.342988120509339e-111
656	1.0253230585680096e-93
657	3.786978648634709e-105
658	3.86258421122513e-49
659	6.51496448616029e-33
660	3.413734551843869e-57
661	4.5033347992444e-66
662	1.1614844346229399e-43
663	1.73487121047354e-34
664	1.1953549028164398e-58
665	2.1165559852072597e-32
666	1.0971197991452801e-29
667	7.576874342276507e-119
668	2.530828761605729e-147
669	1.6801359337817493e-127
670	2.3300046256821794e-151
671	8.691119032785518e-113
672	1.4205313629412198e-13
673	3.4188903918318195e-20
674	1.5951979378313798e-17
675	4.8609816449025286e-73
676	2.2677919186913197e-62
677	5.976605231833429e-48
678	5.151194267736809e-63
679	1.4334063032512597e-119
680	3.0235768783302093e-59
681	1.9982636128383295e-88
682	8.2146657378137e-68
683	4.922979364720229e-95
684	3.936517753945709e-78
685	8.118317052210617e-122
686	3.6923583967444686e-180
687	6.363542890860287e-125
688	2.704098604665389e-145
689	4.755817006483589e-89
690	7.643619748927967e-85
691	5.653866274120379e-20
692	0.0438946984684219
693	7.3142494278683605e-40
694	2.0217013722217897e-19
695	1.63859149935573e-05
696	1.4541707185449e-35
697	0.9999945626406801
698	1.0293402230339999e-67
699	1.5299164263306295e-92
700	5.46094662686119e-31
701	3.384159935563579e-170
702	5.949033015525179e-100
703	1.73028282893341e-37
704	4.9911657767021395e-43
705	2.5085376923290094e-56
706	0.9999999999999929
707	0.9999999991418921
708	1.9299590825438095e-70
709	1.26811047725439e-81
710	3.622168175094048e-180
711	4.1992462611826885e-127
712	9.166278772536408e-160
713	1.2742688933325897e-94
714	7.555099727961488e-100
715	6.866366059123219e-133
716	9.66234344480191e-66
717	2.2924457814609396e-60
718	5.5512520424763406e-45
719	3.3245349237614995e-34
720	5.748518304412829e-134
721	1.4687404712908595e-162
722	1.25940380669958e-105
723	4.258216846354309e-155
724	5.516948279759539e-85
725	2.3486439438055997e-43
726	6.815605383079359e-108
727	1.42979162112695e-47
728	5.2281437181991285e-111
729	1.17281068213535e-33
730	0.0681574997211909
731	1.2687120150061997e-32
732	7.297751505141489e-56
733	1.0
734	0.999999999999999
735	3.1879225635965193e-51
736	2.9326560758129097e-67
737	1.5777058782863896e-125
738	0.0
739	5.388173820668019e-68
740	0.999999999999979
741	0.999999905308864
742	5.146441550825198e-277
743	3.094651219263268e-244
744	0.0
745	1.3297887053446492e-241
746	4.805036807430067e-249
747	0.0
748	0.0
749	0.0
750	2.5843550567561385e-255
751	3.848767970827058e-270
752	4.852187446592037e-283
753	0.0
754	3.477548912778429e-213
755	1.589992024461209e-224
756	1.1031969259188897e-68
757	3.880594590896349e-123
758	5.535446676174747e-252
759	5.326e-321
760	7.593565211001017e-241
761	9.009734666713245e-226
762	1.2824401390822195e-212
763	0.0
764	0.0
765	0.0
766	2.496800834924679e-162
767	1.2013122715070399e-141
768	1.1134043290518996e-185
769	9.10143148318594e-105
770	2.325882899203449e-153
771	0.9999999999765
772	2.2665693338827894e-173
773	3.0799553587394386e-236
774	1.527428239670149e-247
775	0.0
776	0.0
777	2.02336e-318
778	6.629689101948538e-153
779	2.3716243836733602e-39
780	0.999999999995912
781	5.445454398754247e-281
782	0.0
783	1.0865105145062493e-302
784	8.568544408494818e-103
785	6.662821969471597e-288
786	6.318961999979207e-275
787	3.927853119698809e-201
788	0.9999999999982621
789	0.999999999999628
790	1.6392415547470696e-68
791	5.1437619350709e-121
792	1.6002523345115095e-103
793	2.978309939666049e-87
794	4.4196048326280666e-297
795	0.0
796	5.340682901527337e-250
797	5.840661346079059e-99
798	9.118949660037029e-23
799	3.618596884603088e-226
800	0.0
801	4.345245740619918e-241
802	8.003646918866317e-139
803	0.9999999999999979
804	6.942414999755017e-151
805	5.4165770312977764e-270
806	0.9999999999846759
807	2.3354885197910294e-32
808	2.4599453603824785e-292
809	6.050213552180598e-94
810	1.7561380697698095e-107
811	1.0
812	1.0
813	5.069888084951708e-167
814	2.437657112914119e-158
815	0.0
816	1.23302813597487e-136
817	9.8980973e-317
818	0.0
819	1.518626320666579e-194
820	1.5876584741139497e-86
821	0.0
822	0.0
823	0.0
824	0.0
825	6.186888433749446e-279
826	1.3592243379479398e-93
827	0.0
828	6.357636466851169e-90
829	1.1721195188950492e-299
830	1.3062726607755493e-261
831	3.296999593019258e-180
832	1.7580091734038296e-204
833	4.748483709992008e-247
834	1.7118527112711192e-282
835	0.0
836	0.0
837	0.0
838	0.0
839	0.0
840	2.8638446342590477e-308
841	8.279668433787396e-231
842	2.1669063909457096e-171
843	2.294477202916769e-181
844	2.7844504332256983e-251
845	0.0
846	0.0
847	0.0
848	6.109308715061036e-303
849	2.3053917356572695e-198
850	1.3098142569465794e-252
851	0.0
852	0.0
853	1.2189946047739692e-249
854	4.708932258625908e-192
855	0.9999999840641519
856	8.937012344340436e-148
857	0.0
858	4.481098175372319e-229
859	0.9999999999734409
860	0.0
861	0.0
862	3.492078260836778e-213
863	1.5305777651423591e-288
864	2.813614231438048e-292
865	0.0
866	0.0
867	0.0
868	0.0
869	0.0
870	1.500314444610909e-295
871	2.393136808094949e-264
872	6.6484602125601695e-105
873	2.16335307757304e-62
874	7.28684140883391e-21
875	5.034180940446528e-63
876	6.228603020539798e-131
877	3.039532037159499e-266
878	2.6169160514725385e-237
879	1.4525356374235792e-233
880	1.9198995041266e-09
881	0.999999999314923
882	2.08208322453492e-19
883	1.4925212808932999e-18
884	3.49930804560031e-60
885	6.032627383490119e-78
886	1.0180927664444698e-68
887	1.20362578507651e-34
888	3.45758240891107e-62
889	9.774203872719789e-41
890	0.0047785826306804
891	0.9999995403898171
892	1.9698397903342696e-53
893	1.891356359918719e-191
894	6.170762829659508e-144
895	3.4163979632557787e-93
896	4.41923045075003e-08
897	1.34416489469576e-39
898	2.67545903428915e-63
899	1.92552270058925e-62
900	5.864325794047879e-26
901	8.822535276070488e-111
902	4.475437217428278e-146
903	1.5151857374473194e-109
904	2.1536661906620898e-30
905	1.06294524401218e-53
906	0.999999999378899
907	5.257191937931959e-79
908	1.8116258125392794e-164
909	5.98102973677517e-113
910	2.940645746291849e-101
911	2.3127519851233792e-235
912	9.383996306662465e-232
913	3.2329806639926383e-278
914	4.5216293019870606e-39
915	1.3979977720995997e-134
916	1.9182695397401894e-145
917	4.404465433684628e-210
918	6.63907587150807e-24
919	7.986220044605139e-91
920	2.6789251614268987e-273
921	5.884447363654046e-252
922	2.7600854600341992e-109
923	0.999999156415571
924	1.1215299110836497e-154
925	4.54686253728592e-37
926	5.98395855231795e-29
927	8.07814696443973e-25
928	5.703168600478e-33
929	0.999999999999997
930	1.2748250405467698e-93
931	5.678455678395778e-162
932	1.9858386255755894e-59
933	2.9453549059864296e-107
934	2.6533304656987195e-108
935	0.0
936	3.680463830542489e-115
937	5.631557677751039e-155
938	3.64990459053146e-67
939	0.7781850875073679
940	0.9999998997197759
941	0.00578314809925441
942	9.62666299194365e-05
943	0.9999999999999709
944	0.9996570626872541
945	5.6065802348251e-25
946	5.078945137036728e-118
947	1.5913677819516298e-83
948	7.66290601391273e-25
949	4.52290862942757e-09
950	3.34875738458099e-33
951	0.994762193163512
952	1.7076863457941996e-99
953	2.2516066572371385e-270
954	5.285264874345209e-121
955	1.0847596090995092e-266
956	0.0
957	2.4578836293e-313
958	2.755862540696389e-276
959	1.5570435426478595e-146
960	1.1221200033900097e-228
961	1.8565141337594496e-133
962	7.745628123656048e-66
963	5.047778335362798e-138
964	4.4438935024930377e-247
965	1.894277661958219e-297
966	1.9038481495966295e-58
967	1.2517070283600498e-91
968	2.1020147618963797e-95
969	2.8077861610004592e-130
970	0.9999999999999921
971	1.6371810853699193e-139
972	0.0
973	0.0
974	0.0
975	0.0
976	0.0
977	5.738958069756618e-151
978	4.2838683264691586e-157
979	8.662053458170025e-293
980	0.0
981	1.1433364764883395e-294
982	1.0163856093457397e-265
983	9.532785389011874e-247
984	0.0
985	0.0
986	0.0
987	1.6342479867167193e-198
988	1.9325492121973294e-57
989	4.2576196333360686e-72
990	4.047300044104299e-85
991	3.2275797023255792e-77
992	0.999999999984753
993	0.9999999999999979
994	3.5190743276293196e-59
995	2.03035647840289e-28
996	5.252470611636819e-175
997	2.10546967548212e-23
998	0.9999999999995609
999	1.69853240278069e-47
1000	3.9546440821064994e-52
1001	2.0047920165327698e-34
1002	4.938174714845179e-59
1003	0.999999999999962
1004	0.9813109359525841
1005	0.9999999994199309
1006	2.7133764887726e-23
1007	0.0
1008	1.89982993043953e-71
1009	1.6464850969947394e-116
1010	5.369735393681137e-159
1011	2.0670687813954893e-98
1012	5.267143542575068e-203
1013	1.9121271381129294e-171
1014	5.911912463277337e-200
1015	1.4602873346037396e-156
1016	3.51217846842085e-70
1017	1.0647942225933594e-205
1018	3.318312302596489e-162
1019	0.999999999999813
1020	0.9999999999981309
1021	5.99641196127497e-105
1022	1.8073416285998497e-21
1023	2.8696607879543398e-40
1024	3.639435572563319e-166
1025	6.839171469550449e-74
1026	0.7213396497365829
1027	4.094046748148199e-80
1028	1.3120497959312796e-114
1029	3.2413346668836894e-59
1030	0.9999999501804879
1031	1.629052196285309e-276
1032	1.0369833254773099e-96
1033	1.659965011791219e-207
1034	5.4939499410680576e-254
1035	2.52322021699396e-113
1036	4.2540857650649906e-16
1037	1.0292035720174198e-55
1038	3.084964143364539e-72
1039	2.1655268467157798e-13
1040	6.606992827773866e-211
1041	2.322756743951949e-262
1042	7.795331330897858e-43
1043	0.99999999999861
1044	6.462685124008499e-92
1045	3.3460882575231187e-208
1046	7.168553485634947e-264
1047	1.876914078656439e-271
1048	6.480563246494396e-265
1049	1.7257154489814395e-240
1050	4.517223062530257e-236
1051	5.318601434233127e-236
1052	4.837755988185468e-225
1053	7.900361643534637e-239
1054	1.8241659578853794e-174
1055	7.813805063967447e-139
1056	8.705819263753769e-93
1057	4.64285082611328e-36
1058	9.713778045592641e-05
1059	1.03861937866523e-23
1060	0.991089473187656
1061	1.0
1062	1.0
1063	1.931322728708319e-178
1064	2.654027642469959e-136
1065	0.9945282724211679
1066	1.2855080648946e-32
1067	4.6513112879007884e-148
1068	2.2453926699835394e-95
1069	1.772607072937819e-165
1070	8.274016695479116e-186
1071	2.1331e-318
1072	1.32e-321
1073	6.494679748429697e-252
1074	1.7408853321934291e-227
1075	5.42159036238102e-62
1076	3.025208299326989e-143
1077	4.706116448419707e-250
1078	4.209985245292078e-292
1079	7.907149385119355e-249
1080	1.60125318930076e-07
1081	1.35288099741035e-29
1082	1.5511033516657293e-199
1083	1.3456255093681796e-166
1084	6.546164256941559e-161
1085	1.867670091931309e-150
1086	7.532968884476569e-46
1087	0.0005898108219511799
1088	0.9999992532079309
1089	3.6599338955170786e-112
1090	3.1273848604627897e-95
1091	0.99999999999998
1092	2.6475843294242195e-170
1093	6.597933858059568e-264
1094	0.0
1095	7.49004260061757e-89
1096	8.398469632154698e-141
1097	9.602218873670998e-146
1098	3.420393382023719e-167
1099	1.866722606953699e-248
1100	1.1064394734980595e-294
1101	0.0
1102	0.0
1103	7.2682380526234675e-186
1104	0.999999999837253
1105	6.796601568198469e-104
1106	6.145778832224436e-233
1107	6.222886742800297e-262
1108	0.0
1109	0.0
1110	0.0
1111	1.0565659e-316
1112	3.9743177864985587e-182
1113	0.9999999999877099
1114	6.33488035459779e-06
1115	0.999999774581486
1116	1.0
1117	1.4725033275251195e-77
1118	1.15093061831628e-25
1119	8.411553239162418e-83
1120	5.827639575909898e-230
1121	0.9999464764555559
1122	0.993087410761266
1123	0.999999999995963
1124	0.9999999999999641
1125	2.126455256924289e-264
1126	2.532195322994959e-275
1127	0.0
1128	8.201300697627287e-271
1129	3.099071299460749e-162
1130	3.27058903897239e-144
1131	0.999999999999782
1132	1.0
1133	0.998664849849067
1134	1.0812679747594195e-61
1135	6.54942215947762e-34
1136	2.3949779727691596e-84
1137	1.7724873942920997e-09
1138	0.9999999999999469
1139	1.0
1140	2.4739890533768886e-181
1141	2.1663858052964988e-299
1142	0.9978700198514441
1143	1.87724369398641e-91
1144	1.4005621249247797e-136
1145	2.7622115675227585e-193
1146	3.0943074735126887e-141
1147	2.5173311524371997e-21
1148	4.7128046118899996e-65
1149	3.440022114362199e-101
1150	3.0939117159652294e-123
1151	4.619547520099909e-62
1152	6.513569386360989e-120
1153	8.920218588009555e-243
1154	1.0577730309040597e-150
1155	0.0
1156	1.1662951696600998e-37
1157	1.87756043976183e-48
1158	0.99999998395125
1159	1.1105664361791698e-39
1160	1.74734923511483e-17
1161	5.468269565260549e-51
1162	1.9891290050714498e-41
1163	1.2440437776271598e-65
1164	2.8034544227678888e-214
1165	1.1453371817958896e-142
1166	4.099097918158409e-68
1167	1.4012501109904493e-210
1168	3.049511845343479e-111
1169	9.382532370331156e-182
1170	3.5039638711573378e-270
1171	0.552344889253958
1172	7.838326640550898e-174
1173	3.547022914517e-73
1174	3.6041815849273484e-153
1175	3.909063675050869e-180
1176	3.3366189241133683e-161
1177	2.1834836e-317
1178	0.0
1179	0.0
1180	4.127663615817928e-195
1181	1.8965010504472495e-140
1182	4.0475208227608895e-126
1183	2.93366898173604e-36
1184	7.124813241989918e-108
1185	8.254361570820268e-151
1186	1.2048687080658993e-130
1187	2.853210396920639e-113
1188	1.9366035805193397e-98
1189	4.356139559526308e-158
1190	3.0390003201980996e-56
1191	1.4597080902286597e-80
1192	0.999999999999973
1193	1.0
1194	1.0
1195	0.9999999999999821
1196	1.0
1197	0.9999999716464899
1198	8.74035650061739e-20
1199	4.39525231367418e-06
1200	1.5470368999913502e-16
1201	0.998311922122139
1202	1.0
1203	1.0
1204	1.0
1205	2.8768097475148897e-19
1206	0.999999999360078
1207	1.0
1208	1.0
1209	1.0
1210	0.9999999999990791
1211	2.0092770872274698e-05
1212	3.2398585971884594e-161
1213	1.5736791666774598e-79
1214	1.0
1215	1.0
1216	1.0
1217	1.0
1218	1.0
1219	1.0
1220	1.0
1221	1.0
1222	1.0
1223	1.0
1224	1.0
1225	1.0
1226	1.0
1227	1.0
1228	0.9999999191663359
1229	0.999999999999973
1230	0.9999999999999829
1231	0.999999999998098
1232	2.0176317499901895e-55
1233	3.6495229577190793e-25
1234	0.99999968168538
1235	0.9999999882996251
1236	5.212035027196559e-122
1237	1.3002623447569698e-53
1238	1.2756683552676196e-71
1239	0.004534210158300639
1240	4.84047478536477e-17
1241	1.1127580724605399e-38
1242	2.9833815683393196e-20
1243	5.482393450745749e-83
1244	6.83571050838375e-44
1245	0.9999999999999979
1246	1.0
1247	1.62471182430866e-13
1248	1.9111402699870798e-69
1249	2.754779403361619e-216
1250	1.5774006775356396e-155
1251	9.577757669271167e-151
1252	1.2849466985428992e-250
1253	0.0
1254	0.0
1255	0.0
1256	4.9143402613e-314
1257	1.6392829434308293e-232
1258	0.0
1259	1.7640104122407388e-303
1260	1.5106828490288892e-266
1261	0.0
1262	1.6440601669384992e-272
1263	0.0
1264	5.468319378023238e-230
1265	6.286745833787678e-149
1266	3.55706753262707e-77
1267	1.22415086923155e-09
1268	6.816366117932559e-111
1269	9.321393495899035e-295
1270	5.577459596809659e-173
1271	2.3317476221653194e-105
1272	4.172815636597649e-66
1273	1.0496198712592299e-26
1274	1.0
1275	0.9999999998858091
1276	3.2550301828937797e-16
1277	5.3406948650695696e-43
1278	2.6898447349002196e-67
1279	8.18317218614675e-65
1280	2.85194213659099e-28
1281	3.3642263899360283e-180
1282	0.999999999946215
1283	0.999999998590399
1284	0.999999999999839
1285	0.9999999990824041
1286	0.90820453688415
1287	0.999999853501499
1288	7.170477995022408e-39
1289	1.53404552190924e-20
1290	5.679881537500609e-58
1291	3.71030591390381e-16
1292	1.77495159128533e-05
1293	2.9104615664385496e-20
1294	0.988482822587678
1295	2.0367300993333698e-33
1296	2.2268196239835103e-49
1297	6.626994327190328e-119
1298	6.062976294504559e-73
1299	1.61115479497571e-27
1300	0.000934996748602883
1301	1.6665804971887199e-38
1302	4.51225877761362e-85
1303	1.76232626040837e-108
1304	6.149948814216739e-51
1305	6.612097824067039e-62
1306	1.4893353608846696e-104
1307	1.2638133820752696e-133
1308	7.904886781574607e-149
1309	1.9953385924123497e-75
1310	1.4296563678860598e-35
1311	2.93694991529598e-21
1312	4.08732620118194e-08
1313	2.7318136126648898e-37
1314	5.0185967252659696e-101
1315	8.548526564798229e-93
1316	3.0427176284221196e-19
1317	0.418801084372442
1318	9.91828371540363e-09
1319	0.997910776529828
1320	5.456791599589039e-69
1321	5.82159171117251e-06
1322	2.5867933774323296e-69
1323	2.2196918480755693e-149
1324	6.550068101888731e-47
1325	0.999999999979697
1326	2.17491706928584e-11
1327	1.2192376535748698e-67
1328	1.7695388113533996e-132
1329	6.942437246812368e-135
1330	3.300182721484699e-65
1331	2.5094126007485995e-91
1332	3.894917645790559e-120
1333	3.14003233026957e-42
1334	4.864130562224529e-100
1335	6.559825242014408e-135
1336	0.29999055228114196
1337	8.628775118523359e-23
1338	3.0681864485300497e-44
1339	4.960804452252189e-54
1340	1.3898003987321102e-14
1341	9.291547010716421e-39
1342	3.34736807378415e-27
1343	1.89251615638913e-23
1344	4.0044399003359784e-95
1345	5.30757500936645e-28
1346	6.670940999360441e-08
1347	4.625889473646558e-119
1348	3.094225628717369e-212
1349	3.284895122209539e-159
1350	1.6620706375502591e-262
1351	3.3261286001961977e-282
1352	5.1031283053712476e-203
1353	4.407171911957529e-186
1354	1.2331002206274897e-107
1355	3.634221129788879e-122
1356	2.9641321943649794e-102
1357	1.4565460963343692e-190
1358	2.9395893464579e-26
1359	0.999999999324268
1360	0.999999972455791
1361	1.2949236819498097e-95
1362	1.0141343804947598e-130
1363	9.657463777552635e-280
1364	1.52160588723864e-310
1365	3.847062787975769e-192
1366	7.344807936497636e-292
1367	7.155739580444567e-240
1368	1.5862149281968096e-155
1369	1.7832839144858495e-150
1370	3.501350165410649e-122
1371	0.999999999938772
1372	5.829880987047427e-109
1373	1.25424182572703e-06
1374	8.001359160871508e-57
1375	1.0912750480334798e-187
1376	3.029050317267e-312
1377	1.7823822587013692e-231
1378	1.1388464539404898e-78
1379	3.0797258997718092e-102
1380	1.2608861145086798e-125
1381	2.5068997644693996e-123
1382	1.75201822600167e-309
1383	3.870777385085749e-185
1384	2.8688209757463497e-101
1385	0.0
1386	8.77847895e-316
1387	5.774411432616009e-133
1388	3.0285742758923495e-56
1389	3.5821856156113282e-177
1390	1.43970574061492e-22
1391	0.9994629737037579
1392	2.2628192111314296e-124
1393	1.404266425341199e-232
1394	1.2649162813070094e-236
1395	1.2840996567239498e-60
1396	3.0866384710156097e-91
1397	4.0495094668071497e-26
1398	0.897322573030162
1399	0.999822968768734
1400	0.999999999992626
1401	2.7108491483033398e-102
1402	1.03563699511643e-46
1403	7.343242455356351e-14
1404	3.1611274357511e-68
1405	4.818049327896319e-66
1406	2.62394585954676e-85
1407	2.9570498134479892e-204
1408	1.3209972823638996e-133
1409	7.334989805033069e-140
1410	6.951013009720219e-71
1411	1.3881238933362898e-128
1412	2.7838824604508687e-173
1413	7.280216377991768e-104
1414	1.7617401147097897e-108
1415	1.4101605878189696e-100
1416	5.9297020841669685e-93
1417	4.500230882440549e-139
1418	7.346886421774886e-200
1419	3.23505284473571e-19
1420	0.895335568530612
1421	0.999999999999996
1422	1.4822721451549696e-25
1423	2.1663014110601296e-110
1424	2.7568979730818403e-06
1425	9.983292374844309e-43
1426	5.469538635473159e-38
1427	5.971559271703629e-09
1428	1.1246474958240896e-304
1429	3.7515621629573e-311
1430	2.746624535057309e-152
1431	2.659697407788959e-198
1432	4.2740004326825783e-206
1433	9.021981418002627e-198
1434	2.529044170693579e-205
1435	5.2783932954964495e-48
1436	6.496395115648748e-95
1437	1.3555193957923395e-164
1438	0.0
1439	0.0
1440	5.331044409469947e-234
1441	2.3307902006836993e-198
1442	4.970847358393119e-85
1443	1.6876074808946593e-181
1444	3.1244396756007884e-277
1445	9.384932647795257e-172
1446	2.7909247202167584e-230
1447	8.5e-322
1448	1.3402444057619193e-278
1449	8.759707343897166e-204
1450	8.812827354475728e-68
1451	2.1858058182385387e-105
1452	2.7084736436566483e-221
1453	4.8700904093799974e-195
1454	3.715e-321
1455	1.840465652861059e-295
1456	2.88080441102677e-309
1457	1.1353199542741094e-263
1458	1.6171471325268596e-123
1459	1.8978927180958198e-55
1460	2.1707753114500192e-175
1461	5.746015774479257e-211
1462	2.5555435288240885e-225
1463	2.1361123769283598e-104
1464	3.0645881863837882e-282
1465	6.0142246265719085e-152
1466	5.907122565635287e-186
1467	2.752419702878319e-57
1468	2.8628520340503497e-46
1469	1.9479149729023e-37
1470	1.50647371841013e-38
1471	7.373904741721978e-105
1472	3.0487170106084794e-123
1473	9.812146093021647e-151
1474	5.079116840991689e-90
1475	2.2820646154102593e-92
1476	6.066563708910528e-115
1477	5.054127181254389e-209
1478	3.5256754348956887e-150
1479	2.7022950323763794e-87
1480	2.5466208042907693e-84
1481	2.5687246970194394e-72
1482	9.84358083531105e-35
1483	1.0510497192381299e-50
1484	1.80234776257411e-65
1485	1.2052191631396396e-114
1486	5.600593403125199e-102
1487	2.623181769024879e-187
1488	3.88583401658833e-32
1489	0.48710833523432895
1490	3.18492614380374e-20
1491	2.6762645532823e-69
1492	0.9999493933628429
1493	0.000123795034666015
1494	3.499821825617709e-125
1495	4.484895785219438e-177
1496	8.709750032598486e-231
1497	6.097420841356187e-269
1498	6.105283070395708e-153
1499	1.7720136382795394e-143
1500	3.387906917089559e-139
1501	2.9724995164398204e-10
1502	2.51910180541078e-10
1503	5.806431923849659e-55
1504	1.7748120259778301e-40
1505	1.1534880189239499e-57
1506	7.965405202119266e-250
1507	1.4473164183678094e-195
1508	7.902880352051908e-106
1509	8.762303951210726e-207
1510	6.157271456981537e-187
1511	1.4573905022815596e-197
1512	1.0240958875696397e-145
1513	1.5456981801166197e-63
1514	3.5142042709857894e-95
1515	7.15381301283077e-36
1516	1.73258885449554e-14
1517	6.162683780478019e-77
1518	4.4494308791944794e-89
1519	1.2728554294939693e-187
1520	6.670806877769368e-125
1521	1.3788906334756099e-68
1522	2.8356527619736894e-134
1523	1.9911706190627594e-161
1524	5.3349949320944495e-18
1525	2.8107582429279896e-27
1526	1.6769587414861095e-88
1527	1.0090433926529998e-140
1528	0.17720816553974397
1529	8.07916184149704e-14
1530	2.4747628449440385e-298
1531	6.083521516481277e-209
1532	1.0621162441492797e-175
1533	7.107521396520136e-240
1534	2.4162534359326495e-137
1535	5.300577868860428e-151
1536	8.729357176415191e-43
1537	5.501676326906668e-105
1538	3.065395784021189e-160
1539	1.0265388995413395e-210
1540	4.383561768339368e-179
1541	1.3319893949306498e-105
1542	4.0717520212753393e-50
1543	0.997120527026542
1544	6.03732213734069e-38
1545	2.3444883915002692e-166
1546	5.91255389659456e-63
1547	6.340635434183639e-52
1548	1.8345947352433603e-17
1549	0.00173767471850926
1550	6.451279425636949e-65
1551	4.817341055010047e-202
1552	3.558937105295518e-173
1553	3.96918949647162e-26
1554	2.6754950454562e-60
1555	0.9999963439622981
1556	0.9999999580544541
1557	6.658924401836968e-87
1558	0.860853550601169
1559	2.1073379564466596e-28
1560	4.897783294367528e-189
1561	2.0949476855273593e-228
1562	8.271196024556155e-179
1563	2.9937405219685893e-92
1564	8.388141167840558e-116
1565	2.3346342525970796e-92
1566	4.056951676780479e-88
1567	3.0425303864023396e-44
1568	8.76309640234087e-26
1569	7.139746256199979e-23
1570	9.633723554278558e-160
1571	2.4255117095979287e-231
1572	1.0519839634393896e-193
1573	1.611088315342829e-302
1574	1.7008139291318196e-122
1575	4.8290789083870894e-70
1576	0.9999999940682529
1577	4.7785206148889895e-17
1578	3.106650838429509e-53
1579	0.99999675042697
1580	0.999999489515546
1581	1.1176407237389e-27
1582	3.8730370662471705e-13
1583	9.06174741206807e-26
1584	8.851181371414759e-27
1585	2.75328470690587e-27
1586	1.0958958393297496e-160
1587	8.700809418540706e-159
1588	2.5648549067315683e-283
1589	5.527502228248259e-79
1590	0.975636744678674
1591	0.9992062086665179
1592	2.1851238914142288e-193
1593	0.9999977186939609
1594	2.9633317217984e-49
1595	0.9999999791123392
1596	0.9999999999988051
1597	3.50934449676124e-07
1598	0.9999999999502209
1599	0.9999999627779309
1600	4.9144277525509e-52
1601	4.1028730358940695e-85
1602	1.8035229919413003e-114
1603	7.124504248161826e-227
1604	0.0
1605	0.0
1606	0.0
1607	0.0
1608	0.0
1609	1.4479810048659392e-294
1610	3.291808850584779e-139
1611	4.976198246801778e-179
1612	1.0283616879308495e-224
1613	2.29548222372865e-18
1614	1.4366049284059094e-161
1615	4.286090749420559e-112
1616	7.615067443290447e-139
1617	2.5157291657133695e-102
1618	2.9037932741514084e-286
1619	1.2690885754959397e-174
1620	7.502465512350929e-137
1621	0.37749187306895005
1622	8.971844502329596e-180
1623	4.189363835438729e-188
1624	5.052555319256648e-161
1625	3.0162170628165783e-262
1626	5.613775622220909e-169
1627	6.621050691788376e-279
1628	4.3583149547900686e-156
1629	3.2867447267977592e-155
1630	8.8526043969604e-08
1631	3.0783567637518994e-116
1632	8.699807013427799e-114
1633	7.143840230271708e-120
1634	2.26454097379087e-34
1635	2.1303461369366195e-130
1636	0.984189491947412
1637	0.9873743773353728
1638	7.274148605562348e-146
1639	2.9354628388052586e-181
1640	5.371196280057659e-154
1641	2.086327558560539e-160
1642	7.814278796271756e-201
1643	1.0550494696939198e-89
1644	1.60126888160515e-15
1645	1.0623366151518099e-96
1646	2.64655877031802e-10
1647	2.2244600897081197e-22
1648	5.044891616206349e-59
1649	5.45989378137352e-41
1650	4.98726092196288e-23
1651	6.80625772856205e-44
1652	3.20777722098556e-23
1653	4.7709938053409795e-96
1654	1.1172894536753997e-59
1655	1.5781719748438097e-82
1656	1.0327418379107799e-98
1657	2.978082901750179e-126
1658	1.7159225656007695e-123
1659	2.0975496459021293e-91
1660	4.633041493130151e-08
1661	2.0689204947418988e-237
1662	2.484204374282649e-181
1663	2.7769917498787387e-157
1664	7.75959709395731e-102
1665	3.119656809025679e-97
1666	1.7199828765732897e-80
1667	1.744191334885799e-204
1668	4.07110691254699e-90
1669	5.14547688514536e-32
1670	1.3585333742491301e-46
1671	1.9329684532082694e-172
1672	1.1178383054951299e-86
1673	4.70205683552372e-102
1674	2.2021990622074794e-52
1675	7.595211256123899e-57
1676	8.562084590074559e-39
1677	0.981922454036943
1678	1.7176984047193192e-190
1679	1.9763329837044894e-78
1680	1.3006001662966e-29
1681	0.999999999838693
1682	4.9823506073785096e-111
1683	6.258223536062609e-44
1684	8.752641530058769e-133
1685	2.2256673489659895e-67
1686	4.4451350375062795e-55
1687	1.88293283573135e-15
1688	2.0729767273204197e-13
1689	8.595254147822337e-106
1690	3.983390585551609e-87
1691	7.44082163522798e-76
1692	1.9307492619742497e-96
1693	1.0907942934630297e-144
1694	1.7065500477293193e-96
1695	5.230520954684438e-127
1696	5.2280161187815194e-83
1697	4.56704873736647e-22
1698	2.06362124158451e-16
1699	0.999826309299197
1700	0.999999990556565
1701	0.999999999995718
1702	0.9999999999266641
1703	2.92342673206336e-09
1704	2.1381819937302298e-14
1705	0.9999997692973459
1706	0.978057474979299
1707	0.9999999825844359
1708	1.9917164985203e-40
1709	1.35028290008552e-43
1710	1.32536859614594e-25
1711	5.63468216068155e-17
1712	5.3515825858375e-12
1713	4.00555359083085e-49
1714	5.977746346351239e-61
1715	4.818176388711228e-87
1716	6.85162307469017e-55
1717	1.1180543107409696e-71
1718	1.9648302811349299e-69
1719	2.9367311092983103e-47
1720	0.999999269443693
1721	1.0
1722	0.999999999999999
1723	0.999999660984731
1724	1.3730725837221097e-42
1725	1.1308015252764199e-25
1726	5.319102578835499e-59
1727	1.66935144526289e-12
1728	0.9999999998460749
1729	1.33327337201889e-05
1730	0.999999999999437
1731	1.0
1732	2.13087270127072e-38
1733	4.316059639564709e-53
1734	8.675817621665369e-94
1735	2.98433871902562e-05
1736	5.18017350860553e-05
1737	2.97524785375672e-84
1738	2.62559505504781e-05
1739	1.5036963076874797e-67
1740	9.568107534777447e-183
1741	2.037493164573879e-192
1742	6.012799865805997e-231
1743	2.0638816063969995e-95
1744	5.395658780153189e-45
1745	6.088474521422499e-84
1746	3.265444484605589e-55
1747	0.0123130857304128
1748	0.273674727385135
1749	0.999999995854457
1750	7.927574151391007e-123
1751	2.3738844111589097e-71
1752	1.1499332456573096e-102
1753	7.6310247638995e-06
1754	1.49799660613803e-39
1755	0.000105045746111194
1756	0.00028787856948493196
1757	0.000411510567688749
1758	0.000411510567533867
1759	0.00028787856909296897
1760	0.00010504574571053001
1761	2.2508535238016596e-53
1762	0.00140212307632771
1763	1.5526485263586203e-08
