1	2.8167209216716996e-68
2	7.288288187757279e-22
3	2.7129876182367e-44
4	3.5321686889184195e-64
5	2.16620148864591e-47
6	5.7648836507396195e-28
7	9.70810419865885e-14
8	1.39589536639486e-23
9	2.0005144120620897e-27
10	1.7781487847040903e-44
11	1.6282851359579297e-60
12	1.15501679777703e-25
13	4.9586893452690095e-127
14	2.1183495492605493e-147
15	6.934615766400139e-50
16	2.1780319002047894e-41
17	7.22857063787014e-30
18	7.440742898516509e-110
19	1.4613915468323596e-129
20	2.6032152020457297e-52
21	0.0
22	8.829853981273138e-98
23	2.4372304019934494e-116
24	4.391867874621069e-74
25	1.702323363973499e-208
26	3.91483653127027e-49
27	5.185092253290858e-131
28	1.3530711165316696e-91
29	6.409885304892909e-46
30	5.0809310247310375e-221
31	1.5747186200978401e-24
32	6.91932334853195e-36
33	3.6161826761314196e-18
34	1.8089795489002496e-170
35	6.550664628854339e-98
36	2.6734197289886395e-53
37	4.106405089117739e-59
38	2.9463479694415895e-76
39	5.23137782678294e-36
40	1.0760790945021498e-77
41	1.4350355898637894e-193
42	2.6505432124854793e-89
43	0.9999999999999879
44	0.9993087217774351
45	1.4706528332559998e-64
46	2.30577300426292e-11
47	5.202634577708839e-85
48	5.166788527733538e-122
49	6.394724109213599e-127
50	1.4682068438260597e-71
51	1.3633174818044398e-28
52	0.9999757527985931
53	1.0
54	0.9999999999832041
55	1.0614916321557498e-166
56	1.1794641159663296e-162
57	4.6196161216716706e-17
58	8.831797817952449e-78
59	0.9999999971161629
60	3.8770607778398703e-10
61	2.4445678508481792e-92
62	1.7414336153391295e-57
63	1.62719938430123e-48
64	3.1445520949454994e-59
65	3.6195475613977207e-39
66	9.030633184864828e-110
67	1.8385234353084597e-140
68	7.040072045576129e-134
69	1.1651166523276297e-117
70	1.7458136920102595e-128
71	0.9999999996816541
72	4.11260884604034e-10
73	1.4478257613695896e-240
74	8.996926883987318e-169
75	4.715144720385519e-75
76	9.12521276461297e-27
77	1.4291548273314997e-122
78	1.2914516946351996e-160
79	1.1731333250071298e-82
80	1.5430013581113398e-125
81	3.023597997146559e-192
82	2.0174196791670596e-84
83	4.468041156522817e-186
84	9.630806808084364e-220
85	2.883e-318
86	2.4753e-320
87	0.0
88	1.1543506514411198e-50
89	1.1269798116919098e-91
90	9.386039297918594e-232
91	2.39102647476069e-48
92	1.4980942544523098e-128
93	9.780399548470738e-131
94	0.0
95	3.707868480588939e-138
96	1.4662693551497198e-46
97	2.3735933167731896e-44
98	1.8992935833877795e-136
99	4.5556806021500295e-14
100	5.0291939249876577e-256
101	5.888880597628357e-259
102	3.1182738751671584e-193
103	4.636271569986427e-224
104	2.2550677244770696e-90
105	0.0
106	5.1690759401389274e-241
107	1.5372336827555593e-223
108	2.1482064899534296e-87
109	1.1003553035782899e-107
110	1.2690482479425e-45
111	0.0
112	5.804658560723147e-249
113	0.0
114	5.273093111317577e-199
115	0.0
116	1.26382169866e-312
117	1.0493891359314994e-249
118	0.0
119	0.0
120	0.0
121	4.790745411328387e-234
122	3.7919351698372285e-137
123	3.4979615242176895e-33
124	7.082869861977297e-179
125	5.871743359954248e-176
126	1.2598770033764997e-171
127	6.164973198750988e-114
128	4.0850140643033985e-147
129	1.5092318712654698e-40
