1	7.288288187757291e-22
2	2.7129876182367e-44
3	3.5321686889184195e-64
4	2.16620148864591e-47
5	5.7648836507396195e-28
6	9.70810419865885e-14
7	1.39589536639486e-23
8	2.0005144120620897e-27
9	1.7781487847040903e-44
10	1.6282851359579297e-60
11	1.15501679777703e-25
12	4.9586893452690095e-127
13	2.1183495492605493e-147
14	6.934615766400139e-50
15	2.1780319002047894e-41
16	7.22857063787014e-30
17	7.440742898516509e-110
18	1.4613915468323596e-129
19	2.6032152020457297e-52
20	0.0
21	8.829853981273138e-98
22	2.4372304019934494e-116
23	4.391867874621069e-74
24	1.702323363973499e-208
25	3.91483653127027e-49
26	5.185092253290858e-131
27	1.3530711165316696e-91
28	6.409885304892909e-46
29	5.0809310247310375e-221
30	1.5747186200978401e-24
31	6.91932334853195e-36
32	3.6161826761314196e-18
33	1.8089795489002496e-170
34	6.550664628854339e-98
35	2.6734197289886395e-53
36	4.106405089117739e-59
37	2.9463479694415895e-76
38	5.23137782678294e-36
39	1.0760790945021498e-77
40	1.4350355898637894e-193
41	2.6505432124854793e-89
42	0.9999999999999879
43	0.9993087217774351
44	1.4706528332559998e-64
45	2.30577300426292e-11
46	5.202634577708839e-85
47	5.166788527733538e-122
48	6.394724109213599e-127
49	1.4682068438260597e-71
50	1.3633174818044398e-28
51	0.9999757527985931
52	1.0
53	0.9999999999832041
54	1.0614916321557498e-166
55	1.1794641159663296e-162
56	4.6196161216716706e-17
57	8.831797817952449e-78
58	0.9999999971161629
59	3.8770607778398703e-10
60	2.4445678508481792e-92
61	1.7414336153391295e-57
62	1.62719938430123e-48
63	3.1445520949454994e-59
64	3.6195475613977207e-39
65	9.030633184864828e-110
66	1.8385234353084597e-140
67	7.040072045576129e-134
68	1.1651166523276297e-117
69	1.7458136920102595e-128
70	0.9999999996816541
71	4.11260884604034e-10
72	1.4478257613695896e-240
73	8.996926883987318e-169
74	4.715144720385519e-75
75	9.12521276461297e-27
76	1.4291548273314997e-122
77	1.2914516946351996e-160
78	1.1731333250071298e-82
79	1.5430013581113398e-125
80	3.023597997146559e-192
81	2.0174196791670596e-84
82	4.468041156522817e-186
83	9.630806808084364e-220
84	2.883e-318
85	2.4753e-320
86	0.0
87	1.1543506514411198e-50
88	1.1269798116919098e-91
89	9.386039297918594e-232
90	2.39102647476069e-48
91	1.4980942544523098e-128
92	9.780399548470738e-131
93	0.0
94	3.707868480588939e-138
95	1.4662693551497198e-46
96	2.3735933167731896e-44
97	1.8992935833877795e-136
98	4.5556806021500295e-14
99	5.0291939249876577e-256
100	5.888880597628357e-259
101	3.1182738751671584e-193
102	4.636271569986427e-224
103	2.2550677244770696e-90
104	0.0
105	5.1690759401389274e-241
106	1.5372336827555593e-223
107	2.1482064899534296e-87
108	1.1003553035782899e-107
109	1.2690482479425e-45
110	0.0
111	5.804658560723147e-249
112	0.0
113	5.273093111317577e-199
114	0.0
115	1.26382169866e-312
116	1.0493891359314994e-249
117	0.0
118	0.0
119	0.0
120	4.790745411328387e-234
121	3.7919351698372285e-137
122	3.4979615242176895e-33
123	7.082869861977297e-179
124	5.871743359954248e-176
125	1.2598770033764997e-171
126	6.164973198750988e-114
127	4.0850140643033985e-147
128	1.5092318712654698e-40
