RDN5-1	1	764	154	641	133	155	303
RDN5-1	2	314	55	239	65	56	165
RDN5-1	3	152	19	134	36	11	76
RDN5-1	4	1045	1111	459	114	242	373
RDN5-1	5	209	123	143	20	14	67
RDN5-1	6	117	54	128	29	3	52
RDN5-1	7	283	113	246	59	29	121
RDN5-1	8	479	201	432	221	98	329
RDN5-1	9	185	23	146	37	22	137
RDN5-1	10	878	429	691	405	460	1377
RDN5-1	11	417	91	459	144	118	404
RDN5-1	12	1251	696	1249	641	748	2289
RDN5-1	13	1412	448	1356	725	977	1116
RDN5-1	14	175	80	153	66	106	90
RDN5-1	15	50	18	60	8	9	20
RDN5-1	16	413	240	336	69	88	400
RDN5-1	17	82	28	74	4	13	36
RDN5-1	18	92	22	62	8	6	41
RDN5-1	19	89	38	95	13	5	102
RDN5-1	20	262	135	250	26	33	48
RDN5-1	21	323	73	256	38	18	93
RDN5-1	22	347	200	366	54	63	93
RDN5-1	23	455	172	445	75	79	119
RDN5-1	24	93	68	62	15	29	55
RDN5-1	25	35	7	21	8	8	69
RDN5-1	26	51	31	28	6	13	170
RDN5-1	27	106	18	96	20	21	57
RDN5-1	28	28	2	17	5	1	17
RDN5-1	29	71	18	64	6	4	23
RDN5-1	30	107	26	95	6	4	22
RDN5-1	31	36	18	30	10	8	2
RDN5-1	32	32	30	25	9	5	14
RDN5-1	33	10	1	15	1	1	4
RDN5-1	34	26	11	40	15	7	46
RDN5-1	35	26	7	6	1	5	17
RDN5-1	36	8	11	13	0	1	4
RDN5-1	37	10	13	22	2	0	11
RDN5-1	38	44	31	40	25	15	44
RDN5-1	39	32	12	25	3	8	22
RDN5-1	40	14	1	14	5	0	0
RDN5-1	41	163	127	96	38	28	105
RDN5-1	42	683	349	467	648	383	1212
RDN5-1	43	219	49	119	26	25	191
RDN5-1	44	214	66	123	34	43	88
RDN5-1	45	451	185	311	90	74	130
RDN5-1	46	555	280	438	120	147	153
RDN5-1	47	103	38	78	13	9	15
RDN5-1	48	57	15	31	6	8	9
RDN5-1	49	123	27	73	8	9	16
RDN5-1	50	952	199	839	151	103	342
RDN5-1	51	859	179	762	119	122	233
RDN5-1	52	208	77	150	37	27	83
RDN5-1	53	128	36	116	19	21	51
RDN5-1	54	80	21	150	14	2	35
RDN5-1	55	212	53	209	19	21	32
RDN5-1	56	76	14	83	16	10	18
RDN5-1	57	37	19	37	6	14	13
RDN5-1	58	6	2	8	3	5	3
RDN5-1	59	66	5	98	11	0	8
RDN5-1	60	121	19	112	17	5	17
RDN5-1	61	137	44	87	15	5	87
RDN5-1	62	53	26	41	10	5	40
RDN5-1	63	114	108	97	15	13	34
RDN5-1	64	44	18	22	1	3	8
RDN5-1	65	29	6	17	2	2	7
RDN5-1	66	51	6	38	7	5	17
RDN5-1	67	6	1	2	0	1	2
RDN5-1	68	43	20	34	4	7	31
RDN5-1	69	22	3	13	5	1	7
RDN5-1	70	15	2	7	3	1	2
RDN5-1	71	86	29	37	32	20	51
RDN5-1	72	241	102	159	60	46	180
RDN5-1	73	22	4	28	1	1	12
RDN5-1	74	63	18	55	9	2	18
RDN5-1	75	645	176	463	47	43	127
RDN5-1	76	245	214	202	42	60	144
RDN5-1	77	450	178	223	44	56	680
RDN5-1	78	102	21	93	10	4	156
RDN5-1	79	219	39	197	8	9	23
RDN5-1	80	83	20	34	3	2	10
RDN5-1	81	35	26	23	1	0	1
RDN5-1	82	114	78	71	7	15	64
RDN5-1	83	54	19	66	8	13	98
RDN5-1	84	65	19	40	6	9	11
RDN5-1	85	0	5	4	1	2	1
RDN5-1	86	54	2	27	3	4	5
RDN5-1	87	15	0	27	1	1	4
RDN5-1	88	5	2	19	10	7	15
RDN5-1	89	7	0	3	0	1	2
RDN5-1	90	1	0	0	0	0	1
RDN5-1	91	1	3	5	5	5	12
RDN5-1	92	0	0	6	2	0	4
RDN5-1	93	1	0	2	0	0	1
RDN5-1	94	0	0	0	0	0	2
RDN5-1	95	0	0	0	0	0	0
RDN5-1	96	0	0	0	0	0	0
RDN5-1	97	0	0	0	0	0	0
RDN5-1	98	0	0	0	0	0	0
RDN5-1	99	0	0	0	0	0	0
RDN5-1	100	0	0	0	0	0	0
RDN5-1	101	0	0	0	0	0	0
RDN5-1	102	0	0	0	0	0	0
RDN5-1	103	0	0	0	0	0	0
RDN5-1	104	0	0	0	0	0	0
RDN5-1	105	0	0	0	0	0	0
RDN5-1	106	0	0	0	0	0	0
RDN5-1	107	0	0	0	0	0	0
RDN5-1	108	0	0	0	0	0	0
RDN5-1	109	0	0	0	0	0	0
RDN5-1	110	0	0	0	0	0	0
RDN5-1	111	0	0	0	0	0	0
RDN5-1	112	0	0	0	0	0	0
RDN5-1	113	0	0	0	0	0	0
RDN5-1	114	0	0	0	0	0	0
RDN5-1	115	0	0	0	0	0	0
RDN5-1	116	0	0	0	0	0	0
RDN5-1	117	0	0	0	0	0	0
RDN5-1	118	0	0	0	0	0	0
RDN5-1	119	0	0	0	0	0	0
RDN5-1	120	0	0	0	0	0	0
RDN5-1	121	0	0	0	0	0	0	