DB 0 MOTIF	UCUAUUUCUU	MEME-1
 -11.0	1
 -10.0	0
  -9.0	3
  -8.0	2
  -7.0	2
  -6.0	1
  -5.0	2
  -4.0	2
  -3.0	3
  -2.0	0
  -1.0	6
   0.0	3
   1.0	10
   2.0	6
   3.0	1
   4.0	0
   5.0	3
   6.0	0
   7.0	4
   8.0	5
   9.0	4
  10.0	4
  11.0	8
DB 0 MOTIF	AARSURRGWC	MEME-2
 -11.0	2
 -10.0	2
  -9.0	0
  -8.0	4
  -7.0	2
  -6.0	4
  -5.0	3
  -4.0	1
  -3.0	1
  -2.0	1
  -1.0	0
   0.0	3
   1.0	3
   2.0	1
   3.0	3
   4.0	2
   5.0	2
   6.0	2
   7.0	4
   8.0	4
   9.0	2
  10.0	1
  11.0	0
DB 0 MOTIF	GUUKUGKGUA	MEME-9
 -11.0	0
 -10.0	1
  -9.0	1
  -8.0	0
  -7.0	4
  -6.0	1
  -5.0	1
  -4.0	0
  -3.0	2
  -2.0	0
  -1.0	1
   0.0	2
   1.0	5
   2.0	2
   3.0	4
   4.0	1
   5.0	1
   6.0	2
   7.0	1
   8.0	1
   9.0	0
  10.0	1
  11.0	4
DB 0 MOTIF	SCUUUGURUG	MEME-13
 -11.0	0
 -10.0	1
  -9.0	2
  -8.0	0
  -7.0	0
  -6.0	1
  -5.0	0
  -4.0	1
  -3.0	1
  -2.0	0
  -1.0	4
   0.0	3
   1.0	11
   2.0	0
   3.0	1
   4.0	0
   5.0	1
   6.0	0
   7.0	2
   8.0	1
   9.0	1
  10.0	2
  11.0	0
DB 0 MOTIF	UWUUACCUUU	MEME-17
 -11.0	1
 -10.0	0
  -9.0	1
  -8.0	0
  -7.0	2
  -6.0	0
  -5.0	1
  -4.0	2
  -3.0	0
  -2.0	0
  -1.0	2
   0.0	1
   1.0	4
   2.0	1
   3.0	1
   4.0	2
   5.0	3
   6.0	0
   7.0	1
   8.0	0
   9.0	1
  10.0	1
  11.0	2
DB 0 MOTIF	AAGUGUUGGY	MEME-19
 -11.0	2
 -10.0	0
  -9.0	1
  -8.0	0
  -7.0	0
  -6.0	1
  -5.0	1
  -4.0	0
  -3.0	0
  -2.0	2
  -1.0	1
   0.0	0
   1.0	2
   2.0	4
   3.0	2
   4.0	2
   5.0	1
   6.0	4
   7.0	1
   8.0	1
   9.0	0
  10.0	1
  11.0	1
