DB 0 MOTIF	GGAG	MEME-1
 -14.0	0
 -13.0	0
 -12.0	0
 -11.0	0
 -10.0	0
  -9.0	0
  -8.0	0
  -7.0	0
  -6.0	0
  -5.0	0
  -4.0	0
  -3.0	0
  -2.0	0
  -1.0	1
   0.0	0
   1.0	0
   2.0	1
   3.0	0
   4.0	0
   5.0	0
   6.0	0
   7.0	0
   8.0	0
   9.0	0
  10.0	0
  11.0	0
  12.0	0
  13.0	0
  14.0	0
DB 0 MOTIF	AGRGYC	MEME-2
 -13.0	0
 -12.0	0
 -11.0	0
 -10.0	0
  -9.0	0
  -8.0	1
  -7.0	0
  -6.0	0
  -5.0	0
  -4.0	0
  -3.0	0
  -2.0	0
  -1.0	0
   0.0	0
   1.0	0
   2.0	0
   3.0	0
   4.0	0
   5.0	0
   6.0	0
   7.0	0
   8.0	0
   9.0	0
  10.0	0
  11.0	0
  12.0	0
  13.0	1
DB 0 MOTIF	UKCC	MEME-3
 -14.0	0
 -13.0	1
 -12.0	0
 -11.0	0
 -10.0	0
  -9.0	0
  -8.0	1
  -7.0	0
  -6.0	0
  -5.0	0
  -4.0	0
  -3.0	0
  -2.0	0
  -1.0	0
   0.0	0
   1.0	0
   2.0	0
   3.0	0
   4.0	0
   5.0	0
   6.0	0
   7.0	0
   8.0	0
   9.0	0
  10.0	0
  11.0	0
  12.0	0
  13.0	0
  14.0	0
