"V1" "V2" "V3" "V4" "V5" "V6" "V7" "V8" "V9"
"1" 0.53 0.82 0.34 0.22 0.57 0.12 0.44 0.77 0.25
"2" 0.25 0.73 0.12 0.0309999999999999 0.31 0.00700000000000001 0.15 0.61 0.085
"3" 0.36 0.51 0.3 0.22 0.38 0.17 0.51 0.64 0.45
"4" 0.52 0.65 0.49 0.19 0.37 0.18 0.56 0.69 0.51
"5" 0.64 0.61 0.48 0.22 0.28 0.15 0.46 0.46 0.31
"6" 0.31 0.67 0.19 0.084 0.35 0.0639999999999999 0.26 0.62 0.16
"7" 0.53 0.28 0.59 0.15 0.086 0.2 0.11 0.0639999999999999 0.16
"8" 0.48 0.53 0.47 0.26 0.36 0.28 0.084 0.13 0.087
"9" 0.27 0.62 0.22 0.11 0.41 0.09 0.24 0.6 0.2
"10" 0.6 0.62 0.52 0.5 0.52 0.44 0.0429999999999999 0.0669999999999999 0.0349999999999999
"11" 0.55 0.52 0.57 0.58 0.54 0.61 0.23 0.23 0.27
"12" 0.27 0.63 0.11 0.14 0.48 0.0679999999999999 0.23 0.6 0.088
"13" 0.67 0.57 0.68 0.52 0.46 0.53 0.82 0.76 0.82
"14" 0.67 0.68 0.81 0.66 0.66 0.8 0.64 0.65 0.8
"15" 0.085 0.0549999999999999 0.23 NA NA NA 0.69 0.48 0.88
"16" 0.54 0.69 0.35 0.23 0.38 0.12 0.35 0.51 0.17
"17" 0.72 0.0529999999999999 0.51 0.29 0.005 0.16 0.55 0.016 0.37
"18" 0.76 0.003 0.46 0.97 0.00900000000000001 0.85 0.66 0.002 0.34
"19" 0.62 0.27 0.76 0.92 0.62 0.95 0.28 0.087 0.45
"20" 0.45 0.38 0.61 0.53 0.47 0.69 0.16 0.14 0.31
"21" 0.99 0.98 0.98 0.93 0.8 0.77 0.94 0.83 0.8
"22" 0.52 0.0539999999999999 0.63 0.87 0.2 0.91 0.51 0.0459999999999999 0.62
"23" 0.5 0.004 0.47 0.97 0.081 0.95 0.52 0.004 0.51
"24" 0.38 0.22 0.33 0.6 0.39 0.52 0.77 0.53 0.69
"25" 0.72 0.089 0.62 0.99 0.7 0.98 0.81 0.15 0.75
"26" 0.8 NA 0.83 NA NA NA 0.15 NA 0.22
"27" 0.57 NA 0.91 0.66 NA 0.93 0.48 NA 0.85
"28" 0.66 0.15 0.46 0.92 0.48 0.8 0.5 0.087 0.3
"29" 0.13 NA 0.49 NA NA NA 0.52 NA 0.87
"30" 0.68 0.35 0.74 0.99 0.92 0.99 0.42 0.16 0.5
"31" 0.31 0.4 0.81 NA NA NA 0.00600000000000001 0.019 0.15
"32" 0.49 0.44 0.38 0.62 0.54 0.52 0.005 0.005 0.005
"33" 0.22 0.11 0.28 0.47 0.27 0.51 0.23 0.11 0.3
"34" 0.79 0.95 0.92 0.21 0.62 0.47 0.5 0.84 0.75
"35" 0.29 0.22 0.57 0.73 0.58 0.91 0.41 0.31 0.72
"36" 0.34 0.6 0.28 0.3 0.56 0.25 0.43 0.7 0.36
"37" 0.22 0.12 0.49 0.6 0.41 0.81 0.34 0.18 0.61
"38" 0.24 0.16 0.48 NA NA NA 0.79 0.62 0.91
"39" 0.29 0.39 0.3 0.3 0.41 0.32 0.41 0.51 0.41
"40" 0.5 0.23 0.49 0.75 0.47 0.73 0.56 0.29 0.54
"41" 0.69 0.79 0.34 0.97 0.97 0.81 0.59 0.73 0.25
"42" 0.28 0.19 0.34 0.84 0.73 0.86 0.48 0.35 0.52
"43" 0.00600000000000001 0.087 0.026 0.00600000000000001 0.087 0.018 0.00700000000000001 0.087 0.028
"44" 0.1 0.0449999999999999 0.12 0.19 0.087 0.22 0.33 0.12 0.34
"45" 0.28 0.21 0.37 0.81 0.68 0.83 0.19 0.15 0.28
"46" 0.44 0.5 0.59 0.088 0.16 0.19 0.004 0.005 0.005
"47" 0.75 0.095 0.8 0.83 0.18 0.88 0.07 0.004 0.1
"48" 0.61 0.38 0.51 0.83 0.63 0.77 0.77 0.53 0.68
"49" 0.57 0.13 0.72 0.92 0.48 0.95 0.47 0.085 0.59
"50" 0.16 0.31 0.31 0.56 0.68 0.74 0.42 0.56 0.6
"51" 0.16 0.39 0.27 0.27 0.51 0.39 0.26 0.51 0.38
"52" 0.15 0.14 0.23 0.087 0.089 0.14 0.17 0.15 0.28
"53" 0.003 0.00800000000000001 0.004 0.002 0.00800000000000001 0.004 0.004 0.019 0.004
"54" 0.016 0.00700000000000001 0.16 0.0579999999999999 0.0469999999999999 0.29 0.00700000000000001 0.005 0.13
"55" 0.57 0.26 0.72 0.93 0.69 0.96 0.72 0.35 0.81
"56" 0.51 0.72 0.87 0.64 0.78 0.92 0.43 0.64 0.81
"57" 0.19 0.12 0.27 0.37 0.25 0.45 0.31 0.17 0.37
"58" 0.25 0.69 0.21 0.61 0.88 0.54 0.23 0.68 0.19
"59" 0.25 0.00600000000000001 0.1 0.22 0.00700000000000001 0.094 0.069 0.003 0.017
"60" 0.073 0.42 0.088 0.27 0.72 0.34 0.005 0.088 0.005
"61" 0.49 0.73 0.71 0.59 0.79 0.79 0.087 0.26 0.21
"62" 0.14 0.75 0.48 0.13 0.72 0.46 0.071 0.61 0.31
"63" 0.21 0.71 0.38 0.37 0.8 0.55 0.00600000000000001 0.15 0.0409999999999999
"64" 0.43 0.39 0.48 0.64 0.58 0.69 0.26 0.24 0.31
"65" 0.085 0.7 0.076 0.019 0.47 0.019 0.17 0.87 0.15
"66" 0.53 0.74 0.56 0.4 0.61 0.44 0.67 0.82 0.69
"67" 0.49 0.92 0.62 0.26 0.77 0.39 0.51 0.93 0.67
"68" 0.087 0.81 0.54 0.16 0.89 0.73 0.17 0.93 0.76
"69" 0.2 0.8 0.36 0.24 0.8 0.39 0.5 0.95 0.67
"70" 0.35 0.9 0.54 0.19 0.78 0.37 0.46 0.95 0.66
"71" 0.003 0.087 0.004 0.005 0.25 0.00600000000000001 0.005 0.27 0.00600000000000001
"72" 0.085 0.34 0.0539999999999999 0.22 0.57 0.15 0.16 0.52 0.089
"73" 0.69 0.93 0.44 0.84 0.96 0.65 0.85 0.98 0.64
"74" 0.62 0.92 0.22 0.51 0.82 0.16 0.84 0.98 0.47
"75" 0.74 0.79 0.64 0.52 0.59 0.45 0.16 0.24 0.12
"76" 0.35 0.62 0.49 0.16 0.4 0.27 0.088 0.27 0.15
"77" 0.45 0.91 0.56 0.14 0.64 0.22 0.51 0.94 0.63
"78" 0.61 0.91 0.51 0.3 0.67 0.22 0.8 0.97 0.73
"79" 0.28 0.82 0.094 0.094 0.59 0.0439999999999999 0.53 0.95 0.25
"80" 0.46 0.84 0.24 0.34 0.75 0.16 0.74 0.96 0.5
"81" 0.75 0.94 0.51 0.51 0.81 0.3 0.86 0.97 0.67
"82" 0.24 0.81 0.088 0.088 0.55 0.036 0.55 0.96 0.3
"83" 0.82 0.91 0.57 0.51 0.63 0.25 0.92 0.95 0.74
"84" 0.95 0.98 0.67 0.49 0.73 0.12 0.87 0.96 0.45
"85" 0.96 0.97 0.95 0.52 0.65 0.48 0.96 0.98 0.95
"86" 0.91 0.99 0.88 0.5 0.82 0.46 0.95 0.99 0.93
"87" 0.98 0.99 0.99 0.82 0.91 0.95 0.99 0.99 0.99
"88" 0.26 0.65 0.2 0.09 0.39 0.087 0.49 0.82 0.41
"89" 0.38 0.64 0.59 0.18 0.42 0.36 0.61 0.81 0.8
"90" 0.91 0.94 0.96 0.34 0.49 0.52 0.81 0.9 0.92
"91" 0.36 0.68 0.35 0.36 0.65 0.35 0.18 0.5 0.17
"92" 0.52 0.73 0.81 0.16 0.35 0.44 0.68 0.82 0.91
"93" 0.35 NA 0.16 0.84 NA 0.69 0.97 NA 0.91
"94" 0.96 0.76 0.93 0.98 0.82 0.96 0.98 0.82 0.96
"95" NA NA NA NA NA NA 0.98 0.51 0.99
"96" 0.12 0.48 0.23 0.19 0.58 0.36 0.3 0.73 0.49
"97" 0.26 0.00600000000000001 0.53 0.46 0.0459999999999999 0.73 0.4 0.016 0.7
"98" 0.21 0.00600000000000001 0.15 0.99 0.67 0.98 0.31 0.00700000000000001 0.22
"99" 0.00600000000000001 0.00600000000000001 0.12 0.25 0.23 0.73 0.087 0.082 0.48
"100" 0.87 0.7 0.8 0.96 0.86 0.93 0.91 0.76 0.83
"101" 0.45 0.16 0.81 0.92 0.66 0.99 0.9 0.61 0.99
"102" 0.92 NA 0.98 NA NA NA 0.93 NA 0.98
"103" 0.57 0.63 0.88 0.8 0.81 0.96 0.74 0.77 0.95
"104" 0.19 0.57 0.38 0.62 0.9 0.8 0.15 0.52 0.33
"105" 0.91 0.98 0.92 0.94 0.99 0.95 0.81 0.96 0.82
"106" 0.81 0.99 0.81 0.27 0.93 0.28 0.53 0.99 0.53
"107" 0.86 0.92 0.83 0.93 0.95 0.92 0.41 0.54 0.38
"108" 0.76 0.93 0.5 0.5 0.8 0.25 0.016 0.12 0.005
"109" 0.81 0.86 0.54 0.8 0.82 0.52 0.12 0.17 0.04
"110" 0.44 0.67 0.18 0.53 0.74 0.28 0.12 0.3 0.0439999999999999
"111" 0.97 0.86 0.85 0.99 0.96 0.96 0.95 0.8 0.8
"112" 0.97 0.76 0.88 NA NA NA 0.99 0.89 0.96
"113" 0.99 0.72 0.75 0.99 0.79 0.8 0.99 0.95 0.96
"114" NA NA NA NA NA NA 0.99 0.99 0.98
"115" 0.99 0.92 0.93 0.99 0.85 0.87 0.99 0.99 0.99
"116" 0.91 NA 0.99 0.82 NA 0.98 0.98 NA 0.99
"117" 0.82 0.47 0.62 NA NA NA 0.99 0.99 0.99
"118" 0.98 0.95 0.8 0.99 0.99 0.95 0.99 0.99 0.93
"119" 0.99 0.99 0.99 0.98 0.97 0.96 0.99 0.99 0.99
"120" 0.98 0.99 0.88 0.94 0.97 0.74 0.99 0.99 0.99
"121" NA NA NA 0.85 0.53 0.3 0.99 0.99 0.98
"122" NA NA NA 0.29 NA 0.81 0.94 NA 0.99
"123" 0.16 0.63 0.19 0.00600000000000001 0.12 0.00600000000000001 0.31 0.82 0.36
"124" 0.88 0.73 0.56 0.54 0.38 0.2 0.97 0.92 0.8
"125" 0.88 0.78 0.77 0.29 0.21 0.15 0.95 0.9 0.87
"126" 0.91 0.4 0.82 0.46 0.088 0.33 0.97 0.57 0.94
"127" 0.26 0.24 0.45 0.16 0.16 0.31 0.89 0.85 0.96
"128" 0.8 0.8 0.54 0.36 0.39 0.14 0.92 0.92 0.74
"129" NA NA NA NA NA 0.49 NA NA 0.99
