"V1" "V2" "V3" "V4" "V5" "V6" "V7" "V8" "V9"
"1" 0.094 0.38 0.13 0.0509999999999999 0.33 0.073 0.12 0.38 0.15
"2" 0.074 0.31 0.078 0.073 0.33 0.075 0.073 0.27 0.075
"3" 0.0579999999999999 0.22 0.08 0.37 0.42 0.42 0.075 0.19 0.11
"4" 0.25 0.75 0.093 0.0529999999999999 0.56 0.034 0.15 0.75 0.0599999999999999
"5" 0.33 0.64 0.3 0.5 0.72 0.46 0.19 0.61 0.18
"6" 0.0409999999999999 0.34 0.12 0.9 0.85 0.92 0.083 0.43 0.25
"7" 0.0649999999999999 0.34 0.098 0.3 0.5 0.38 0.094 0.39 0.16
"8" 0.015 0.16 0.0289999999999999 0.073 0.38 0.13 0.036 0.25 0.072
"9" 0.075 0.1 0.1 0.24 0.19 0.29 0.0329999999999999 0.0449999999999999 0.0409999999999999
"10" 0.016 0.18 0.023 0.016 0.19 0.025 0.00600000000000001 0.093 0.00800000000000001
"11" 0.0289999999999999 0.093 0.076 0.0679999999999999 0.17 0.17 0.019 0.0599999999999999 0.073
"12" 0.012 0.18 0.034 0.017 0.23 0.038 0.005 0.082 0.013
"13" 0.013 0.076 0.03 0.017 0.091 0.036 0.0519999999999999 0.15 0.12
"14" 0.03 0.23 0.0499999999999999 0.023 0.21 0.0369999999999999 0.25 0.57 0.35
"15" 0.36 0.47 0.66 0.56 0.59 0.8 0.47 0.57 0.8
"16" 0.31 0.67 0.34 0.43 0.72 0.44 0.025 0.35 0.0349999999999999
"17" 0.95 0.87 0.94 0.68 0.62 0.72 0.42 0.47 0.5
"18" 0.8 0.55 0.68 0.95 0.81 0.93 0.39 0.27 0.24
"19" 0.41 0.57 0.62 0.97 0.92 0.98 0.015 0.11 0.0489999999999999
"20" 0.72 0.79 0.79 0.82 0.84 0.86 0.94 0.94 0.95
"21" 0.57 0.39 0.54 0.97 0.84 0.96 0.8 0.47 0.76
"22" 0.34 0.68 0.54 0.53 0.75 0.73 0.85 0.91 0.92
"23" 0.29 0.44 0.43 0.57 0.6 0.71 0.86 0.81 0.9
"24" 0.3 0.74 0.18 0.13 0.64 0.076 0.12 0.73 0.071
"25" 0.082 0.092 0.0489999999999999 0.35 0.2 0.15 0.001 0.005 0.001
"26" 0.56 0.78 0.25 0.25 0.66 0.078 0.001 0.017 0.001
"27" 0.17 0.094 0.28 0.46 0.19 0.55 0.18 0.0589999999999999 0.31
"28" 0.2 0.027 0.09 0.99 0.56 0.98 0.11 0.00600000000000001 0.0429999999999999
"29" 0.83 0.56 0.85 0.98 0.86 0.97 0.72 0.45 0.77
"30" 0.93 0.73 0.93 0.99 0.91 0.99 0.93 0.72 0.94
"31" 0.0479999999999999 0.34 0.07 0.37 0.61 0.39 0.99 0.99 0.99
"32" 0.0429999999999999 0.61 0.0509999999999999 0.68 0.9 0.61 0.39 0.92 0.37
"33" 0.71 0.12 0.93 0.9 0.25 0.97 0.47 0.0349999999999999 0.91
"34" 0.005 0.073 0.0459999999999999 0.19 0.45 0.72 0.001 0.0329999999999999 0.026
"35" 0.97 0.87 0.43 0.47 0.39 0.016 0.075 0.11 0.001
"36" NA NA NA 0.83 0.95 0.95 0.24 0.94 0.87
"37" 0.14 0.86 0.86 NA NA NA 0.00800000000000001 0.72 0.46
"38" 0.005 0.18 0.01 0.08 0.56 0.14 0.016 0.39 0.034
"39" 0.66 0.64 0.59 0.15 0.38 0.15 0.074 0.24 0.074
"40" 0.0659999999999999 0.036 0.091 NA NA NA NA NA NA
"41" 0.18 0.59 0.081 0.25 0.62 0.13 0.22 0.71 0.082
"42" 0.017 0.15 0.015 0.0369999999999999 0.27 0.0309999999999999 0.028 0.18 0.017
"43" 0.65 0.48 0.39 0.54 0.45 0.33 0.14 0.15 0.0509999999999999
"44" 0.47 0.48 0.28 0.27 0.39 0.13 0.61 0.58 0.35
"45" 0.37 0.49 0.24 0.38 0.5 0.28 0.81 0.83 0.69
"46" 0.31 0.54 0.27 0.16 0.44 0.14 0.83 0.87 0.76
"47" 0.6 0.61 0.52 0.73 0.69 0.67 0.95 0.92 0.93
"48" 0.72 0.56 0.45 0.46 0.44 0.25 0.94 0.86 0.85
"49" 0.88 0.68 0.74 0.77 0.56 0.59 0.95 0.86 0.91
"50" 0.47 0.39 0.48 0.57 0.44 0.57 0.67 0.44 0.67
"51" 0.55 0.43 0.56 0.43 0.38 0.44 0.8 0.56 0.8
"52" 0.4 0.51 0.32 0.46 0.56 0.39 0.55 0.67 0.43
"53" 0.49 0.49 0.53 0.36 0.42 0.39 0.55 0.52 0.58
"54" 0.42 0.43 0.81 0.95 0.86 0.98 0.48 0.46 0.88
"55" 0.78 0.63 0.82 0.62 0.52 0.69 0.94 0.85 0.94
"56" 0.33 0.29 0.44 0.46 0.39 0.58 0.86 0.58 0.9
"57" 0.46 0.69 0.53 0.073 0.38 0.092 0.64 0.82 0.72
"58" 0.0509999999999999 0.2 0.13 0.016 0.12 0.0369999999999999 0.4 0.5 0.69
"59" 0.45 0.13 0.74 NA NA NA 0.95 0.48 0.98
"60" 0.55 0.38 0.58 0.91 0.67 0.91 0.94 0.74 0.94
"61" 0.7 0.68 0.49 0.92 0.83 0.87 0.24 0.42 0.11
"62" 0.39 0.63 0.34 0.65 0.72 0.57 0.16 0.5 0.13
"63" 0.58 0.86 0.57 0.54 0.81 0.52 0.73 0.93 0.72
"64" 0.98 0.93 0.93 0.78 0.75 0.51 0.91 0.89 0.7
"65" 0.87 0.68 0.72 0.78 0.58 0.59 0.84 0.63 0.62
"66" 0.56 0.3 0.47 0.62 0.37 0.54 0.68 0.26 0.56
"67" NA NA NA 0.36 0.31 0.072 0.68 0.4 0.13
"68" 0.76 0.78 0.72 0.38 0.57 0.34 0.18 0.49 0.15
"69" 0.3 0.19 0.14 0.89 0.58 0.77 0.69 0.36 0.44
"70" 0.38 0.24 0.12 0.78 0.47 0.48 0.94 0.7 0.79
"71" 0.1 0.34 0.0349999999999999 0.18 0.42 0.0609999999999999 0.29 0.46 0.0609999999999999
"72" 0.24 0.49 0.15 0.28 0.49 0.18 0.15 0.46 0.084
"73" 0.93 0.74 0.95 0.88 0.67 0.92 0.33 0.25 0.57
"74" 0.54 0.55 0.55 0.93 0.82 0.92 0.73 0.69 0.73
"75" 0.85 0.73 0.76 0.75 0.67 0.69 0.86 0.76 0.78
"76" 0.42 0.78 0.42 0.14 0.61 0.16 0.22 0.77 0.24
"77" 0.72 0.73 0.44 0.45 0.58 0.23 0.023 0.14 0.00800000000000001
"78" 0.72 0.52 0.74 0.91 0.71 0.91 0.023 0.0519999999999999 0.0369999999999999
"79" 0.94 0.77 0.94 0.9 0.68 0.9 0.96 0.85 0.96
"80" 0.94 0.85 0.82 0.95 0.84 0.86 0.95 0.87 0.8
"81" 0.96 0.95 0.94 NA NA NA 0.99 0.99 0.99
"82" 0.88 0.9 0.77 0.4 0.7 0.3 0.29 0.74 0.15
"83" 0.46 0.57 0.69 0.13 0.38 0.33 0.016 0.084 0.0509999999999999
"84" 0.73 0.68 0.57 0.38 0.46 0.25 0.92 0.86 0.84
"85" NA 0.77 0.31 NA 0.49 0.0579999999999999 NA 0.95 0.87
"86" 0.89 0.21 0.72 0.68 0.14 0.42 0.97 0.33 0.92
"87" 0.85 NA 0.94 0.7 NA 0.9 0.77 NA 0.94
"88" 0.004 0.069 0.074 0.005 0.085 0.08 0.00600000000000001 0.073 0.23
"89" NA NA NA 0.27 NA 0.083 0.74 NA 0.36
"90" NA NA NA NA NA NA 0.12 NA NA
"91" 0.002 0.31 0.036 0.001 0.21 0.016 0.001 0.31 0.036
"92" NA NA 0.19 NA NA NA NA NA 0.38
"93" NA NA NA NA NA NA 0.14 NA 0.5
"94" NA NA NA NA NA NA NA NA NA
