Nuc	Seq	DeltaSHAPE	Z-factor	Std_Score	Smoothed_Data1	Smoothed_Data2	Unsmoothed_Diff	Data1	Data2
6	A	3.50161743034	1.0	5.88374493682	5.73154786215	1.54810065854	0.350545827151	3.24388187666	2.89333604951
7	A	3.02606360842	1.0	5.08341088706	4.90669929554	1.88063568712	6.65268903352	8.21921384764	1.56652481412
8	A	3.38027987821	1.0	5.67953971333	4.63009669507	1.24981681686	2.07495596459	3.25700216231	1.18204619772
9	G	1.74407530055	1.0	2.92588665554	2.83553811879	1.09146281824	1.41319463651	2.41407407527	1.00087943876
76	T	0.836105318986	1.0	1.39781715234	0.746271366712	0.212115090367	0.764835796315	0.887194007329	0.122358211015
77	T	0.842780095665	1.0	1.40905047821	1.10449857537	0.261718479707	0.907374841657	1.20924681138	0.30187196972
78	G	1.07347538161	1.0	1.79729947117	1.42996530467	0.356489923066	0.856129649023	1.21705490741	0.360925258385
79	T	1.10908541833	1.0	1.85722943827	1.46574907662	0.356663658292	1.45692165414	1.86359419524	0.406672541093
80	A	1.15330860254	1.0	1.93165491543	1.6416209966	0.488312394064	1.01420495183	1.31659812722	0.302393175397
81	A	0.801387694874	1.0	1.33938907244	1.31391400426	0.512526309383	0.988799201649	1.74467066735	0.7558714657
383	G	-1.84897677314	1.0	-3.12104596195	0.414304140021	1.62060879904	-2.5157870137	0.517210350875	3.03299736458
384	T	-1.5565841504	1.0	-2.62896333935	0.394933526503	1.9515176769	-1.18216653257	0.311397929167	1.49356446174
385	A	-0.920976170588	1.0	-1.55926589377	0.39181367671	1.3127898473	-0.971798904924	0.356192299468	1.32799120439
386	A	-0.638021539969	1.0	-1.0830669548	0.350823833039	0.988845373008	-0.60896307427	0.507850801494	1.11681387576
473	A	1.0683203828	1.0	1.78862385785	1.09133764751	0.0230172647037	1.00023453499	1.02527924587	0.0250447108793
474	A	0.908021017471	1.0	1.51884778979	0.952919148052	0.0448981305812	1.13640623062	1.15739604915	0.0209898185281
475	G	1.01254519519	1.0	1.69475691847	1.08225001096	0.0697048157658	0.587422286807	0.676082149143	0.0886598623362
476	A	0.767123851041	1.0	1.28172468277	0.8895421545	0.122418303459	1.31380706816	1.41327183459	0.0994647664331
477	G	0.650163787511	1.0	1.08488656058	0.764437447903	0.114273660391	0.400142198156	0.579272479765	0.179130281609
488	T	-0.674910354613	1.0	-1.14514904321	0.931667236628	1.60657759124	-0.97745747794	0.494920022976	1.47237750092
489	G	-0.901293683981	1.0	-1.5261412221	0.783888901673	1.43697691996	-0.825129890022	1.07285778037	1.89798767039
492	G	-0.686767356379	1.0	-1.16510380291	0.232061192075	0.751465308112	-0.981264256244	0.155959891333	1.13722414758
700	T	3.30134806834	1.0	5.54670130023	4.33249348413	1.0311454158	1.00250236961	1.39464225069	0.392139881082
701	T	4.97650115258	1.0	8.36590280821	6.47242033506	1.49591918248	8.95049993555	11.5501984194	2.59969848388
703	T	-0.804100783632	1.0	-1.36257027816	0.171722737777	0.975823521409	-0.314143370649	0.120248937465	0.434392308114
704	C	-0.796850921042	1.0	-1.35036911055	0.564735741186	1.36158666223	-1.29405819661	0.22319653809	1.5172547347
705	T	-1.06037354981	1.0	-1.79386493155	0.599473414284	1.65984696409	-0.782351195863	1.350761748	2.13311294387
706	G	-0.9435312264	1.0	-1.59722496029	0.787611852382	1.56018248598	-1.10471125694	0.224461956761	1.3291732137
709	T	-1.00291138783	1.0	-1.69715889602	0.109204681882	0.794942970642	-1.00291138783	0.109204681882	1.11211606971
952	T	1.1978650965	1.0	2.00664133676	1.42747796738	0.229612870883	0.799708556383	1.03823075398	0.238522197601
953	A	1.13017327641	1.0	1.89271928207	1.3285140347	0.198340758286	1.59602163662	1.81672518078	0.220703544164
954	A	0.941662791825	1.0	1.57546526665	1.0963428266	0.154680034771	0.994789636233	1.13058616933	0.135796533092
955	T	0.840982419383	1.0	1.40602507609	0.960888910285	0.119906490902	0.234177102624	0.341717129681	0.107540027058
956	A	0.912362760364	1.0	1.52615473279	1.27034735832	0.357984597951	1.29398051929	1.41036343185	0.116382912555
957	A	0.847255887116	1.0	1.41658301844	1.48798025943	0.640724372311	1.20893065918	2.05896151342	0.850030854241
1302	T	0.601137171482	1.0	1.00237714031	0.533544359552	0.40461179537	0.601137171482	1.00574896685	0.40461179537
1305	A	0.916589179591	1.0	1.53326759166	1.29507088579	0.645930616342	0.944521109266	1.47983688711	0.535315777843
1306	A	0.617250019772	1.0	1.02949428359	1.37842020679	0.76117018702	0.888657249916	1.64520270476	0.756545454842
1331	G	-0.864996260182	1.0	-1.46505441584	0.306077147146	1.17107340733	-0.425537570463	0.11965233105	0.545189901513
1332	T	-2.13520334819	1.0	-3.60275142493	0.588246257205	2.72344960539	-2.5885915516	0.188706437884	2.77729798948
1333	T	-2.99003623705	1.0	-5.0413937747	0.822543220282	2.89325934637	-3.3914809225	1.45638000268	4.84786092518
1335	A	-0.715914106449	1.0	-1.21415637161	0.403424823298	1.09776566132	-0.852304972815	0.0628647501103	0.915169722925
1336	A	-0.684702126343	1.0	-1.16162812078	0.583080466556	1.2677825929	-0.579523240084	0.743984896485	1.32350813657
1394	T	-0.631646144302	1.0	-1.07233747267	2.79024828544	3.42189442974	-0.453205250936	0.247396201155	0.700601452091
1395	T	-0.699431707513	1.0	-1.18641729249	3.39106640378	4.0904981113	-0.870439221194	7.74548047767	8.61591969887
1396	C	-0.822544935801	1.0	-1.39361089295	4.9629015051	3.87826469663	-0.774650650408	2.18032253252	2.95497318293
1441	C	-0.839009556881	1.0	-1.4213200528	0.127023581412	0.666703247849	-0.839009556881	0.127023581412	0.966033138293
1443	T	-0.635591164341	1.0	-1.07897675033	0.36854584953	0.763530179432	-0.635591164341	0.36854584953	1.00413701387
1445	T	-0.650701616055	1.0	-1.10440690872	1.00044913381	1.65115074987	-0.977226535572	0.83961762914	1.81684416471
1446	A	-0.719675958792	1.0	-1.22048738691	0.774191110711	1.4938670695	-0.324176696538	1.16128063849	1.48545733503
1447	C	-0.590900670402	1.0	-1.00376481353	0.741477851496	1.3323785219	-0.857624644267	0.321675064504	1.17929970877
1693	A	0.993766722857	1.0	1.66315365903	1.4520826867	1.02759018771	1.91846534592	3.53750589101	1.6190405451
1694	G	0.849840625626	1.0	1.42093300817	1.53777395164	0.687933326018	0.0690680997959	0.505207930117	0.436139830321
1697	G	-0.653539156731	1.0	-1.10918235225	0.233130429129	0.88666958586	-0.208497875225	0.315683161527	0.524181036752
1760	T	1.81799058928	1.0	3.05028250653	1.70856650253	0.364980623684	1.35962517212	1.45111593146	0.0914907593463
1761	A	1.55841139153	1.0	2.61342328893	2.41072295777	0.852311566243	2.27635600644	2.91482649446	0.638470488022
1762	A	1.00984072275	1.0	1.69020542233	2.08870322616	1.07886250341	1.03925299603	2.86622644739	1.82697345136
2454	A	1.50186442181	1.0	2.51825747764	1.78557786946	0.283713447645	0.89173109016	0.956317494943	0.064586404783
2455	A	1.75892204861	1.0	2.95087301344	2.18330249495	0.424380446342	2.11199775347	2.61483824397	0.502840490508
2456	A	1.88168825122	1.0	3.1574825865	2.4698924871	0.588204235876	2.27303730219	2.97875174593	0.705714443736
2457	G	1.7665335001	1.0	2.96368271766	1.66777606198	0.630886108561	1.260029698	1.81608747139	0.556057773386
2459	C	1.03345338387	1.0	1.72994438736	0.874963008736	0.174746644922	0.896190868069	1.09287278474	0.19668191667
2460	G	1.24335343678	1.0	2.08319601032	1.53541868111	0.292065244329	1.17071589966	1.32352727284	0.152811373174
2461	T	1.76325153576	1.0	2.95815933063	2.58266658183	0.819415046069	1.66315354262	2.18985598576	0.526702443141
2462	A	2.30029467911	1.0	3.86197693024	3.58059539722	1.28030071811	2.45588516499	4.23461648688	1.77873132189
2463	A	2.04813094331	1.0	3.43759757596	3.21122529709	1.16309435377	2.78184532972	4.31731371902	1.5354683893
2464	C	1.84425383248	1.0	3.09448227282	2.69952970219	0.855275869713	0.906662335237	1.08174568536	0.175083350122
2466	A	-0.933389050881	1.0	-1.58015617011	2.34432567332	3.2777147242	-0.333239249058	2.95420259077	3.28744183983
2467	G	-1.66756704199	1.0	-2.81574217065	2.28219290486	3.94975994685	-1.5335388527	1.73444875587	3.26798760857
2468	G	-1.72035254452	1.0	-2.90457761485	1.4601919736	3.18054451811	-3.1359230242	2.15792736795	5.29385039215
2469	T	-1.30416983264	1.0	-2.20416226777	0.926193146796	2.23036297944	-0.491595756645	0.488199796974	0.979795553619
2480	G	-1.01694653818	1.0	-1.72077937429	3.29432242293	2.97601994473	-0.405140539661	0.893583514869	1.29872405453
2481	A	-1.33101793765	1.0	-2.24934632815	3.99429977764	5.32531771528	-1.6287525367	5.695061331	7.3238138677
2482	A	-1.48221648153	1.0	-2.5038061545	4.14024610809	5.62246258962	-1.95916073657	5.39425448705	7.35341522362
2483	C	-1.40894845395	1.0	-2.38049961268	3.36283849664	4.77178695059	-0.858736171324	1.33142250623	2.19015867755
2492	G	-0.639709011088	1.0	-1.08590688697	0.218260294826	0.857969305914	-0.495275189013	0.0603586964711	0.555633885484
2493	G	-1.16216640706	1.0	-1.96517738017	0.491896047749	1.65406245481	-1.37492201544	0.565497211646	1.94041922708
2494	A	-1.24212085286	1.0	-2.09973684002	0.482595367995	1.72471622086	-1.61630201673	0.84983223513	2.46613425186
2495	T	-0.948901874907	1.0	-1.60626350161	0.332851516077	1.28175339098	-0.735138526422	0.0324566572084	0.767595183631
2496	C	-0.615201803994	1.0	-1.04466244438	0.0743611565506	0.689562960545	-0.495265081566	0.116265655893	0.611530737458
2731	A	-0.792173781351	1.0	-1.34249771098	1.2550117766	2.04718555795	-0.286929954	0.0470342338195	0.333964187819
2732	T	-0.886447318884	1.0	-1.50115550869	1.20771720302	2.0941645219	-1.79763506186	2.94934362001	4.74697868186
2733	C	-0.904491168299	1.0	-1.53152243334	1.3860971955	2.2905883638	-0.574776940792	0.62677375523	1.20155069602
2736	T	0.932639341007	1.0	1.56027923596	1.36263381096	0.429994469956	0.492992736235	0.958174825415	0.46518208918
2737	G	0.929295046107	1.0	1.55465094962	1.32670820671	0.397413160601	2.05304348725	2.73143218462	0.678388697369
2738	C	0.956785562807	1.0	1.60091615777	1.33640050941	0.379614946601	0.241848914837	0.290517610092	0.0486686952542
2741	C	-0.602009799888	1.0	-1.0224609404	1.93905560452	2.54106540441	-0.93021768221	1.97444176229	2.90465944451
2742	T	-1.19079637858	1.0	-2.01336023561	1.96065353508	3.15144991366	-1.45137507496	1.94686530786	3.39824038281
2808	T	-1.00333466519	1.0	-1.69787125131	0.474056325716	1.4773909909	-1.17181787471	0.402451950884	1.57426982559
2809	T	-0.899787471199	1.0	-1.52360633893	0.503347381794	1.40313485299	-0.834851455665	0.545660700548	1.38051215621
2810	A	-0.74421767239	1.0	-1.26178990226	0.572241565888	1.31645923828	-0.692693083222	0.56192949395	1.25462257717
2811	A	-0.962185716801	1.0	-1.62861956414	0.662233264656	1.62441898146	-0.705108478284	0.609134503165	1.31424298145
2812	A	-0.964538042534	1.0	-1.63257841442	0.585101818437	1.54963986097	-1.4887555889	0.815635796854	2.30439138575
2813	T	-1.09425282466	1.0	-1.85088211025	0.573085476074	1.66733830073	-0.699750060419	0.330535155293	1.03028521571
2904	A	-0.616430212797	1.0	-1.0467297969	1.05311560888	1.66954582168	-0.674020828986	1.26051557152	1.93453640051
2905	A	-0.736475967993	1.0	-1.24876098872	1.13832286009	1.87479882808	-0.726325921875	1.79353966407	2.51986558594
2906	C	-0.767703537496	1.0	-1.30131547574	1.07722650437	1.84493004187	-0.809081153117	0.360913344677	1.16999449779
2987	A	-0.704074039016	1.0	-1.19423011157	2.08596928661	1.8617731999	-0.260013123491	2.90341394016	3.16342706365
2988	T	-1.10911041238	1.0	-1.8758867108	1.42059190232	2.5297023147	-1.14813495454	1.26852463307	2.41665958761
2989	T	-1.38171257821	1.0	-2.33466295292	0.536560359021	1.91827293723	-1.91918315912	0.0898371337302	2.00902029285
2990	C	-1.49850139004	1.0	-2.53121286679	0.170578221998	1.66907961204	-1.07781962096	0.251319310266	1.32913893122
3164	T	1.06196607149	1.0	1.77792985967	1.32249679098	0.260530719496	0.540374485817	0.741854917174	0.201480431357
3165	A	0.783145742236	1.0	1.30868874966	0.974681875212	0.191536132976	1.58355765716	1.90313866479	0.319581007636
3166	C	0.904531370445	1.0	1.51297488286	1.09109535423	0.186563983786	0.225505083732	0.279052043668	0.053546959936
3249	A	1.56585554551	1.0	2.62595143953	2.28559115937	0.321032894949	1.78551301592	1.86068646245	0.0751734465325
3250	A	1.09538025406	1.0	1.83416431059	1.554044176	0.458663921934	1.3461980751	1.91309041846	0.566892343366
3253	T	7.17155654981	1.0	12.0600747285	7.67421551668	0.502658966876	1.08873131697	1.41776461947	0.329033302499
3254	T	7.35700356877	1.0	12.3721730796	7.68627267535	0.329269106587	20.9368257973	21.3964169006	0.459591103281
3255	T	6.98650599193	1.0	11.7486436021	7.23215087653	0.245644884604	0.0454535920181	0.244636505998	0.19918291398
3345	G	-0.913851703407	1.0	-1.54727576057	1.37690301951	2.29075472292	-0.575248070872	0.606453831885	1.18170190276
3346	A	-1.30636067105	1.0	-2.2078493427	1.9808301662	3.28719083724	-1.49669171677	2.94558253782	4.44227425459
3347	G	-1.67191697114	1.0	-2.82306289073	2.66801833335	4.33993530449	-1.84714222551	2.39045412889	4.23759635439
3501	T	1.06450889979	1.0	1.78220931654	1.78479240688	0.720283507091	0.77425520282	1.23896536194	0.46471015912
3502	G	1.51511195062	1.0	2.54055242701	2.25256581749	0.737453866866	1.35476259676	2.33061945182	0.975856855062
3503	T	1.77590352755	1.0	2.97945202004	2.59488363677	0.818980109217	2.41631805229	3.1881126387	0.771794586417
3504	A	1.34720195356	1.0	2.25796803435	1.93515829023	0.587956336672	1.5566299336	2.26591881977	0.709288886173
3534	G	0.638843541471	1.0	1.06583513477	0.868262340783	0.229418799312	0.205162732302	0.347808731493	0.142645999191
3535	A	0.854923939072	1.0	1.4294879785	1.32069529668	0.465771357608	1.34914626094	1.80231513721	0.453168876273
3536	A	0.869436803355	1.0	1.45391242619	1.34379243712	0.474355633766	1.01046282397	1.81196202133	0.801499197359
3558	A	-0.814157982676	1.0	-1.37949605705	0.583411236813	1.39756921949	-0.801689525511	0.276693780082	1.07838330559
3559	A	-1.04876051689	1.0	-1.77432075962	0.479235184825	1.52799570172	-1.63516450485	1.09950838984	2.73467289469
3560	T	-0.845863346421	1.0	-1.43285464864	0.456198238358	1.30206158478	-0.709427520323	0.0615033845511	0.770930904874
4164	A	0.670402056606	1.0	1.11894658727	1.9027819748	1.23237991819	1.26515557554	2.55188989243	1.2867343169
4166	A	-0.66909272604	1.0	-1.13535825609	2.12637094712	2.79546367316	-0.741301874623	2.52744054805	3.26874242267
4167	G	-1.17843211226	1.0	-1.99255177423	2.05553873281	3.23397084508	-1.8479698509	1.01311386989	2.86108372079
4168	A	-1.5468562991	1.0	-2.61259183677	1.5430580591	3.08991435821	-0.946024611266	2.6260617805	3.57208639176
4169	C	-0.946965008622	1.0	-1.60300384946	1.66577177794	2.61273678656	-1.84657443515	0.989998526916	2.83657296207
4170	T	-0.639982701551	1.0	-1.08636749476	1.28886765769	1.92885035924	-0.0482959794489	1.38125502641	1.42955100586
4175	G	-0.927958663001	1.0	-1.57101709032	0.419889924323	1.21953836486	-0.491699651771	0.158396468961	0.650096120732
4176	A	-1.08507145084	1.0	-1.8354303028	0.729426093821	1.81449754466	-1.36421767423	0.681383379684	2.04560105391
4177	A	-1.00451204109	1.0	-1.69985271792	0.718052818536	1.72256485962	-1.39929702652	1.34849843282	2.74779545933
4178	C	-0.824659224515	1.0	-1.39716913846	0.736387537962	1.04122125356	-0.250021422513	0.124276643107	0.374298065621
4203	A	-0.746598648267	1.0	-1.26579696934	0.851088642581	1.08494979303	-0.187969254984	0.904719957697	1.09268921268
4204	G	-0.590431529731	1.0	-1.0029752725	0.609101841366	1.1995333711	-1.30522804155	0.797457327466	2.10268536902
4205	T	-0.637212302453	1.0	-1.08170504726	0.424599367216	1.06181166967	-0.27809729266	0.125128238936	0.403225531596
4521	A	0.970777478742	1.0	1.62446387462	1.25243604364	0.281658564903	1.43718429825	1.95367828358	0.51649398533
4522	A	0.915883865393	1.0	1.53208058202	1.22334483604	0.307460970647	1.28575205606	1.57702627316	0.291274217098
4523	C	0.655233648965	1.0	1.09341889186	0.858178112271	0.202944463306	0.0247152418697	0.139329951383	0.114614709513
4797	A	-0.962435683075	1.0	-1.62904024528	0.140895062927	1.103330746	-0.499567331814	0.272653299807	0.772220631621
4798	G	-0.962435683075	1.0	-1.62904024528	0.140895062927	0.781879350671	-1.42530403434	0.0091368260457	1.43444086038
4800	T	-0.602516085434	1.0	-1.02331299446	0.861722897036	1.02248484165	-0.243600189188	0.545908267358	0.789508456546
4801	C	-0.728650624792	1.0	-1.23559131511	0.609948583472	1.33859920826	-0.96143198168	1.17753752671	2.13896950839
4802	C	-1.3201723588	1.0	-2.23109374423	0.736731075537	2.05690343433	-0.98091970351	0.106399956345	1.08731965985
4803	G	-1.49954254735	1.0	-2.53296508412	0.51632784995	1.49981503754	-2.0181653912	0.926255743554	2.94442113475
4805	T	-0.71723565584	1.0	-1.21638047523	0.00737792679727	0.59615895033	-0.71723565584	0.00737792679727	0.724613582637
4807	C	0.798536054103	1.0	1.33458989913	0.862467046652	0.0639309925485	0.798536054103	0.862467046652	0.0639309925485
4809	A	-0.854397020076	1.0	-1.44721640809	1.56514850222	2.4195455223	-0.395239907642	1.4275615008	1.82280140844
4810	A	-0.953056219764	1.0	-1.6132550628	1.28931351487	2.24236973463	-1.31355413251	1.70273550364	3.01628963616
4811	G	-1.23196437582	1.0	-2.08264398107	1.22018952191	2.45215389773	-1.15037461914	0.737643540169	1.88801815931
4821	T	1.68842155304	1.0	2.83222409396	2.18622969944	0.497808146403	0.713470030844	0.794599434694	0.08112940385
4822	A	1.12691592999	1.0	1.88723732581	1.8366638823	0.709747952302	2.66337307523	3.57785996419	0.914486888957
4823	T	0.934192750757	1.0	1.56289354933	2.04213720312	1.10794445237	0.00390468390594	1.137532248	1.1336275641
4947	A	2.57294024422	1.0	4.32082621126	3.40251579486	1.92395594698	3.15805438148	4.79286652934	1.63481214786
4948	A	1.63750631393	1.0	2.74653621252	3.11566563926	1.47815932533	1.98782610695	4.20092585305	2.21309974609
4949	C	0.87723228016	1.0	1.46703183609	2.27706519422	1.39983291406	-0.233361546633	0.35320453539	0.586566082023
5064	A	0.727508769458	1.0	1.21505441915	0.867903376614	0.445620661312	0.417863871354	0.699463203429	0.281599332075
5065	A	0.625742214928	1.0	1.04378623674	1.2675567399	0.641814524973	1.03715366756	1.64679565811	0.609641990549
5066	T	0.668636511296	1.0	1.11597526002	1.48232077691	0.813684265611	0.422209105868	1.45641135816	1.03420225229
5288	G	-5.31118376317	1.0	-8.94777264088	1.88327750702	4.85740544701	-0.802167890718	0.140552266244	0.942720156961
5289	C	-3.64241073519	1.0	-6.13930845857	1.26624911887	4.90865985405	-9.82019963563	3.6260027478	13.4462023834
5290	C	-5.06253215742	1.0	-8.52930403136	1.82909754518	6.8916297026	-0.304864679214	0.0321923425528	0.337057021767
5318	T	-0.613344584445	1.0	-1.04153683383	0.287499545372	0.600746916699	-0.606253278057	0.00448145843218	0.61073473649
5319	T	-0.698419174963	1.0	-1.18471324925	0.381439061553	1.07985823652	-0.620435890832	0.570517632312	1.19095352314
5320	G	-0.744502123417	1.0	-1.26226861956	0.569917863114	1.05226647942	-0.868568356001	0.569318093915	1.43788644992
5343	A	1.24685450629	1.0	2.08908814073	1.49195708475	0.245102578459	1.11230204059	1.24417452467	0.131872484073
5344	A	0.854401756242	1.0	1.42860917009	1.07526711158	0.220865355333	1.381406972	1.73973964484	0.358332672844
5345	C	0.725451614067	1.0	1.21159232626	0.99081340503	0.265361790963	0.0694962561395	0.241887165222	0.172390909082
5395	A	-1.32352832434	1.0	-2.2367416717	3.83636951636	2.11721018684	-1.50773119063	1.14269635969	2.65042755032
5396	A	-1.283382104	1.0	-2.16917752728	0.585847680408	1.86922978441	-1.13932545804	0.444667365305	1.58399282335
5397	C	-1.17120756069	1.0	-1.98039320385	0.307423340766	1.47863090146	-1.20308966334	0.170179316227	1.37326897957
5399	T	-1.03305445585	1.0	-1.74788821957	0.161570595642	1.19462505149	-0.563334082771	0.087563480054	0.650897562825
5400	A	-1.03305445585	1.0	-1.74788821957	0.161570595642	1.19262120681	-1.50277482893	0.235577711229	1.73835254016
5428	G	-0.787731761319	1.0	-1.33502200641	0.222999354904	1.01073111622	-0.574029753928	0.206407516475	0.780437270403
5429	A	-0.933123421358	1.0	-1.57970912849	0.2706810847	1.20380450606	-1.47934086402	0.317292521664	1.79663338569
5430	C	-1.11267025507	1.0	-1.88187775363	0.302817868813	0.958386275312	-0.745999646124	0.288343215963	1.03434286209
5524	G	-0.728027807198	1.0	-1.23454314327	0.405791434227	1.13381924142	-1.02616731366	0.117590341956	1.14375765561
5525	T	-1.26103882179	1.0	-2.13157486546	0.436995341648	1.69803416343	-1.01068965301	0.257407406664	1.26809705967
5526	A	-1.37847457585	1.0	-2.32921355178	0.596697841493	2.19467217229	-1.74625949869	0.935988276322	2.68224777501
5868	T	-0.648004989358	1.0	-1.09986861659	1.63190672017	2.27991170953	-0.0990580448628	1.04129643877	1.14035448363
5869	G	-0.990912321181	1.0	-1.676965048	1.69324586102	2.6841581822	-1.64483145267	3.72869612834	5.373527581
5870	G	-1.43683945934	1.0	-2.4274388239	2.01922057214	2.34826321965	-1.22884746601	0.309745015947	1.53859248196
5947	A	-0.618225066087	1.0	-1.04975044806	0.584710931204	1.20293599729	-0.587411232172	0.0394624434176	0.62687367559
5948	A	-0.695918098021	1.0	-1.18050405789	0.34102876241	1.03694686043	-1.02079164578	0.894584508435	1.91537615421
5949	G	-0.750171530945	1.0	-1.27180995785	0.491811921907	1.24198345285	-0.479551416113	0.0890393353789	0.568590751492
6320	G	0.762507279194	1.0	1.27395521595	1.66600392935	0.903496650157	-0.0650767973724	0.202450061364	0.267526858736
6321	A	1.22298848115	1.0	2.04892277633	2.76408566218	1.54109718103	2.49812120955	4.76806492142	2.26994371187
6322	T	1.14344782795	1.0	1.91505970938	2.95815510809	1.81470728014	1.23592103128	3.32174200375	2.08582097247
