Nuc	Seq	DeltaSHAPE	Z-factor	Std_Score	Smoothed_Data1	Smoothed_Data2	Unsmoothed_Diff	Data1	Data2
4	C	-2.60739657592	1.0	-7.2413948448	3.23046464572	5.83786122165	-2.60739657592	3.23046464572	5.83786122165
6	A	2.27911934448	1.0	6.38619220401	7.49083979127	5.21172044679	4.07067457783	9.30668372248	5.23600914466
7	A	1.82379572544	1.0	5.11637903755	6.2396879354	4.41589220996	0.487564111133	5.67499586007	5.18743174893
8	A	0.771792891525	1.0	2.18253815208	4.17822429083	3.40643139931	0.913148487365	3.73738422366	2.8242357363
9	G	0.773268827225	1.0	2.18665426314	2.67944583417	1.90617700695	0.914666076076	3.12229278877	2.20762671269
10	C	0.703328997155	1.0	1.99160504239	2.15047663942	1.44714764227	0.491991918234	1.17866049008	0.686668571847
12	G	2.53209065771	1.0	7.09168230125	5.00426595612	2.47217529841	0.591164087216	2.41044987646	1.81928578925
13	T	2.01671280205	1.0	5.65438900162	5.31320172963	3.29648892757	4.4730172282	7.59808203578	3.12506480758
14	T	2.29970719572	1.0	6.44360790459	5.83837846774	3.53867127202	0.985957090751	5.93107327663	4.94511618588
15	G	1.70018125588	1.0	4.77164119737	4.33714011203	2.63695885615	1.44014726822	3.9859800908	2.54583282258
16	A	1.36524237382	1.0	3.83755874565	2.40057650486	1.03533413104	2.67443940867	3.09436696865	0.419927559974
17	A	0.87966211719	1.0	2.48336542586	1.1140563995	0.234394282309	-0.0188595554323	0.121382455138	0.140242010571
77	T	0.431125711796	1.0	1.23248054006	0.762198129832	0.331072418036	0.37495596354	0.800052738474	0.425096774934
78	G	0.609919299867	1.0	1.73110271277	1.11566242688	0.505743127015	0.62869913449	1.12815506092	0.499455926426
79	T	0.584889738704	1.0	1.66129990662	1.05815279303	0.47326305433	0.826102801572	1.41877948126	0.592676679684
80	A	0.529147230375	1.0	1.50584438433	0.991584896427	0.462437666052	0.29986728005	0.62752383693	0.32765655688
123	C	-0.847082527047	1.0	-2.33220528622	1.66911071923	2.51619324628	-1.45296570312	2.31942915963	3.77239486275
124	A	-0.744712932684	1.0	-2.04671546462	1.36563007893	2.11034301161	-0.241199350973	1.01879227883	1.2599916298
125	G	-0.390586547465	1.0	-1.05912262353	0.888730538582	1.27931708605	-0.539973743957	0.758668798334	1.29864254229
404	G	0.433038786927	1.0	1.23781575196	0.531866486812	0.0988276998854	0.0758867420829	0.160428049688	0.0845413076048
405	A	0.393970310026	1.0	1.12886101232	0.513454177219	0.119483867193	1.11802460974	1.18752846662	0.069503856887
406	T	0.553012093997	1.0	1.57239906495	0.689967240984	0.0975262846171	-0.0120004217434	0.192406015344	0.204406437087
473	A	0.877117306508	1.0	2.47626842063	1.03415420062	0.157036894115	0.929240501492	1.06032663287	0.131086131378
474	A	0.733725382093	1.0	2.07637492516	0.877829406417	0.144104024324	0.824994111525	1.00798176838	0.182987656851
475	G	0.789190984898	1.0	2.23105820927	0.968436590589	0.179245605691	0.446941533262	0.565179818005	0.118238284743
476	A	0.725218706927	1.0	2.05265138507	0.865817357851	0.140598650925	1.09563730991	1.33214818539	0.236510875479
477	G	0.778150862315	1.0	2.20026935398	0.921275875529	0.143125013214	0.633077277611	0.700124070162	0.0670467925513
478	T	0.596990316727	1.0	1.69504617554	0.732374878045	0.135384561318	0.605737999425	0.731555371037	0.125817371612
479	G	0.426202288355	1.0	1.21875002478	0.625564012697	0.199361724342	0.552155673144	0.765445192936	0.213289519792
483	T	-0.597735647653	1.0	-1.63682306305	0.287508773861	0.885244421514	-0.361669511083	0.3502127827	0.711882293783
484	G	-0.952940409189	1.0	-2.62742329578	0.394583027341	1.34752343653	-0.833801784222	0.224804765023	1.05860654924
485	G	-1.24857585824	1.0	-3.45189575884	0.416768149661	1.23681579711	-1.66334993226	0.6087315343	2.27208146656
487	A	-1.63699411597	1.0	-4.53512227538	0.627758993098	1.63642186455	-2.12774109479	0.454205853672	2.58194694846
488	T	-1.57219277111	1.0	-4.35440333733	0.597629371894	2.16982214301	-1.14624713714	0.801312132525	1.94755926967
489	G	-0.89025036334	1.0	-2.45259237927	1.27486190508	2.16511226842	-1.4425900814	0.537370129486	1.97996021089
490	G	-0.637415652801	1.0	-1.7474832416	1.09615431516	1.73356996796	-0.0819138714757	2.48590345324	2.56781732471
491	T	-0.398386112909	1.0	-1.08087416569	1.06688887091	1.46527498382	-0.387743005527	0.265189362746	0.652932368274
536	A	-0.699202198522	1.0	-1.91979446374	1.1211373037	1.82033950222	-0.867763152929	1.86764285746	2.73540601039
537	G	-0.621320054045	1.0	-1.70259560044	1.07345103231	1.69477108636	-1.00820686716	1.24722320348	2.25543007064
538	C	-0.498098504603	1.0	-1.35895354163	0.676355119739	1.17445362434	0.0120098579514	0.105487035998	0.0934771780463
542	T	-1.34843322621	1.0	-3.73037944674	0.0663909124459	0.827575123472	-1.34843322621	0.0663909124459	1.41482413866
545	G	0.407204322117	1.0	1.16576821875	0.792539913069	0.385335590952	0.016327225007	0.256702731194	0.240375506187
546	G	0.546251976506	1.0	1.55354635045	1.12788150133	0.581629524826	1.32907668702	2.08168529124	0.75260860423
547	C	0.535934188101	1.0	1.52477195128	1.04691249929	0.510978311192	0.293352017497	1.04525648156	0.751904464061
594	C	-0.432548447567	1.0	-1.1761465841	0.169775071126	0.738805945801	-0.432548447567	0.169775071126	0.602323518694
597	A	-1.36696773403	1.0	-3.78206875315	0.456327546523	1.82329528056	-1.26681017226	0.5115218356	1.77833200786
598	A	-1.19161468159	1.0	-3.2930415965	0.342849424214	1.5344641058	-1.46712529581	0.401133257446	1.86825855325
599	C	-1.15401693625	1.0	-3.18818845457	0.258513218521	1.41253015477	-0.840908576699	0.115893179595	0.956801756294
601	C	-0.984294851641	1.0	-2.71486502335	0.0563373004462	1.04063215209	-0.984294851641	0.0563373004462	1.04063215209
704	C	-1.17684128913	1.0	-3.2518413436	0.182468006412	1.01381074712	-0.779214899764	0.092582504042	0.871797403806
705	T	-1.0840039833	1.0	-2.99293530766	0.140076485199	1.2240804685	-1.5744676785	0.272353508783	1.84682118728
706	G	-1.05907017981	1.0	-2.9233995519	0.166392044932	1.22546222474	-0.898329371653	0.0552934427709	0.953622814424
707	G	-0.80137143047	1.0	-2.2047255117	0.113411313007	0.828694404683	-0.704413489288	0.171529183244	0.875942672532
740	A	0.355341875842	1.0	1.02113347025	2.17220208868	1.81686021283	0.231869840864	1.89288454204	1.66101470117
742	G	0.707787632846	1.0	2.0040393508	2.5555489449	1.84776131206	0.0428802462987	2.19717960892	2.15429936262
743	A	0.669362681582	1.0	1.89687928487	2.05762739179	1.38826471021	1.60166874142	3.01794759047	1.41627884905
744	T	0.654840883492	1.0	1.85638068202	1.35729332177	0.702452438274	0.36353905703	0.957754975985	0.594215918955
747	A	0.397928782399	1.0	1.13990045796	2.14815334784	1.75022456544	0.169193284389	2.15800308357	1.98880979918
748	G	0.381642995902	1.0	1.09448241845	1.77076154874	1.38911855284	0.594092707416	1.38352001392	0.789427306503
762	A	0.449459243676	1.0	1.28360936184	1.46784501855	1.01838577488	0.361128247113	1.58085842869	1.21973018158
763	G	0.654664701905	1.0	1.85588934424	1.54996610793	0.895301406024	0.80969540812	2.23872355433	1.42902814621
764	T	0.801432929301	1.0	2.26519872282	1.53451994755	0.733087018246	0.793170450483	0.830316340763	0.0371458902794
781	G	0.727228139264	1.0	2.05825531936	1.54923541879	0.822007279526	0.588759398135	1.45494028646	0.866180888325
782	T	0.790826172758	1.0	2.23561844509	1.61208907348	0.821262900723	0.865696880393	1.64353055112	0.777833670727
783	G	0.942554347236	1.0	2.65876019662	1.76539788603	0.822843538792	0.918022239746	1.73779638286	0.819774143116
784	A	0.784084780763	1.0	2.21681795252	1.6974437904	0.913359009636	1.04394392157	1.9148667241	0.870922802533
785	A	0.52309043585	1.0	1.4889531072	1.54931397264	1.02622353679	0.390288180975	1.43966826423	1.04938008326
847	A	0.393280322261	1.0	1.12693676436	0.791889128484	0.398608806224	0.277751600433	0.532515068358	0.254763467925
848	A	0.365096915944	1.0	1.04833846872	0.86007485027	0.494977934327	0.766357234103	1.64867313304	0.882315898941
849	C	0.408769573699	1.0	1.17013341525	1.02385474123	0.615085167528	0.0511819132957	0.399036349409	0.347854436114
879	A	0.486834410355	1.0	1.38784177317	1.91201135534	1.42517694499	0.474791840126	1.92481083816	1.45001899803
880	A	0.619135131927	1.0	1.75680395997	2.33753336991	1.71839823798	0.794978522643	2.81714702548	2.02216850284
881	A	0.682326160692	1.0	1.93303202496	2.35284494076	1.67051878007	0.587635033013	2.27064224609	1.68300721307
882	A	0.41122812716	1.0	1.17698986509	1.48882820271	1.07760007555	0.664364926419	1.97074555071	1.30638062429
962	T	-0.730538619365	1.0	-2.00718593239	0.693918936298	1.42445755566	-0.724734205905	0.189914308608	0.914648514513
963	C	-0.553654139212	1.0	-1.51388790775	1.22581959617	1.77947373538	-0.736343032825	1.19792356399	1.93426659681
964	G	-0.597877106071	1.0	-1.63721756435	2.01717059691	2.61504770298	-0.199885178905	2.2896209159	2.48950609481
965	A	-0.725058231636	1.0	-1.99190214695	2.21852397185	2.94358220349	-0.857403106482	2.56396731084	3.42137041732
966	A	-0.987644758001	1.0	-2.72420729118	2.18297549983	2.30254130559	-1.11788640952	1.80198368881	2.91987009833
998	C	-0.405112248457	1.0	-1.09963211085	0.123180158272	0.528292406729	-0.405112248457	0.123180158272	0.528292406729
1000	A	-0.496495234803	1.0	-1.35448231937	0.285085313827	0.78158054863	-0.361097848913	0.31344296908	0.674540817994
1001	A	-0.496495234803	1.0	-1.35448231937	0.285085313827	0.575055360499	-0.631892620693	0.256727658574	0.888620279267
1015	A	-0.392581565456	1.0	-1.06468635888	0.134234200839	0.526815766295	-0.40530120504	0.179099303027	0.584400508067
1016	A	-0.596335769995	1.0	-1.63291906376	0.0761823250494	0.672518095044	-0.621712349775	0.0278824528497	0.649594802625
1017	C	-0.691853052472	1.0	-1.89929905778	0.0247238360606	0.491321174588	-0.76199375517	0.0215652192715	0.783558974441
1020	T	-0.465950083496	1.0	-1.26929755477	0.464092988012	0.651457172095	-0.726663407875	0.449689106146	1.17635251402
1032	T	-0.451611932456	1.0	-1.2293111095	0.214405566862	0.451874175447	-0.242648324289	0.103283456061	0.34593178035
1033	A	-0.405438522842	1.0	-1.10054202963	0.291049492672	0.696488015513	-0.660575540623	0.325527677664	0.986103218286
1034	G	-0.388758822331	1.0	-1.05402543696	0.375912973425	0.764671795756	-0.313091703613	0.444337344291	0.757429047904
1306	A	0.402637111537	1.0	1.1530311151	1.31580115979	0.913164048257	0.489151661699	1.392662922	0.903511260302
1307	G	0.440163341686	1.0	1.25768481445	1.33499766768	0.894834325989	0.404223321733	1.3228508261	0.918627504365
1308	T	0.416151086606	1.0	1.19071908637	1.50370825061	1.08755716401	0.427115041627	1.28947925493	0.862364213301
1309	T	0.459788818923	1.0	1.31241663233	1.71810084779	1.25831202887	0.417114896457	1.89879467082	1.48167977436
1310	G	0.422209856671	1.0	1.20761587292	2.46850358382	2.04629372715	0.535136518684	1.96602861763	1.43089209895
1311	T	0.37483418891	1.0	1.07549391795	2.37346859451	1.9986344056	0.314378154872	3.54068746303	3.22630930815
1315	A	0.39380924187	1.0	1.1284118231	0.848344636162	0.454535394292	0.16450397763	0.292457587614	0.127953609984
1316	G	0.414276465985	1.0	1.18549111698	0.691899321332	0.613039001253	0.664048954341	1.76217334686	1.09812439252
1319	A	0.408956222124	1.0	1.1706539431	0.537929555923	0.229221282003	0.761092066706	0.882837061834	0.121744995128
1322	A	0.420003801332	1.0	1.20146359354	2.41364002778	1.99363622645	0.773485178192	3.00289517543	2.22940999724
1323	A	0.625984085493	1.0	1.77590442182	1.65109949237	1.02511540687	0.649019207957	1.15972568652	0.510706478565
1324	G	0.552233539143	1.0	1.57022781979	0.975201650835	0.422968111692	0.45544787033	0.790677615148	0.335229744818
1337	C	-0.727414247217	1.0	-1.99847263765	0.242226108251	0.598749662754	-0.727414247217	0.242226108251	0.969640355467
1340	T	-1.21386725349	1.0	-3.3550998944	1.35978648134	2.57365373483	-0.672855057872	2.11766281917	2.79051787704
1341	G	-0.917152483017	1.0	-2.52761740398	0.948531496993	1.86568398001	-1.75487944911	0.60191014351	2.35678959262
1342	G	-0.681576164399	1.0	-1.87063872205	0.265034570975	0.946610735373	-0.323722942071	0.126021528302	0.449744470373
1379	T	-0.488153498513	1.0	-1.33121876323	1.31359142884	1.80174492735	-0.421091710998	0.203861838168	0.624953549165
1380	T	-1.044701428	1.0	-2.88332776676	1.16377340955	2.20847483756	-1.11350125233	1.83302786622	2.94652911855
1381	T	-1.37039156971	1.0	-3.79161719616	1.18858678347	2.55897835319	-1.59951132068	1.45443052427	3.05394184495
1382	C	-1.4988367284	1.0	-4.14982693282	0.866366242103	1.58639066012	-1.39816213612	0.278301959933	1.67646409605
1395	T	-1.51079295281	1.0	-4.18317062627	3.06641715554	3.14642446865	-1.84257833348	4.51019859091	6.35277692439
1396	C	-1.51079295281	1.0	-4.18317062627	3.06641715554	3.10042932817	-1.17900757214	1.62263572018	2.80164329231
1398	T	-0.381174338784	1.0	-1.03287371834	0.0515136158986	0.265960062632	-0.381174338784	0.0515136158986	0.432687954683
1478	G	-0.373249930742	1.0	-1.01077401332	0.430580476693	0.803830407435	-0.205698996002	0.311555109809	0.517254105811
1479	T	-0.385306504263	1.0	-1.04439756185	0.357885916889	0.743192421152	-0.364579920426	0.604301545974	0.9688814664
1480	A	-0.505966896389	1.0	-1.38089702769	0.522531655986	1.02849855238	-0.585640596362	0.157801094883	0.743441691245
1481	T	-0.536059954834	1.0	-1.4648209891	0.612021703042	1.14808165788	-0.567680172379	0.805492327101	1.37317249948
1546	G	0.396351310498	1.0	1.13550118125	1.10187804772	0.705526737223	0.0299927297063	0.429351503214	0.399358773508
1547	A	0.526087858134	1.0	1.49731236229	1.24459938904	0.718511530902	1.26862297564	2.23529388694	0.966670911306
1548	C	0.497930013689	1.0	1.41878535399	1.12075057157	0.622820557884	0.27964786906	1.06915277695	0.789504907892
1788	A	-0.403708350087	1.0	-1.09571689855	0.537115677384	0.940824027471	-0.46071839838	0.860011597907	1.32072999629
1789	T	-0.449347165153	1.0	-1.22299509333	0.365844784105	0.815191949258	-0.576495012857	0.104990894495	0.681485907352
1790	C	-0.44366154854	1.0	-1.20713896259	0.118761377205	0.562422925744	-0.310828084222	0.132531859914	0.443359944136
1817	T	-0.542302462758	1.0	-1.48223018648	0.725324544455	1.26762700721	-0.672987076922	1.12981149607	1.80279857299
1818	G	-0.727769810197	1.0	-1.99946423689	1.00568351448	1.73345332468	-0.67370449702	0.446629458894	1.12033395591
1819	G	-0.950038960595	1.0	-2.61933169351	0.950111003518	1.90014996411	-0.836617856648	1.44060958848	2.27722744512
1820	T	-1.12120179477	1.0	-3.09667310817	1.01057859395	2.13178038872	-1.33979452812	0.963093963185	2.3028884913
1821	C	-1.02546049941	1.0	-2.82966838375	0.777371366708	1.80283186611	-1.18719299954	0.628032230193	1.81522522973
1822	G	-0.554259792626	1.0	-1.51557696285	0.503455415927	1.05771520855	-0.549393970567	0.740987906746	1.29038187731
2454	A	1.08379146434	1.0	3.05264433396	1.71802321298	0.634231748639	0.312284312378	0.651791721569	0.339507409191
2455	A	1.3077002334	1.0	3.67708438307	2.03146790384	0.723767670436	1.85529861631	2.78425470439	0.928956088087
2456	A	1.70257940709	1.0	4.77832919654	2.55954082846	0.856961421362	1.75551777152	2.65835728555	0.902839514029
2457	G	1.62621980249	1.0	4.5653764147	1.75905227768	0.820964088	1.49692183346	2.23601049543	0.739088661971
2459	C	0.826453281605	1.0	2.33497584717	0.995106297212	0.474811638179	0.474782064806	0.964442781992	0.489660717186
2460	G	1.22926108763	1.0	3.45833214641	1.81100957363	0.581748486001	1.1781244984	1.63808705757	0.459962559172
2461	T	1.65095749138	1.0	4.63436524319	2.81403859216	1.16308110078	2.03487669967	2.83049888132	0.795622181645
2462	A	1.43068295089	1.0	4.02006038385	3.00072178748	1.57003883658	1.73987127607	3.97352983758	2.23365856151
2463	A	0.825147516906	1.0	2.33133431149	2.29375912525	1.46861160835	0.517300876935	2.19813664353	1.68083576659
2464	C	0.367785637322	1.0	1.05583681422	1.45387376909	1.08608813177	0.21827039771	0.709610894652	0.491340496942
2564	G	0.418105180297	1.0	1.19616869143	1.70603349451	0.866201620686	-0.156052371291	0.17546604939	0.331518420681
2565	G	0.661832445238	1.0	1.87587885165	1.69968000631	1.03784756107	0.992262731886	3.23660093962	2.24433820774
2566	G	0.779169947009	1.0	2.20311139228	1.76967724342	0.990507296413	1.14928697512	1.68697302993	0.537686054808
2567	C	0.672623554571	1.0	1.90597325514	1.03621539532	0.363591840751	0.195960134022	0.385457760716	0.189497626695
2590	C	-0.609103240851	1.0	-1.66852517317	0.289791948569	0.89889518942	-0.623644433231	0.411903445111	1.03554787834
2591	C	-0.691399997354	1.0	-1.89803557104	0.373491465867	1.06489146322	-0.975963981866	0.239448145716	1.21541212758
2592	A	-0.488833618638	1.0	-1.33311549218	0.26963104875	0.758464667388	-0.474591576964	0.469122806774	0.943714383739
2595	C	-0.634391391284	1.0	-1.73904913686	0.171753145496	0.560764278494	-0.688937779493	0.130625931238	0.819563710731
2596	G	-0.467449175083	1.0	-1.27347824331	0.128844326771	0.596293501854	-0.579845003075	0.212880359753	0.792725362828
2608	A	-0.700896453232	1.0	-1.92451942605	0.652213904694	1.35311035793	-0.540424813275	0.333778957494	0.874203770769
2609	A	-0.479168505396	1.0	-1.30616128305	0.650887498969	1.13005600437	-0.861368093189	0.970648851895	1.83201694508
2610	G	-0.744182812356	1.0	-2.0452370573	0.974312322318	1.71849513467	-0.0357126097239	0.648234687519	0.683947297243
2611	T	-0.549167403601	1.0	-1.50137523387	0.741654082154	1.29082148575	-1.33546773416	1.30405342754	2.6395211617
2612	G	-0.546806055462	1.0	-1.49478987166	0.52724607134	1.0740521268	-0.276321866922	0.272674131401	0.548995998323
2740	A	-0.638745585957	1.0	-1.75119217863	0.796232351179	1.43497793714	-0.675103867154	0.840289240432	1.51539310759
2741	C	-0.878348484535	1.0	-2.41940024563	0.743318773538	1.62166725807	-1.07668593155	0.90263151447	1.97931744602
2742	T	-0.979970793226	1.0	-2.70280602601	0.694833540091	1.67480433332	-0.883255654903	0.487035565712	1.37029122061
2894	A	0.445951962313	1.0	1.27382820429	0.922085991707	0.476134029394	0.244223160513	0.315722086634	0.0714989261211
2895	T	0.435907546123	1.0	1.24581618955	0.96239936	0.526491813877	1.06424778664	2.39287359027	1.32862580363
2896	C	0.36051777604	1.0	1.0355680964	0.896027245411	0.535509469371	-0.00074830878415	0.1786024031	0.179350711884
2909	A	0.591680628683	1.0	1.68023843989	1.16831594239	0.576635313703	0.56376752376	1.12680857057	0.563041046808
2910	G	0.570180861613	1.0	1.62027957512	1.28518515848	0.715004296863	0.859347120242	1.75021915407	0.890872033829
2911	C	0.550022500824	1.0	1.56406164379	1.36035826801	0.810335767186	0.287427940838	0.978527750792	0.691099809954
2926	A	0.386453272152	1.0	1.10789738719	0.77517056828	0.388717296128	0.257918246388	0.711787385027	0.453869138639
2927	A	0.443827952002	1.0	1.26790473328	0.940298294012	0.49647034201	0.768183267323	1.28415405311	0.515970785785
2928	T	0.518954785935	1.0	1.47741954625	1.06498956951	0.546034783571	0.305382342296	0.824953443902	0.519571101606
2929	G	0.361664109673	1.0	1.0387650084	0.855814706207	0.494150596534	0.483298748188	1.08586121151	0.602562463323
2930	T	0.571195428597	1.0	1.62310901436	1.19078923656	0.61959380796	0.296311238537	0.656629463209	0.360318224673
2931	G	0.475002345996	1.0	1.35484433908	0.933112849562	0.458110503566	0.933976299067	1.82987703495	0.895900735885
2932	A	0.413297968053	1.0	1.18276226763	0.930442200433	0.51714423238	0.194719500384	0.312832050525	0.118112550141
2959	T	0.392197347565	1.0	1.12391654869	0.913773976235	0.521576628669	0.412343522588	1.03296905016	0.620625527568
2960	C	0.554561360704	1.0	1.5767196826	1.19585161358	0.641290252871	0.327519020461	0.904150431443	0.576631410982
2961	T	0.625670279763	1.0	1.77502927581	1.20200292268	0.651622615523	0.923821539064	1.65043535913	0.726613820063
2963	T	0.484091202637	1.0	1.38019147537	1.21628206643	0.814620408265	0.37965490239	1.34583258686	0.966177684473
2964	G	0.64605656027	1.0	1.83188283298	1.47076966169	0.824713101421	0.588527502885	1.25159063494	0.663063132056
2965	A	0.785943148619	1.0	2.22200059597	1.67744553335	0.891502384733	0.969987275536	1.81488576327	0.844898487735
2966	A	0.477138016282	1.0	1.3608003276	1.37323585498	0.896097838695	0.799314667436	1.96586020184	1.16654553441
2986	T	-1.1174226527	1.0	-3.08613378151	0.893206560807	1.35237810213	-0.112357635286	0.0584718154332	0.170829450719
2987	A	-1.1443092792	1.0	-3.16111559864	0.94529816454	2.08960744374	-2.12248767011	1.72794130618	3.85042897629
2988	T	-1.66028510116	1.0	-4.60007651545	1.38871133909	2.75497691499	-1.19808253221	1.04948137201	2.24756390422
2990	C	-1.01371072723	1.0	-2.79690044731	0.25725359041	1.71895109106	-1.01371072723	0.25725359041	1.27096431764
3164	T	-0.567297167315	1.0	-1.55193578401	0.470200490487	1.0374976578	-0.406022691329	0.276427984483	0.682450675812
3165	A	-0.45323315198	1.0	-1.23383239022	0.368509080106	0.821742232085	-0.7285716433	0.663972996491	1.39254463979
3166	C	-0.476838382305	1.0	-1.2996630017	0.414549627917	0.891388010222	-0.22510512131	0.165126259343	0.390231380653
3236	G	0.883907618793	1.0	2.49520534281	1.36747762587	0.483570007072	-0.0681572972108	0.046285292928	0.114442590139
3237	A	1.46592062347	1.0	4.11833172038	2.02756607744	0.51295717272	2.99999854416	4.00884686195	1.0088483178
3239	C	-5.06916626453	1.0	-14.1068141481	0.0580033905879	2.77137513267	-5.06916626453	0.0580033905879	5.12716965511
3273	G	0.778919103629	1.0	2.20241183659	1.37916207407	0.60024297044	0.629493196562	1.09157696028	0.462083763715
3274	A	1.01002834378	1.0	2.84693266476	1.70406972763	0.694041383851	1.71636839817	2.81315877643	1.09679037826
3275	G	1.18955147792	1.0	3.34758940624	2.2438391894	1.05428771148	0.684223436594	1.20747344617	0.523250009578
3276	T	0.831311238822	1.0	2.34852378929	1.71576737877	0.884456139948	1.168062599	2.71088534561	1.5428227466
3277	A	0.693248832828	1.0	1.96349333273	1.488379534	0.795130701169	0.641647680871	1.22894334453	0.587295663664
3278	C	0.455841949741	1.0	1.30140954584	0.877126628193	0.296169386375	0.270036218611	0.525309911852	0.255273693241
3309	G	0.610300765308	1.0	1.73216654917	0.943468766841	0.333168001533	0.447317510624	0.634447953873	0.187130443249
3310	G	0.829597044031	1.0	2.34374321779	1.1993235327	0.36972648867	1.19782665306	1.83124295008	0.633416297018
3311	A	1.05749616664	1.0	2.97931162323	1.39198478291	0.334488616274	0.843646968408	1.13227969415	0.288632725743
3312	A	0.987330923428	1.0	2.78363376702	0.988701072749	0.185024775902	1.13101487845	1.21243170451	0.0814168260617
3314	A	0.7508316526	1.0	2.12408114247	0.955186320479	0.371251918325	0.786839093768	0.948185996508	0.16134690274
3315	G	0.710501583942	1.0	2.0116080573	1.0239916374	0.313490053455	0.714824211432	1.29598114534	0.58115693391
3316	A	0.491008461432	1.0	1.39948242784	0.760366624181	0.269358162749	0.629841446628	0.827807770344	0.197966323716
3346	A	0.41089595175	1.0	1.17606348945	3.06454771048	2.65365175873	0.290966561001	4.31629980559	4.02533324459
3347	G	0.502171339926	1.0	1.43061362661	2.8205761081	2.31840476817	0.995898894337	3.83623550363	2.84033660929
3348	T	0.401971403922	1.0	1.15117457997	1.3915100399	0.989538635983	0.219648564439	0.30919301507	0.0895444506313
3371	G	0.944728871927	1.0	2.66482454287	0.896044460504	0.384999025819	0.475000574856	0.732561635053	0.257561060197
3372	A	0.66600249507	1.0	1.88750834759	0.979264473888	0.313261978818	1.414457169	1.92689416044	0.51243699144
3373	A	0.761503455176	1.0	2.15384282154	1.10261589331	0.341112438129	0.108549741355	0.278337626174	0.169787884818
3406	G	0.475621253054	1.0	1.35657035613	0.91052350253	0.434902249475	0.138041948279	0.562076955797	0.424035007518
3407	G	0.805885354273	1.0	2.27761571069	1.59302760606	0.78714225179	1.1286989839	1.97864670149	0.849947717583
3408	A	0.87853362792	1.0	2.48021827849	1.62944692373	0.75091329581	1.15091513064	2.23835916091	1.08744403027
3409	G	0.560383654079	1.0	1.59295697949	1.11555640708	0.555172753	0.355986769218	0.671334908795	0.315348139577
3501	T	-0.539224688235	1.0	-1.47364684388	1.36594863671	1.90517332494	-0.500994759109	0.922218569442	1.42321332855
3502	G	-0.42447302952	1.0	-1.15362574017	1.36378109761	1.78825412713	-0.57745461736	1.80967870398	2.38713332134
3503	T	-0.374360468208	1.0	-1.01387109645	1.34905524977	1.72341571798	-0.194969712091	1.35944601942	1.55441573151
3558	A	-0.941753244569	1.0	-2.59622436751	0.397109372354	0.991539623925	-0.727694337239	0.0854663769692	0.813160714208
3559	A	-0.825971670511	1.0	-2.27333102083	0.265061901831	1.09103357234	-1.1558121519	0.708752367739	1.86456451964
3560	T	-0.875110337147	1.0	-2.41036965284	0.354859664262	0.946525497176	-0.594408522395	0.000966960784996	0.59537548318
3744	G	0.402109935587	1.0	1.15156091911	0.553987384692	0.151877449105	0.0799676910348	0.284475738714	0.204508047679
3745	G	2.13406565814	1.0	5.9816643626	2.36914587022	0.23508021208	1.01392635731	1.1919497595	0.178023402192
3746	G	4.01886814503	1.0	11.2380290974	4.22051536861	0.201647223581	5.30830292608	5.63101211245	0.322709186369
3747	C	5.52133903889	1.0	15.4281418951	3.85391493589	0.213459134276	5.73437515169	5.83858423387	0.104209082183
3839	G	0.732943398504	1.0	2.07419411789	1.03678379819	0.303840399689	0.00261316787525	0.117591625608	0.114978457732
3840	A	0.514790278392	1.0	1.46580550672	0.795114010258	0.280323731867	1.46327362913	1.95597597078	0.492702341646
3841	G	0.906679082458	1.0	2.55871073364	1.29640717608	0.389728093627	0.0784840381676	0.311774434389	0.233290396221
3842	G	1.26823707843	1.0	3.56702895945	1.94149361335	0.673256534919	1.17827958007	1.62147112309	0.443191543014
3843	A	1.23769882507	1.0	3.48186343196	1.96002244589	0.722323620822	2.54794761704	3.89123528256	1.34328766552
3844	C	1.26740844757	1.0	3.56471806159	2.12929810729	0.649460723932	-0.0131307219039	0.367360932024	0.380491653928
3848	G	0.475062778202	1.0	1.3550128733	0.67242961731	0.197366839107	0.0743175540129	0.185208920252	0.110891366239
3849	A	0.546440461915	1.0	1.55407200131	0.732771580539	0.186331118624	1.50859145577	1.83115111947	0.322559663705
3850	C	0.782501915866	1.0	2.21240363575	1.00655291068	0.224050994816	0.0564123759649	0.181954701892	0.125542325927
3852	T	0.528013085672	1.0	1.502681465	0.981120763823	0.453107678151	0.18320552292	0.201561101979	0.0183555790593
3853	A	0.469759397195	1.0	1.3402227268	1.02073416275	0.550974765554	0.872820648424	1.76068042567	0.887859777244
3854	A	0.623356914247	1.0	1.76857772824	1.3301162251	0.706759310856	0.353252020243	1.0999609606	0.746708940359
3855	G	0.498625047158	1.0	1.42072367349	1.11483412482	0.616209077662	0.643998074074	1.12970728904	0.485709214964
4030	G	0.480238436191	1.0	1.36944682397	1.23883209766	0.758593661465	0.0770735024336	0.739338765995	0.662265263561
4031	A	0.39213738865	1.0	1.12374933439	1.31521626687	0.923078878224	0.883403369948	1.73832542932	0.854922059369
4032	G	0.601454502308	1.0	1.70749596157	1.45755891169	0.856104409383	0.215935293568	1.46798460531	1.25204931174
4033	T	0.576716911424	1.0	1.6385074064	1.41110945324	0.834392541812	0.705024843409	1.16636670045	0.461341857038
4034	A	0.738177461762	1.0	2.08879095004	1.53266825537	0.794490793608	0.809190597296	1.59897705395	0.789786456656
4035	A	0.536105996541	1.0	1.52525109317	1.29845894327	0.762352946731	0.700316944583	1.83266101171	1.13234406713
4051	G	0.396275973489	1.0	1.1352910803	0.757089764069	0.36081379058	0.526163980743	0.857481539762	0.331317559019
4052	A	0.408021118895	1.0	1.16804611355	0.628837208043	0.220816089148	0.684780782087	0.967406427269	0.282625645182
4053	C	0.348949687971	1.0	1.00330684325	0.514515042183	0.127361415526	0.0131185938558	0.0616236570977	0.0485050632419
4163	G	0.378367760958	1.0	1.08534839534	1.15092175943	0.772553998469	0.283807739918	0.581633390874	0.297825650957
4164	A	0.64321896484	1.0	1.82396930535	1.82424949376	1.18103052892	0.931493972843	2.37407243441	1.44257846157
4165	A	0.603365237132	1.0	1.71282464678	2.27811823557	1.67475299844	0.714355181759	2.517042656	1.80268747424
4171	A	-0.570178463383	1.0	-1.55997118462	0.940959746086	1.20524025532	-0.316549359479	0.667051702068	0.983601061547
4172	A	-0.777073990576	1.0	-2.13696445605	0.735498150697	1.51257214127	-0.823807567286	1.2148677901	2.03867535739
4173	T	-0.923566857062	1.0	-2.54550590411	0.525929755625	1.44949661269	-1.19086504496	0.32457495992	1.51544000488
4174	C	-0.752482646254	1.0	-2.06838375544	0.157995837496	0.91047848375	-0.756027958938	0.0383465168518	0.79437447579
4276	A	-0.42022534747	1.0	-1.14177974236	0.415895904459	0.559462825705	-0.134016968804	0.0246168566303	0.158633825435
4277	A	-0.576026158883	1.0	-1.57627932333	0.373979492218	0.950005651101	-0.706433726135	0.807174952287	1.51360867842
4278	A	-0.623642037974	1.0	-1.70907118317	0.395233727204	1.01887576518	-0.88762778171	0.290146667736	1.17777444945
4279	T	-0.450335536648	1.0	-1.22575147821	0.174087252157	0.624422788805	-0.276864606077	0.0883795615887	0.365244167666
4429	G	0.796543384087	1.0	2.25156268763	1.27159092347	0.475047539382	0.895889732593	1.29647308947	0.400583356879
4430	A	0.897885528443	1.0	2.53418714163	1.53457050001	0.636684971567	1.51189422214	2.34001234288	0.82811812074
4431	A	0.566762703576	1.0	1.610746966	1.30978936705	0.743026663478	0.285872630596	0.967226067678	0.681353437082
4442	T	-0.370383914333	1.0	-1.00278122486	0.386281866866	0.7566657812	-0.361016815366	0.320363762183	0.681380577549
4443	C	-0.524815789727	1.0	-1.43346309704	0.373701997002	0.898517786729	-0.468459428444	0.339106048397	0.807565476841
4444	A	-0.467981062531	1.0	-1.2749615788	0.414155608412	0.882136670943	-0.744971125372	0.461636180426	1.2066073058
4481	G	1.22534419771	1.0	3.44740866653	1.2804825887	0.0424815361096	0.125330920017	0.138267682928	0.0129367629109
4482	A	0.798317375197	1.0	2.25651001998	0.85448432805	0.0561669528529	2.3253574754	2.42269749447	0.0973400190752
4483	C	1.13481060279	1.0	3.19492725325	1.21259265061	0.0715011457258	-0.0557362698248	0.00248780674778	0.0582240765726
4602	T	-0.592731299659	1.0	-1.62286686419	0.27075676774	0.663192940524	-0.592731299659	0.27075676774	0.863488067399
4604	T	-0.39847105823	1.0	-1.08111106244	0.405304312558	0.690149518408	-0.348766495244	0.482685194789	0.831451690033
4605	G	-0.589664296801	1.0	-1.61431356177	0.56816560227	1.15782989907	-0.448175621216	0.327923430326	0.776099051542
4606	A	-0.612207367027	1.0	-1.67718200564	0.694869824646	1.30707719167	-0.972050773944	0.893888181694	1.86593895564
4607	T	-0.497484986134	1.0	-1.35724255235	0.687036906585	1.18452189272	-0.416395705919	0.862797861917	1.27919356784
4641	A	-0.480503706372	1.0	-1.30988491105	0.415057286312	0.895560992684	-0.374919962549	0.887502290267	1.26242225282
4642	C	-0.587861554724	1.0	-1.60928604831	0.570448219215	0.819076474146	-0.8008031469	0.253394148163	1.05419729506
4644	A	-0.46229022182	1.0	-1.25909087902	0.309357143141	0.561301534827	-0.498973426649	0.18879366912	0.687767095769
4645	A	-0.406093123462	1.0	-1.10236758941	0.252944629898	0.65903775336	-0.42560701699	0.429920617163	0.855527634153
4787	G	0.462697264155	1.0	1.32052774692	0.742619273712	0.279922009556	0.0651753351336	0.236113663164	0.17093832803
4788	A	0.416023593687	1.0	1.19036353226	0.686706449283	0.270682855596	1.04468731966	1.43946143945	0.394774119796
4789	G	0.591447722964	1.0	1.67958890901	0.754235465683	0.320555119378	0.138208126272	0.384544245232	0.24633611896
4794	G	0.360427832583	1.0	1.03531726078	0.744944132395	0.384516299811	0.38594254331	0.612414377246	0.226471833936
4795	G	0.856384584042	1.0	2.41844870106	1.33599595424	0.479611370202	0.464133256227	1.11896742405	0.654834167822
4796	A	0.680359951246	1.0	1.92754863131	1.30703055864	0.626670607394	1.71907795259	2.27660606144	0.557528108848
4797	A	0.42773235867	1.0	1.22301710725	1.2217263695	0.79399401083	-0.142131355078	0.525518190434	0.667649545512
4801	C	-0.898292723599	1.0	-2.47502103115	0.473928166528	1.0254593097	-0.949435976396	0.641705787901	1.5911417643
4802	C	-1.0001223539	1.0	-2.75900499307	0.58895004334	1.58907239724	-0.847149470802	0.306150545155	1.15330001596
4803	G	-1.02546554265	1.0	-2.82968244842	0.562572171059	1.06245487163	-1.2037816145	0.818993796964	2.02277541146
4822	A	-1.54546661734	1.0	-4.2798690489	0.522814438623	1.60109654067	-2.58675758813	0.581540141839	3.16829772997
4823	T	-1.19347146612	1.0	-3.29821982436	0.564284765969	1.75775623209	-0.504175646539	0.464088735407	0.968264381947
4824	G	-0.473662717522	1.0	-1.29080666132	0.478664467387	0.952327184909	-0.489481163684	0.647225420662	1.13670658435
4825	C	-0.458406253014	1.0	-1.24825921002	0.485952333377	0.944358586391	-0.427331342343	0.324679246092	0.752010588435
4969	G	-0.379278761688	1.0	-1.02758730522	0.0749149057292	0.391980006034	-0.554957352114	0.065940567106	0.62089791922
4970	G	-0.379278761688	1.0	-1.02758730522	0.0749149057292	0.316322593577	-0.203600171262	0.0838892443524	0.287489415614
4973	T	-1.03445291325	1.0	-2.85474655897	0.322187028768	0.752226495517	-1.03445291325	0.322187028768	1.35663994202
4975	T	-0.433923156379	1.0	-1.17998039214	0.218444437919	0.651355418763	-0.547220484674	0.216209652806	0.76343013748
4976	C	-0.433923156379	1.0	-1.17998039214	0.218444437919	0.499303839834	-0.320625828085	0.220679223031	0.541305051116
4992	A	-0.758156622115	1.0	-2.08420742228	0.476860571129	1.23501719324	-0.907083304149	0.174137649387	1.08122095354
4993	T	-0.957524754628	1.0	-2.64020818537	0.505441813831	1.46296656846	-0.609229940081	0.779583492872	1.38881343295
4994	G	-0.656984917909	1.0	-1.80205829427	0.640299331323	1.29728424923	-1.35626101965	0.562604299235	1.91886531889
4995	G	-0.647064739546	1.0	-1.7743927558	0.785696876949	1.43276161649	-0.00546379399291	0.578710201863	0.584173995856
4996	C	-0.614787066387	1.0	-1.68437630894	0.922590714263	1.53737778065	-0.579469404991	1.21577612975	1.79524553474
4997	T	-0.737119946567	1.0	-2.02554003392	0.758353667407	1.49547361397	-1.25942800018	0.973285811176	2.23271381135
4998	G	-0.408827520445	1.0	-1.1099933157	0.78790640546	1.19673392591	-0.372462434531	0.0859990612983	0.458461495829
5012	C	-1.26372099987	1.0	-3.49413275125	0.395355747525	1.65907674739	-0.778476382208	0.204916261512	0.98339264372
5013	C	-1.26372099987	1.0	-3.49413275125	0.395355747525	1.46513938996	-1.74896561752	0.585795233537	2.33476085106
5015	T	-1.19820288406	1.0	-3.31141487189	0.407780417881	1.42974375966	-1.09358997083	0.00278276274014	1.09637273357
5016	T	-0.937781815411	1.0	-2.5851487878	0.427012733369	1.36479454878	-1.30281579728	0.812778073022	2.11559387031
5017	G	-0.379034917279	1.0	-1.02690726837	0.828760507183	1.20779542446	-0.416939678118	0.465477364345	0.882417042463
5045	G	-0.624063230348	1.0	-1.71024581062	0.287024261552	0.725999067004	-0.517279884516	0.0285742928631	0.545854177379
5046	T	-0.524824871514	1.0	-1.43348842446	0.288801465327	0.813626336841	-0.73084657618	0.54547423024	1.27632080642
5047	G	-0.50811297968	1.0	-1.38688205615	0.553474906044	1.06158788572	-0.326348153845	0.292355872877	0.618704026722
5048	A	-0.483327361984	1.0	-1.31775956311	0.651382270925	1.13470963291	-0.467144209015	0.822594615015	1.28973882403
5049	A	-0.650032247879	1.0	-1.78266858643	0.773754259737	1.42378650762	-0.656489723092	0.839196324884	1.49568604798
5050	A	-0.689207953571	1.0	-1.89192236729	0.698121041059	1.38732899463	-0.826462811529	0.659471839313	1.48593465084
5051	A	-0.753138816477	1.0	-2.07021369255	0.486406338905	1.23954515538	-0.584671326091	0.59569495898	1.18036628507
5052	T	-0.716476818951	1.0	-1.96797017778	0.3998735887	1.11635040765	-0.84828231181	0.20405221842	1.05233453023
5064	A	-0.399438811857	1.0	-1.08380994791	0.265717845839	0.665156657696	-0.336739462539	0.3094560626	0.646195525139
5065	A	-0.63460643587	1.0	-1.73964885635	0.20968441451	0.84429085038	-0.691576884141	0.14859838123	0.840175265371
5066	T	-0.803578895272	1.0	-2.21088172182	0.171092514513	0.974671409785	-0.875502960931	0.1709987997	1.04650176063
5067	A	-0.742311229267	1.0	-2.04001755902	0.152611120733	0.894922349999	-0.843656840743	0.193680362609	1.03733720335
5068	G	-0.675715363434	1.0	-1.85429403463	0.143417281249	0.819132644684	-0.507773886126	0.09315419989	0.600928086016
5213	G	0.447727943993	1.0	1.27878108797	0.882224574501	0.434496630508	-0.164641464195	0.014139933621	0.178781397816
5214	G	1.22893320786	1.0	3.45741775053	1.82223651617	0.59330330831	1.70715392055	2.39773406023	0.690580139671
5215	C	1.92572054389	1.0	5.40062846158	2.72628480745	0.613177032572	2.14428716723	3.05483555467	0.910548387443
5222	C	-0.830189393359	1.0	-2.28509346798	0.0204645461007	0.576567609839	-1.05032928353	0.0360982928441	1.08642757637
5223	A	-0.725094780326	1.0	-1.99200407447	0.0215011150308	0.746595895357	-0.610049503194	0.00483079935735	0.614880302551
5224	G	-0.565053416541	1.0	-1.54567837905	0.125191634637	0.690245051179	-0.514905554259	0.0235742528909	0.53847980715
5225	A	-0.542555373215	1.0	-1.48293550685	0.185372052277	0.618065752378	-0.57020519217	0.347169851664	0.917375043834
5606	G	0.70421516601	1.0	1.99407640305	1.45862604602	0.754410880009	0.445084941661	0.912571012183	0.467486070522
5607	A	0.744177079347	1.0	2.10552277128	1.59977837961	0.855601300267	1.41488116807	2.65595007613	1.24106890806
5608	A	0.660083021884	1.0	1.87100003422	1.67613197377	1.01604895188	0.372565128315	1.23081405053	0.858248922215
5636	G	0.484776281246	1.0	1.38210203261	1.22156473321	0.736788451963	0.363910756178	1.08459128613	0.720680529952
5637	A	0.68587906774	1.0	1.94294042409	1.77040880356	1.08452973582	1.0802484211	2.38705078257	1.30680236147
5638	A	0.604364817731	1.0	1.71561229177	1.56466983177	0.960305014043	0.613478025943	1.83958434197	1.22610631603
5868	T	-0.734398295265	1.0	-2.01794985297	0.918260637148	1.65265893241	-0.18539597046	0.527667883166	0.713063853626
5869	G	-0.997809229833	1.0	-2.75255411885	0.98045516772	1.97826439755	-2.25688118824	1.5915905569	3.84847174514
5870	G	-0.941914631477	1.0	-2.59667444568	0.861598571858	1.80351320333	-0.551150530802	0.822107063092	1.37325759389
6152	G	0.352638922409	1.0	1.01359543419	0.81615838115	0.463519458741	0.155245134774	0.582981867996	0.427736733221
6153	A	0.379081996713	1.0	1.08734026646	0.943514263416	0.564432266703	0.864093498213	1.59915242218	0.73505892397
6154	A	0.365283810102	1.0	1.04885968188	0.924003969525	0.558720159423	0.117907357151	0.64840850007	0.530501142919
6241	G	0.744886065736	1.0	2.10750000289	0.899800083445	0.154914017709	0.0985224528323	0.193542009487	0.0950195566544
6242	A	0.50389997839	1.0	1.43543447883	0.637319590382	0.133419611992	1.39124967864	1.6060581574	0.214808478764
6243	T	0.577377502895	1.0	1.64034967355	0.841190601147	0.263813098252	0.0219278036988	0.112358604257	0.0904308005579
6245	A	0.365593026495	1.0	1.04972202908	0.962970333983	0.597377307488	0.472672729482	0.87713473086	0.404462001378
6404	T	-0.614375220043	1.0	-1.68322774583	0.176476959336	0.790852179379	-0.64209189953	0.30942332051	0.95151522004
6405	C	-0.614375220043	1.0	-1.68322774583	0.176476959336	0.691761402314	-0.586658540556	0.0435305981625	0.630189138718
6408	T	-0.492028670973	1.0	-1.34202590085	0.902355676714	0.97213204364	-0.655661400101	0.891641271638	1.54730267174
6409	G	-0.373650088384	1.0	-1.01188997881	0.689001456551	1.06265154494	-0.328395941845	0.913070081789	1.24146602363
6436	T	-0.715686727242	1.0	-1.96576675847	1.15351738975	1.86920411699	-0.512779246098	1.08505267898	1.59783192508
6437	A	-0.800273998885	1.0	-2.20166497845	1.34229687359	2.14257087247	-1.19988883689	1.24992944684	2.44981828373
6438	A	-0.780954317482	1.0	-2.14778596846	1.16705549177	1.94800980925	-0.688153913664	1.69190849494	2.38006240861
6466	A	-0.497199595131	1.0	-1.35644664975	0.629769697711	0.991296004395	-1.10418829394	0.0581666990333	1.16235499297
6467	G	-0.421118267257	1.0	-1.14426993012	0.561431388292	0.982549655549	0.109789103677	1.20137269639	1.09158359271
6469	A	-0.396352193774	1.0	-1.07520194226	0.217897815916	0.61425000969	-0.434573758484	0.0242703011485	0.458844059633
