DB 0 MOTIF	UCUAWUUCUU	MEME-1
 -11.0	0
 -10.0	0
  -9.0	0
  -8.0	1
  -7.0	1
  -6.0	0
  -5.0	0
  -4.0	1
  -3.0	0
  -2.0	0
  -1.0	4
   0.0	1
   1.0	11
   2.0	4
   3.0	0
   4.0	1
   5.0	1
   6.0	0
   7.0	2
   8.0	5
   9.0	0
  10.0	5
  11.0	6
DB 0 MOTIF	UCUUCCUUGC	MEME-2
 -11.0	0
 -10.0	1
  -9.0	4
  -8.0	5
  -7.0	5
  -6.0	1
  -5.0	1
  -4.0	1
  -3.0	0
  -2.0	1
  -1.0	0
   0.0	0
   1.0	1
   2.0	1
   3.0	1
   4.0	0
   5.0	0
   6.0	0
   7.0	7
   8.0	4
   9.0	0
  10.0	1
  11.0	0
DB 0 MOTIF	UYWGUGUG	MEME-3
 -12.0	0.5
 -11.0	2
 -10.0	1
  -9.0	0
  -8.0	3
  -7.0	2
  -6.0	1
  -5.0	0
  -4.0	2
  -3.0	0
  -2.0	0
  -1.0	2
   0.0	0
   1.0	2
   2.0	7
   3.0	0
   4.0	2
   5.0	1
   6.0	0
   7.0	1
   8.0	1
   9.0	0
  10.0	0
  11.0	0.5
  12.0	1
DB 0 MOTIF	AAHUUCCARG	MEME-12
 -11.0	1
 -10.0	0
  -9.0	1
  -8.0	0
  -7.0	0
  -6.0	1
  -5.0	1
  -4.0	0
  -3.0	0
  -2.0	0
  -1.0	3
   0.0	0
   1.0	3
   2.0	1
   3.0	1
   4.0	3
   5.0	1
   6.0	0
   7.0	1
   8.0	0
   9.0	0
  10.0	0
  11.0	1
